0.100000 0.000100
0.200000 0.000191
0.300000 0.000279
0.400000 0.000365
0.500000 0.000448
0.600000 0.000530
0.700000 0.000610
0.800000 0.000688
0.900000 0.000766
1.000000 0.000841
1.100000 0.000916
1.200000 0.000990
1.300000 0.001063
1.400000 0.001134
1.500000 0.001205
1.600000 0.001275
1.700000 0.001344
1.800000 0.001412
1.900000 0.001479
2.000000 0.001546
2.100000 0.001612
2.200000 0.001677
2.300000 0.001741
2.400000 0.001805
2.500000 0.001868
2.600000 0.001931
2.700000 0.001992
2.799999 0.002054
2.899999 0.002114
2.999999 0.002174
3.099999 0.002234
3.199999 0.002293
3.299999 0.002351
3.399999 0.002409
3.499999 0.002466
3.599999 0.002523
3.699999 0.002580
3.799999 0.002635
3.899998 0.002691
3.999998 0.002746
4.099998 0.002800
4.199998 0.002854
4.299998 0.002908
4.399998 0.002961
4.499998 0.003014
4.599998 0.003066
4.699998 0.003118
4.799998 0.003169
4.899998 0.003221
4.999998 0.003271
5.099998 0.003322
5.199997 0.003371
5.299997 0.003421
5.399997 0.003470
5.499997 0.003519
5.599997 0.003567
5.699997 0.003616
5.799997 0.003663
5.899997 0.003711
5.999997 0.003758
6.099997 0.003805
6.199996 0.003851
6.299996 0.003897
6.399996 0.003943
6.499996 0.003988
6.599996 0.004033
6.699996 0.004078
6.799996 0.004123
6.899996 0.004167
6.999996 0.004211
7.099996 0.004254
7.199996 0.004298
7.299995 0.004341
7.399995 0.004384
7.499995 0.004426
7.599995 0.004468
7.699995 0.004510
7.799995 0.004552
7.899995 0.004593
7.999995 0.004634
8.099995 0.004675
8.199995 0.004716
8.299995 0.004756
8.399996 0.004796
8.499996 0.004836
8.599997 0.004876
8.699997 0.004915
8.799997 0.004954
8.899998 0.004993
8.999998 0.005031
9.099998 0.005070
9.199999 0.005108
9.299999 0.005146
9.400000 0.005184
9.500000 0.005221
9.600000 0.005258
9.700001 0.005295
9.800001 0.005332
9.900002 0.005369
10.000002 0.005405
10.100002 0.005441
10.200003 0.005477
10.300003 0.005513
10.400003 0.005548
10.500004 0.005583
10.600004 0.005618
10.700005 0.005653
10.800005 0.005688
10.900005 0.005723
11.000006 0.005757
11.100006 0.005791
11.200006 0.005825
11.300007 0.005858
11.400007 0.005892
11.500008 0.005925
11.600008 0.005958
11.700008 0.005991
11.800009 0.006024
11.900009 0.006057
12.000010 0.006089
12.100010 0.006121
12.200010 0.006153
12.300011 0.006185
12.400011 0.006217
12.500011 0.006248
12.600012 0.006280
12.700012 0.006311
12.800013 0.006342
12.900013 0.006373
13.000013 0.006403
13.100014 0.006434
13.200014 0.006464
13.300014 0.006494
13.400015 0.006524
13.500015 0.006554
13.600016 0.006584
13.700016 0.006613
13.800016 0.006642
13.900017 0.006672
14.000017 0.006701
14.100018 0.006730
14.200018 0.006758
14.300018 0.006787
14.400019 0.006815
14.500019 0.006844
14.600019 0.006872
14.700020 0.006900
14.800020 0.006927
14.900021 0.006955
15.000021 0.006983
15.100021 0.007010
15.200022 0.007037
15.300022 0.007064
15.400023 0.007091
15.500023 0.007118
15.600023 0.007145
15.700024 0.007171
15.800024 0.007198
15.900024 0.007224
16.000025 0.007250
16.100025 0.007276
16.200026 0.007302
16.300026 0.007328
16.400026 0.007354
16.500027 0.007379
16.600027 0.007405
16.700027 0.007430
16.800028 0.007455
16.900028 0.007480
17.000029 0.007505
17.100029 0.007529
17.200029 0.007554
17.300030 0.007579
17.400030 0.007603
17.500031 0.007627
17.600031 0.007651
17.700031 0.007675
17.800032 0.007699
17.900032 0.007723
18.000032 0.007747
18.100033 0.007770
18.200033 0.007793
18.300034 0.007817
18.400034 0.007840
18.500034 0.007863
18.600035 0.007886
18.700035 0.007909
18.800035 0.007932
18.900036 0.007954
19.000036 0.007977
19.100037 0.007999
19.200037 0.008021
19.300037 0.008044
19.400038 0.008066
19.500038 0.008088
19.600039 0.008110
19.700039 0.008131
19.800039 0.008153
19.900040 0.008174
20.000040 0.008196
20.100040 0.008217
20.200041 0.008238
20.300041 0.008260
20.400042 0.008281
20.500042 0.008302
20.600042 0.008322
20.700043 0.008343
20.800043 0.008364
20.900043 0.008384
21.000044 0.008405
21.100044 0.008425
21.200045 0.008445
21.300045 0.008466
21.400045 0.008486
21.500046 0.008506
21.600046 0.008525
21.700047 0.008545
21.800047 0.008565
21.900047 0.008585
22.000048 0.008604
22.100048 0.008623
22.200048 0.008643
22.300049 0.008662
22.400049 0.008681
22.500050 0.008700
22.600050 0.008719
22.700050 0.008738
22.800051 0.008757
22.900051 0.008775
23.000051 0.008794
23.100052 0.008813
23.200052 0.008831
23.300053 0.008849
23.400053 0.008868
23.500053 0.008886
23.600054 0.008904
23.700054 0.008922
23.800055 0.008940
23.900055 0.008958
24.000055 0.008976
24.100056 0.008993
24.200056 0.009011
24.300056 0.009028
24.400057 0.009046
24.500057 0.009063
24.600058 0.009080
24.700058 0.009098
24.800058 0.009115
24.900059 0.009132
25.000059 0.009149
25.100060 0.009166
25.200060 0.009183
25.300060 0.009199
25.400061 0.009216
25.500061 0.009233
25.600061 0.009249
25.700062 0.009265
25.800062 0.009282
25.900063 0.009298
26.000063 0.009314
26.100063 0.009330
26.200064 0.009347
26.300064 0.009363
26.400064 0.009379
26.500065 0.009394
26.600065 0.009410
26.700066 0.009426
26.800066 0.009442
26.900066 0.009457
27.000067 0.009473
27.100067 0.009488
27.200068 0.009503
27.300068 0.009519
27.400068 0.009534
27.500069 0.009549
27.600069 0.009564
27.700069 0.009579
27.800070 0.009594
27.900070 0.009609
28.000071 0.009624
28.100071 0.009639
28.200071 0.009653
28.300072 0.009668
28.400072 0.009683
28.500072 0.009697
28.600073 0.009712
28.700073 0.009726
28.800074 0.009740
28.900074 0.009754
29.000074 0.009769
29.100075 0.009783
29.200075 0.009797
29.300076 0.009811
29.400076 0.009825
29.500076 0.009839
29.600077 0.009853
29.700077 0.009866
29.800077 0.009880
29.900078 0.009894
30.000078 0.009907
30.100079 0.009921
30.200079 0.009934
30.300079 0.009948
30.400080 0.009961
30.500080 0.009974
30.600080 0.009987
30.700081 0.010001
30.800081 0.010014
30.900082 0.010027
31.000082 0.010040
31.100082 0.010053
31.200083 0.010066
31.300083 0.010078
31.400084 0.010091
31.500084 0.010104
31.600084 0.010117
31.700085 0.010129
31.800085 0.010142
31.900085 0.010154
32.000084 0.010167
32.100082 0.010179
32.200081 0.010191
32.300079 0.010204
32.400078 0.010216
32.500076 0.010228
32.600075 0.010240
32.700073 0.010252
32.800072 0.010264
32.900070 0.010276
33.000069 0.010288
33.100067 0.010300
33.200066 0.010312
33.300064 0.010324
33.400063 0.010335
33.500061 0.010347
33.600060 0.010359
33.700058 0.010370
33.800056 0.010382
33.900055 0.010393
34.000053 0.010405
34.100052 0.010416
34.200050 0.010427
34.300049 0.010439
34.400047 0.010450
34.500046 0.010461
34.600044 0.010472
34.700043 0.010483
34.800041 0.010494
34.900040 0.010505
35.000038 0.010516
35.100037 0.010527
35.200035 0.010538
35.300034 0.010549
35.400032 0.010560
35.500031 0.010570
35.600029 0.010581
35.700027 0.010592
35.800026 0.010602
35.900024 0.010613
36.000023 0.010623
36.100021 0.010634
36.200020 0.010644
36.300018 0.010655
36.400017 0.010665
36.500015 0.010675
36.600014 0.010685
36.700012 0.010696
36.800011 0.010706
36.900009 0.010716
37.000008 0.010726
37.100006 0.010736
37.200005 0.010746
37.300003 0.010756
37.400002 0.010766
37.500000 0.010776
37.599998 0.010785
37.699997 0.010795
37.799995 0.010805
37.899994 0.010815
37.999992 0.010824
38.099991 0.010834
38.199989 0.010843
38.299988 0.010853
38.399986 0.010862
38.499985 0.010872
38.599983 0.010881
38.699982 0.010891
38.799980 0.010900
38.899979 0.010909
38.999977 0.010918
39.099976 0.010928
39.199974 0.010937
39.299973 0.010946
39.399971 0.010955
39.499969 0.010964
39.599968 0.010973
39.699966 0.010982
39.799965 0.010991
39.899963 0.011000
39.999962 0.011009
40.099960 0.011018
40.199959 0.011027
40.299957 0.011035
40.399956 0.011044
40.499954 0.011053
40.599953 0.011061
40.699951 0.011070
40.799950 0.011079
40.899948 0.011087
40.999947 0.011096
41.099945 0.011104
41.199944 0.011113
41.299942 0.011121
41.399940 0.011129
41.499939 0.011138
41.599937 0.011146
41.699936 0.011154
41.799934 0.011163
41.899933 0.011171
41.999931 0.011179
42.099930 0.011187
42.199928 0.011195
42.299927 0.011203
42.399925 0.011211
42.499924 0.011219
42.599922 0.011227
42.699921 0.011235
42.799919 0.011243
42.899918 0.011251
42.999916 0.011259
43.099915 0.011267
43.199913 0.011274
43.299911 0.011282
43.399910 0.011290
43.499908 0.011298
43.599907 0.011305
43.699905 0.011313
43.799904 0.011320
43.899902 0.011328
43.999901 0.011335
44.099899 0.011343
44.199898 0.011350
44.299896 0.011358
44.399895 0.011365
44.499893 0.011373
44.599892 0.011380
44.699890 0.011387
44.799889 0.011395
44.899887 0.011402
44.999886 0.011409
45.099884 0.011416
45.199883 0.011423
45.299881 0.011431
45.399879 0.011438
45.499878 0.011445
45.599876 0.011452
45.699875 0.011459
45.799873 0.011466
45.899872 0.011473
45.999870 0.011480
46.099869 0.011487
46.199867 0.011494
46.299866 0.011500
46.399864 0.011507
46.499863 0.011514
46.599861 0.011521
46.699860 0.011528
46.799858 0.011534
46.899857 0.011541
46.999855 0.011548
47.099854 0.011554
47.199852 0.011561
47.299850 0.011567
47.399849 0.011574
47.499847 0.011581
47.599846 0.011587
47.699844 0.011594
47.799843 0.011600
47.899841 0.011606
47.999840 0.011613
48.099838 0.011619
48.199837 0.011625
48.299835 0.011632
48.399834 0.011638
48.499832 0.011644
48.599831 0.011651
48.699829 0.011657
48.799828 0.011663
48.899826 0.011669
48.999825 0.011675
49.099823 0.011681
49.199821 0.011688
49.299820 0.011694
49.399818 0.011700
49.499817 0.011706
49.599815 0.011712
49.699814 0.011718
49.799812 0.011724
49.899811 0.011730
49.999809 0.011735
50.099808 0.011741
50.199806 0.011747
50.299805 0.011753
50.399803 0.011759
50.499802 0.011765
50.599800 0.011770
50.699799 0.011776
50.799797 0.011782
50.899796 0.011788
50.999794 0.011793
51.099792 0.011799
51.199791 0.011804
51.299789 0.011810
51.399788 0.011816
51.499786 0.011821
51.599785 0.011827
51.699783 0.011832
51.799782 0.011838
51.899780 0.011843
51.999779 0.011849
52.099777 0.011854
52.199776 0.011859
52.299774 0.011865
52.399773 0.011870
52.499771 0.011876
52.599770 0.011881
52.699768 0.011886
52.799767 0.011891
52.899765 0.011897
52.999763 0.011902
53.099762 0.011907
53.199760 0.011912
53.299759 0.011918
53.399757 0.011923
53.499756 0.011928
53.599754 0.011933
53.699753 0.011938
53.799751 0.011943
53.899750 0.011948
53.999748 0.011953
54.099747 0.011958
54.199745 0.011963
54.299744 0.011968
54.399742 0.011973
54.499741 0.011978
54.599739 0.011983
54.699738 0.011988
54.799736 0.011993
54.899734 0.011998
54.999733 0.012002
55.099731 0.012007
55.199730 0.012012
55.299728 0.012017
55.399727 0.012022
55.499725 0.012026
55.599724 0.012031
55.699722 0.012036
55.799721 0.012040
55.899719 0.012045
55.999718 0.012050
56.099716 0.012054
56.199715 0.012059
56.299713 0.012064
56.399712 0.012068
56.499710 0.012073
56.599709 0.012077
56.699707 0.012082
56.799706 0.012086
56.899704 0.012091
56.999702 0.012095
57.099701 0.012100
57.199699 0.012104
57.299698 0.012108
57.399696 0.012113
57.499695 0.012117
57.599693 0.012122
57.699692 0.012126
57.799690 0.012130
57.899689 0.012135
57.999687 0.012139
58.099686 0.012143
58.199684 0.012147
58.299683 0.012152
58.399681 0.012156
58.499680 0.012160
58.599678 0.012164
58.699677 0.012168
58.799675 0.012173
58.899673 0.012177
58.999672 0.012181
59.099670 0.012185
59.199669 0.012189
59.299667 0.012193
59.399666 0.012197
59.499664 0.012201
59.599663 0.012205
59.699661 0.012209
59.799660 0.012213
59.899658 0.012217
59.999657 0.012221
60.099655 0.012225
60.199654 0.012229
60.299652 0.012233
60.399651 0.012237
60.499649 0.012241
60.599648 0.012245
60.699646 0.012249
60.799644 0.012252
60.899643 0.012256
60.999641 0.012260
61.099640 0.012264
61.199638 0.012268
61.299637 0.012271
61.399635 0.012275
61.499634 0.012279
61.599632 0.012283
61.699631 0.012286
61.799629 0.012290
61.899628 0.012294
61.999626 0.012297
62.099625 0.012301
62.199623 0.012305
62.299622 0.012308
62.399620 0.012312
62.499619 0.012315
62.599617 0.012319
62.699615 0.012323
62.799614 0.012326
62.899612 0.012330
62.999611 0.012333
63.099609 0.012337
63.199608 0.012340
63.299606 0.012344
63.399605 0.012347
63.499603 0.012351
63.599602 0.012354
63.699600 0.012358
63.799599 0.012361
63.899597 0.012364
63.999596 0.012368
64.099594 0.012371
64.199593 0.012374
64.299591 0.012378
64.399590 0.012381
64.499588 0.012384
64.599586 0.012388
64.699585 0.012391
64.799583 0.012394
64.899582 0.012398
64.999580 0.012401
65.099579 0.012404
65.199577 0.012407
65.299576 0.012411
65.399574 0.012414
65.499573 0.012417
65.599571 0.012420
65.699570 0.012423
65.799568 0.012427
65.899567 0.012430
65.999565 0.012433
66.099564 0.012436
66.199562 0.012439
66.299561 0.012442
66.399559 0.012445
66.499557 0.012448
66.599556 0.012451
66.699554 0.012454
66.799553 0.012457
66.899551 0.012460
66.999550 0.012463
67.099548 0.012466
67.199547 0.012469
67.299545 0.012472
67.399544 0.012475
67.499542 0.012478
67.599541 0.012481
67.699539 0.012484
67.799538 0.012487
67.899536 0.012490
67.999535 0.012493
68.099533 0.012496
68.199532 0.012499
68.299530 0.012502
68.399529 0.012504
68.499527 0.012507
68.599525 0.012510
68.699524 0.012513
68.799522 0.012516
68.899521 0.012519
68.999519 0.012521
69.099518 0.012524
69.199516 0.012527
69.299515 0.012530
69.399513 0.012532
69.499512 0.012535
69.599510 0.012538
69.699509 0.012541
69.799507 0.012543
69.899506 0.012546
69.999504 0.012549
70.099503 0.012551
70.199501 0.012554
70.299500 0.012557
70.399498 0.012559
70.499496 0.012562
70.599495 0.012565
70.699493 0.012567
70.799492 0.012570
70.899490 0.012572
70.999489 0.012575
71.099487 0.012578
71.199486 0.012580
71.299484 0.012583
71.399483 0.012585
71.499481 0.012588
71.599480 0.012590
71.699478 0.012593
71.799477 0.012595
71.899475 0.012598
71.999474 0.012600
72.099472 0.012603
72.199471 0.012605
72.299469 0.012608
72.399467 0.012610
72.499466 0.012612
72.599464 0.012615
72.699463 0.012617
72.799461 0.012620
72.899460 0.012622
72.999458 0.012625
73.099457 0.012627
73.199455 0.012629
73.299454 0.012632
73.399452 0.012634
73.499451 0.012636
73.599449 0.012639
73.699448 0.012641
73.799446 0.012643
73.899445 0.012646
73.999443 0.012648
74.099442 0.012650
74.199440 0.012652
74.299438 0.012655
74.399437 0.012657
74.499435 0.012659
74.599434 0.012661
74.699432 0.012664
74.799431 0.012666
74.899429 0.012668
74.999428 0.012670
75.099426 0.012673
75.199425 0.012675
75.299423 0.012677
75.399422 0.012679
75.499420 0.012681
75.599419 0.012683
75.699417 0.012686
75.799416 0.012688
75.899414 0.012690
75.999413 0.012692
76.099411 0.012694
76.199409 0.012696
76.299408 0.012698
76.399406 0.012700
76.499405 0.012703
76.599403 0.012705
76.699402 0.012707
76.799400 0.012709
76.899399 0.012711
76.999397 0.012713
77.099396 0.012715
77.199394 0.012717
77.299393 0.012719
77.399391 0.012721
77.499390 0.012723
77.599388 0.012725
77.699387 0.012727
77.799385 0.012729
77.899384 0.012731
77.999382 0.012733
78.099380 0.012735
78.199379 0.012737
78.299377 0.012739
78.399376 0.012741
78.499374 0.012743
78.599373 0.012745
78.699371 0.012746
78.799370 0.012748
78.899368 0.012750
78.999367 0.012752
79.099365 0.012754
79.199364 0.012756
79.299362 0.012758
79.399361 0.012760
79.499359 0.012761
79.599358 0.012763
79.699356 0.012765
79.799355 0.012767
79.899353 0.012769
79.999352 0.012771
80.099350 0.012772
80.199348 0.012774
80.299347 0.012776
80.399345 0.012778
80.499344 0.012780
80.599342 0.012781
80.699341 0.012783
80.799339 0.012785
80.899338 0.012787
80.999336 0.012789
81.099335 0.012790
81.199333 0.012792
81.299332 0.012794
81.399330 0.012795
81.499329 0.012797
81.599327 0.012799
81.699326 0.012801
81.799324 0.012802
81.899323 0.012804
81.999321 0.012806
82.099319 0.012807
82.199318 0.012809
82.299316 0.012811
82.399315 0.012812
82.499313 0.012814
82.599312 0.012816
82.699310 0.012817
82.799309 0.012819
82.899307 0.012821
82.999306 0.012822
83.099304 0.012824
83.199303 0.012825
83.299301 0.012827
83.399300 0.012829
83.499298 0.012830
83.599297 0.012832
83.699295 0.012833
83.799294 0.012835
83.899292 0.012837
83.999290 0.012838
84.099289 0.012840
84.199287 0.012841
84.299286 0.012843
84.399284 0.012844
84.499283 0.012846
84.599281 0.012847
84.699280 0.012849
84.799278 0.012850
84.899277 0.012852
84.999275 0.012853
85.099274 0.012855
85.199272 0.012856
85.299271 0.012858
85.399269 0.012859
85.499268 0.012861
85.599266 0.012862
85.699265 0.012864
85.799263 0.012865
85.899261 0.012867
85.999260 0.012868
86.099258 0.012870
86.199257 0.012871
86.299255 0.012872
86.399254 0.012874
86.499252 0.012875
86.599251 0.012877
86.699249 0.012878
86.799248 0.012879
86.899246 0.012881
86.999245 0.012882
87.099243 0.012884
87.199242 0.012885
87.299240 0.012886
87.399239 0.012888
87.499237 0.012889
87.599236 0.012891
87.699234 0.012892
87.799232 0.012893
87.899231 0.012895
87.999229 0.012896
88.099228 0.012897
88.199226 0.012899
88.299225 0.012900
88.399223 0.012901
88.499222 0.012903
88.599220 0.012904
88.699219 0.012905
88.799217 0.012906
88.899216 0.012908
88.999214 0.012909
89.099213 0.012910
89.199211 0.012912
89.299210 0.012913
89.399208 0.012914
89.499207 0.012915
89.599205 0.012917
89.699203 0.012918
89.799202 0.012919
89.899200 0.012920
89.999199 0.012922
90.099197 0.012923
90.199196 0.012924
90.299194 0.012925
90.399193 0.012927
90.499191 0.012928
90.599190 0.012929
90.699188 0.012930
90.799187 0.012931
90.899185 0.012933
90.999184 0.012934
91.099182 0.012935
91.199181 0.012936
91.299179 0.012937
91.399178 0.012939
91.499176 0.012940
91.599174 0.012941
91.699173 0.012942
91.799171 0.012943
91.899170 0.012944
91.999168 0.012946
92.099167 0.012947
92.199165 0.012948
92.299164 0.012949
92.399162 0.012950
92.499161 0.012951
92.599159 0.012952
92.699158 0.012953
92.799156 0.012955
92.899155 0.012956
92.999153 0.012957
93.099152 0.012958
93.199150 0.012959
93.299149 0.012960
93.399147 0.012961
93.499146 0.012962
93.599144 0.012963
93.699142 0.012964
93.799141 0.012965
93.899139 0.012967
93.999138 0.012968
94.099136 0.012969
94.199135 0.012970
94.299133 0.012971
94.399132 0.012972
94.499130 0.012973
94.599129 0.012974
94.699127 0.012975
94.799126 0.012976
94.899124 0.012977
94.999123 0.012978
95.099121 0.012979
95.199120 0.012980
95.299118 0.012981
95.399117 0.012982
95.499115 0.012983
95.599113 0.012984
95.699112 0.012985
95.799110 0.012986
95.899109 0.012987
95.999107 0.012988
96.099106 0.012989
96.199104 0.012990
96.299103 0.012991
96.399101 0.012992
96.499100 0.012993
96.599098 0.012994
96.699097 0.012995
96.799095 0.012996
96.899094 0.012997
96.999092 0.012998
97.099091 0.012999
97.199089 0.013000
97.299088 0.013001
97.399086 0.013001
97.499084 0.013002
97.599083 0.013003
97.699081 0.013004
97.799080 0.013005
97.899078 0.013006
97.999077 0.013007
98.099075 0.013008
98.199074 0.013009
98.299072 0.013010
98.399071 0.013011
98.499069 0.013012
98.599068 0.013012
98.699066 0.013013
98.799065 0.013014
98.899063 0.013015
98.999062 0.013016
99.099060 0.013017
99.199059 0.013018
99.299057 0.013019
99.399055 0.013019
99.499054 0.013020
99.599052 0.013021
99.699051 0.013022
99.799049 0.013023
99.899048 0.013024
99.999046 0.013025
100.099045 0.013025
100.199043 0.013026
100.299042 0.013027
100.399040 0.013028
100.499039 0.013029
100.599037 0.013030
100.699036 0.013030
100.799034 0.013031
100.899033 0.013032
100.999031 0.013033
101.099030 0.013034
101.199028 0.013035
101.299026 0.013035
101.399025 0.013036
101.499023 0.013037
101.599022 0.013038
101.699020 0.013039
101.799019 0.013039
101.899017 0.013040
101.999016 0.013041
102.099014 0.013042
102.199013 0.013042
102.299011 0.013043
102.399010 0.013044
102.499008 0.013045
102.599007 0.013046
102.699005 0.013046
102.799004 0.013047
102.899002 0.013048
102.999001 0.013049
103.098999 0.013049
103.198997 0.013050
103.298996 0.013051
103.398994 0.013052
103.498993 0.013052
103.598991 0.013053
103.698990 0.013054
103.798988 0.013055
103.898987 0.013055
103.998985 0.013056
104.098984 0.013057
104.198982 0.013057
104.298981 0.013058
104.398979 0.013059
104.498978 0.013060
104.598976 0.013060
104.698975 0.013061
104.798973 0.013062
104.898972 0.013062
104.998970 0.013063
105.098969 0.013064
105.198967 0.013064
105.298965 0.013065
105.398964 0.013066
105.498962 0.013067
105.598961 0.013067
105.698959 0.013068
105.798958 0.013069
105.898956 0.013069
105.998955 0.013070
106.098953 0.013071
106.198952 0.013071
106.298950 0.013072
106.398949 0.013073
106.498947 0.013073
106.598946 0.013074
106.698944 0.013075
106.798943 0.013075
106.898941 0.013076
106.998940 0.013077
107.098938 0.013077
107.198936 0.013078
107.298935 0.013078
107.398933 0.013079
107.498932 0.013080
107.598930 0.013080
107.698929 0.013081
107.798927 0.013082
107.898926 0.013082
107.998924 0.013083
108.098923 0.013084
108.198921 0.013084
108.298920 0.013085
108.398918 0.013085
108.498917 0.013086
108.598915 0.013087
108.698914 0.013087
108.798912 0.013088
108.898911 0.013088
108.998909 0.013089
109.098907 0.013090
109.198906 0.013090
109.298904 0.013091
109.398903 0.013091
109.498901 0.013092
109.598900 0.013093
109.698898 0.013093
109.798897 0.013094
109.898895 0.013094
109.998894 0.013095
110.098892 0.013095
110.198891 0.013096
110.298889 0.013097
110.398888 0.013097
110.498886 0.013098
110.598885 0.013098
110.698883 0.013099
110.798882 0.013099
110.898880 0.013100
110.998878 0.013101
111.098877 0.013101
111.198875 0.013102
111.298874 0.013102
111.398872 0.013103
111.498871 0.013103
111.598869 0.013104
111.698868 0.013104
111.798866 0.013105
111.898865 0.013105
111.998863 0.013106
112.098862 0.013107
112.198860 0.013107
112.298859 0.013108
112.398857 0.013108
112.498856 0.013109
112.598854 0.013109
112.698853 0.013110
112.798851 0.013110
112.898849 0.013111
112.998848 0.013111
113.098846 0.013112
113.198845 0.013112
113.298843 0.013113
113.398842 0.013113
113.498840 0.013114
113.598839 0.013114
113.698837 0.013115
113.798836 0.013115
113.898834 0.013116
113.998833 0.013116
114.098831 0.013117
114.198830 0.013117
114.298828 0.013118
114.398827 0.013118
114.498825 0.013119
114.598824 0.013119
114.698822 0.013120
114.798820 0.013120
114.898819 0.013121
114.998817 0.013121
115.098816 0.013122
115.198814 0.013122
115.298813 0.013123
115.398811 0.013123
115.498810 0.013124
115.598808 0.013124
115.698807 0.013125
115.798805 0.013125
115.898804 0.013125
115.998802 0.013126
116.098801 0.013126
116.198799 0.013127
116.298798 0.013127
116.398796 0.013128
116.498795 0.013128
116.598793 0.013129
116.698792 0.013129
116.798790 0.013130
116.898788 0.013130
116.998787 0.013130
117.098785 0.013131
117.198784 0.013131
117.298782 0.013132
117.398781 0.013132
117.498779 0.013133
117.598778 0.013133
117.698776 0.013133
117.798775 0.013134
117.898773 0.013134
117.998772 0.013135
118.098770 0.013135
118.198769 0.013136
118.298767 0.013136
118.398766 0.013136
118.498764 0.013137
118.598763 0.013137
118.698761 0.013138
118.798759 0.013138
118.898758 0.013139
118.998756 0.013139
119.098755 0.013139
119.198753 0.013140
119.298752 0.013140
119.398750 0.013141
119.498749 0.013141
119.598747 0.013141
119.698746 0.013142
119.798744 0.013142
119.898743 0.013143
119.998741 0.013143
120.098740 0.013143
120.198738 0.013144
120.298737 0.013144
120.398735 0.013145
120.498734 0.013145
120.598732 0.013145
120.698730 0.013146
120.798729 0.013146
120.898727 0.013146
120.998726 0.013147
121.098724 0.013147
121.198723 0.013148
121.298721 0.013148
121.398720 0.013148
121.498718 0.013149
121.598717 0.013149
121.698715 0.013149
121.798714 0.013150
121.898712 0.013150
121.998711 0.013151
122.098709 0.013151
122.198708 0.013151
122.298706 0.013152
122.398705 0.013152
122.498703 0.013152
122.598701 0.013153
122.698700 0.013153
122.798698 0.013153
122.898697 0.013154
122.998695 0.013154
123.098694 0.013155
123.198692 0.013155
123.298691 0.013155
123.398689 0.013156
123.498688 0.013156
123.598686 0.013156
123.698685 0.013157
123.798683 0.013157
123.898682 0.013157
123.998680 0.013158
124.098679 0.013158
124.198677 0.013158
124.298676 0.013159
124.398674 0.013159
124.498672 0.013159
124.598671 0.013160
124.698669 0.013160
124.798668 0.013160
124.898666 0.013161
124.998665 0.013161
125.098663 0.013161
125.198662 0.013162
125.298660 0.013162
125.398659 0.013162
125.498657 0.013163
125.598656 0.013163
125.698654 0.013163
125.798653 0.013164
125.898651 0.013164
125.998650 0.013164
126.098648 0.013164
126.198647 0.013165
126.298645 0.013165
126.398643 0.013165
126.498642 0.013166
126.598640 0.013166
126.698639 0.013166
126.798637 0.013167
126.898636 0.013167
126.998634 0.013167
127.098633 0.013168
127.198631 0.013168
127.298630 0.013168
127.398628 0.013168
127.498627 0.013169
127.598625 0.013169
127.698624 0.013169
127.798622 0.013170
127.898621 0.013170
127.998619 0.013170
128.098618 0.013171
128.198624 0.013171
128.298630 0.013171
128.398636 0.013171
128.498642 0.013172
128.598648 0.013172
128.698654 0.013172
128.798660 0.013173
128.898666 0.013173
128.998672 0.013173
129.098679 0.013173
129.198685 0.013174
129.298691 0.013174
129.398697 0.013174
129.498703 0.013174
129.598709 0.013175
129.698715 0.013175
129.798721 0.013175
129.898727 0.013176
129.998734 0.013176
130.098740 0.013176
130.198746 0.013176
130.298752 0.013177
130.398758 0.013177
130.498764 0.013177
130.598770 0.013177
130.698776 0.013178
130.798782 0.013178
130.898788 0.013178
130.998795 0.013178
131.098801 0.013179
131.198807 0.013179
131.298813 0.013179
131.398819 0.013180
131.498825 0.013180
131.598831 0.013180
131.698837 0.013180
131.798843 0.013181
131.898849 0.013181
131.998856 0.013181
132.098862 0.013181
132.198868 0.013182
132.298874 0.013182
132.398880 0.013182
132.498886 0.013182
132.598892 0.013183
132.698898 0.013183
132.798904 0.013183
132.898911 0.013183
132.998917 0.013183
133.098923 0.013184
133.198929 0.013184
133.298935 0.013184
133.398941 0.013184
133.498947 0.013185
133.598953 0.013185
133.698959 0.013185
133.798965 0.013185
133.898972 0.013186
133.998978 0.013186
134.098984 0.013186
134.198990 0.013186
134.298996 0.013187
134.399002 0.013187
134.499008 0.013187
134.599014 0.013187
134.699020 0.013187
134.799026 0.013188
134.899033 0.013188
134.999039 0.013188
135.099045 0.013188
135.199051 0.013189
135.299057 0.013189
135.399063 0.013189
135.499069 0.013189
135.599075 0.013189
135.699081 0.013190
135.799088 0.013190
135.899094 0.013190
135.999100 0.013190
136.099106 0.013191
136.199112 0.013191
136.299118 0.013191
136.399124 0.013191
136.499130 0.013191
136.599136 0.013192
136.699142 0.013192
136.799149 0.013192
136.899155 0.013192
136.999161 0.013192
137.099167 0.013193
137.199173 0.013193
137.299179 0.013193
137.399185 0.013193
137.499191 0.013193
137.599197 0.013194
137.699203 0.013194
137.799210 0.013194
137.899216 0.013194
137.999222 0.013194
138.099228 0.013195
138.199234 0.013195
138.299240 0.013195
138.399246 0.013195
138.499252 0.013195
138.599258 0.013196
138.699265 0.013196
138.799271 0.013196
138.899277 0.013196
138.999283 0.013196
139.099289 0.013197
139.199295 0.013197
139.299301 0.013197
139.399307 0.013197
139.499313 0.013197
139.599319 0.013198
139.699326 0.013198
139.799332 0.013198
139.899338 0.013198
139.999344 0.013198
140.099350 0.013199
140.199356 0.013199
140.299362 0.013199
140.399368 0.013199
140.499374 0.013199
140.599380 0.013199
140.699387 0.013200
140.799393 0.013200
140.899399 0.013200
140.999405 0.013200
141.099411 0.013200
141.199417 0.013201
141.299423 0.013201
141.399429 0.013201
141.499435 0.013201
141.599442 0.013201
141.699448 0.013201
141.799454 0.013202
141.899460 0.013202
141.999466 0.013202
142.099472 0.013202
142.199478 0.013202
142.299484 0.013202
142.399490 0.013203
142.499496 0.013203
142.599503 0.013203
142.699509 0.013203
142.799515 0.013203
142.899521 0.013203
142.999527 0.013204
143.099533 0.013204
143.199539 0.013204
143.299545 0.013204
143.399551 0.013204
143.499557 0.013204
143.599564 0.013205
143.699570 0.013205
143.799576 0.013205
143.899582 0.013205
143.999588 0.013205
144.099594 0.013205
144.199600 0.013206
144.299606 0.013206
144.399612 0.013206
144.499619 0.013206
144.599625 0.013206
144.699631 0.013206
144.799637 0.013206
144.899643 0.013207
144.999649 0.013207
145.099655 0.013207
145.199661 0.013207
145.299667 0.013207
145.399673 0.013207
145.499680 0.013208
145.599686 0.013208
145.699692 0.013208
145.799698 0.013208
145.899704 0.013208
145.999710 0.013208
146.099716 0.013208
146.199722 0.013209
146.299728 0.013209
146.399734 0.013209
146.499741 0.013209
146.599747 0.013209
146.699753 0.013209
146.799759 0.013209
146.899765 0.013210
146.999771 0.013210
147.099777 0.013210
147.199783 0.013210
147.299789 0.013210
147.399796 0.013210
147.499802 0.013210
147.599808 0.013211
147.699814 0.013211
147.799820 0.013211
147.899826 0.013211
147.999832 0.013211
148.099838 0.013211
148.199844 0.013211
148.299850 0.013212
148.399857 0.013212
148.499863 0.013212
148.599869 0.013212
148.699875 0.013212
148.799881 0.013212
148.899887 0.013212
148.999893 0.013212
149.099899 0.013213
149.199905 0.013213
149.299911 0.013213
149.399918 0.013213
149.499924 0.013213
149.599930 0.013213
149.699936 0.013213
149.799942 0.013213
149.899948 0.013214
149.999954 0.013214
150.099960 0.013214
