0.00
0.02
0.04
0.06
0.08
0.10
0.12
0.14
0.15
0.17
0.19
0.21
0.23
0.24
0.26
0.28
0.30
0.31
0.33
0.35
0.36
0.38
0.39
0.41
0.42
0.44
0.45
0.47
0.48
0.50
0.51
0.53
0.54
0.55
0.57
0.58
0.59
0.61
0.62
0.63
0.64
0.66
0.67
0.68
0.69
0.70
0.71
0.72
0.73
0.74
0.75
0.76
0.77
0.78
0.79
0.80
0.81
0.82
0.83
0.84
0.84
0.85
0.86
0.87
0.87
0.88
0.89
0.90
0.90
0.91
0.91
0.92
0.93
0.93
0.94
0.94
0.95
0.95
0.96
0.96
0.96
0.97
0.97
0.98
0.98
0.98
0.99
0.99
0.99
0.99
0.99
1.00
1.00
1.00
1.00
1.00
1.00
1.00
1.00
1.00
1.00
0.99
0.97
0.95
0.93
0.91
0.89
0.87
0.85
0.83
0.81
0.80
0.78
0.76
0.74
0.73
0.71
0.69
0.68
0.66
0.64
0.63
0.61
0.60
0.58
0.57
0.55
0.54
0.52
0.51
0.49
0.48
0.46
0.45
0.44
0.42
0.41
0.40
0.39
0.37
0.36
0.35
0.34
0.33
0.32
0.30
0.29
0.28
0.27
0.26
0.25
0.24
0.23
0.22
0.21
0.20
0.19
0.19
0.18
0.17
0.16
0.15
0.15
0.14
0.13
0.12
0.12
0.11
0.10
0.10
0.09
0.08
0.08
0.07
0.07
0.06
0.06
0.05
0.05
0.04
0.04
0.04
0.03
0.03
0.03
0.02
0.02
0.02
0.01
0.01
0.01
0.01
0.01
0.00
0.00
0.00
0.00
0.00
0.00
0.00
0.00
0.00
0.00
0.00
0.00
0.00
0.00
0.00
0.01
0.01
0.01
0.01
0.01
0.02
0.02
0.02
0.03
0.03
0.03
0.04
0.04
0.04
0.05
0.05
0.06
0.06
0.07
0.07
0.08
0.08
0.09
0.10
0.10
0.11
0.12
0.12
0.13
0.14
0.15
0.15
0.16
0.17
0.18
0.19
0.19
0.20
0.21
0.22
0.23
0.24
0.25
0.26
0.27
0.28
0.29
0.30
0.32
0.33
0.34
0.35
0.36
0.37
0.39
0.40
0.41
0.42
0.44
0.45
0.46
0.48
0.49
0.51
0.52
0.54
0.55
0.57
0.58
0.60
0.61
0.63
0.64
0.66
0.68
0.69
0.71
0.73
0.74
0.76
0.78
0.80
0.81
0.83
0.85
0.87
0.89
0.91
0.93
0.95
0.97
0.98
1.00
1.03
1.05
1.07
1.09
1.11
1.13
1.15
1.17
1.19
1.22
1.24
1.26
1.28
1.31
1.33
1.35
1.38
1.40
1.42
1.45
1.47
1.50
1.52
1.55
1.57
1.60
1.62
1.65
1.67
1.70
1.72
1.75
1.78
1.80
1.83
1.86
1.89
1.91
1.94
1.97
2.00
2.03
2.06
2.08
2.11
2.14
2.17
2.20
2.23
2.26
2.29
2.32
2.35
2.38
2.41
2.45
2.48
2.51
2.54
2.57
2.61
2.64
2.67
2.70
2.74
2.77
2.80
2.84
2.87
2.90
2.94
2.97
3.01
3.04
3.08
3.11
3.15
3.18
3.22
3.26
3.29
3.33
3.37
3.40
3.44
3.48
3.51
3.55
3.59
3.63
3.67
3.70
3.74
3.78
3.82
3.86
3.90
3.94
3.98
4.02
