0.000000
0.000000
0.000001
0.000002
0.000005
0.000010
0.000018
0.000028
0.000042
0.000060
0.000083
0.000110
0.000143
0.000182
0.000228
0.000280
0.000340
0.000408
0.000485
0.000570
0.000665
0.000770
0.000886
0.001012
0.001150
0.001300
0.001463
0.001638
0.001827
0.002030
0.002248
0.002480
0.002728
0.002992
0.003273
0.003570
0.003885
0.004218
0.004570
0.004940
0.005330
0.005740
0.006171
0.006622
0.007095
0.007590
0.008108
0.008648
0.009212
0.009800
0.010413
0.011050
0.011713
0.012402
0.013118
0.013860
0.014630
0.015428
0.016255
0.017110
0.017995
0.018910
0.019856
0.020832
0.021840
0.022880
0.023953
0.025058
0.026197
0.027370
0.028578
0.029820
0.031098
0.032412
0.033763
0.035150
0.036575
0.038038
0.039540
0.041080
0.042660
0.044280
0.045941
0.047643
0.049385
0.051171
0.052998
0.054869
0.056783
0.058741
0.060743
0.062791
0.064884
0.067023
0.069208
0.071441
0.073721
0.076049
0.078425
0.080851
0.083326
0.085851
0.088425
0.091049
0.093721
0.096441
0.099208
0.102022
0.104883
0.107790
0.110743
0.113740
0.116782
0.119868
0.122998
0.126170
0.129385
0.132642
0.135941
0.139280
0.142660
0.146080
0.149540
0.153038
0.156575
0.160150
0.163763
0.167412
0.171098
0.174820
0.178578
0.182370
0.186197
0.190058
0.193953
0.197880
0.201840
0.205832
0.209856
0.213910
0.217995
0.222110
0.226255
0.230428
0.234630
0.238860
0.243118
0.247402
0.251713
0.256050
0.260413
0.264800
0.269212
0.273648
0.278108
0.282590
0.287095
0.291622
0.296171
0.300740
0.305330
0.309940
0.314569
0.319218
0.323885
0.328570
0.333272
0.337992
0.342728
0.347480
0.352247
0.357030
0.361827
0.366638
0.371462
0.376300
0.381150
0.386012
0.390885
0.395770
0.400665
0.405570
0.410484
0.415408
0.420340
0.425280
0.430227
0.435182
0.440143
0.445110
0.450082
0.455060
0.460042
0.465028
0.470017
0.475010
0.480005
0.485002
0.490000
0.495000
0.500000
0.504901
0.509702
0.514402
0.519000
0.523496
0.527890
0.532181
0.536368
0.540451
0.544431
0.548304
0.552073
0.555735
0.559291
0.562739
0.566081
0.569314
0.572439
0.575455
0.578361
0.581157
0.583843
0.586418
0.588881
0.591233
0.593471
0.595597
0.597610
0.599508
0.601292
0.602961
0.604514
0.605951
0.607272
0.608476
0.609562
0.610531
0.611380
0.612111
0.612723
0.613214
0.613585
0.613835
0.613963
0.613969
0.613853
0.613614
0.613251
0.612765
0.612153
0.611417
0.610556
0.609568
0.608454
0.607213
0.605844
0.604347
0.602722
0.600968
0.599084
0.597071
0.594926
0.592651
0.590245
0.587706
0.585035
0.582231
0.579293
0.576221
0.573015
0.569674
0.566197
0.562585
0.558835
0.554949
0.550926
0.546764
0.542464
0.538025
0.533446
0.528727
0.523868
0.518868
0.513726
0.508443
0.503016
0.497447
0.491735
0.485878
0.479877
0.473731
0.467439
0.461001
0.454417
0.447686
0.440807
0.433781
0.426605
0.419281
0.411808
0.404381
0.397006
0.389681
0.382407
0.375186
0.368017
0.360901
0.353839
0.346831
0.339877
0.332978
0.326135
0.319348
0.312617
0.305943
0.299327
0.292768
0.286268
0.279828
0.273446
0.267125
0.260864
0.254664
0.248526
0.242450
0.236436
0.230485
0.224598
0.218774
0.213016
0.207322
0.201693
0.196131
0.190635
0.185206
0.179845
0.174552
0.169327
0.164171
0.159085
0.154069
0.149123
0.144248
0.139445
0.134713
0.130054
0.125469
0.120956
0.116518
0.112154
0.107865
0.103652
0.099515
0.095454
0.091470
0.087564
0.083735
0.079985
0.076315
0.072723
0.069212
0.065781
0.062431
0.059163
0.055977
0.052873
0.049852
0.046915
0.044061
0.041293
0.038609
0.036010
0.033498
0.031072
0.028733
0.026482
0.024319
0.022244
0.020258
0.018362
0.016555
0.014840
0.013215
0.011681
0.010240
0.008891
0.007635
0.006473
0.005405
0.004431
0.003552
0.002769
0.002081
0.001491
0.000997
0.000600
0.000302
0.000102
0.000001
0.000000
