0.000000
0.010000
0.020000
0.030000
0.040000
0.050000
0.060000
0.070000
0.080000
0.090000
0.100000
0.110000
0.120000
0.130000
0.140000
0.150000
0.160000
0.170000
0.180000
0.190000
0.200000
0.210000
0.220000
0.230000
0.240000
0.250000
0.260000
0.270000
0.280000
0.290000
0.300000
0.310000
0.320000
0.330000
0.340000
0.350000
0.360000
0.370000
0.380000
0.390000
0.400000
0.410000
0.420000
0.430000
0.440000
0.450000
0.460000
0.470000
0.480000
0.490000
0.500000
0.510000
0.520000
0.530000
0.540000
0.550000
0.560000
0.570000
0.580000
0.590000
0.600000
0.610000
0.620000
0.630000
0.640000
0.650000
0.660000
0.670000
0.680000
0.690000
0.700000
0.710000
0.720000
0.730000
0.740000
0.750000
0.760000
0.770000
0.780000
0.790000
0.800000
0.810000
0.820000
0.830000
0.839999
0.849999
0.859999
0.869999
0.879999
0.889999
0.899999
0.909999
0.919999
0.929999
0.939999
0.949999
0.959999
0.969999
0.979999
0.989999
0.999999
1.009999
1.019999
1.029999
1.039999
1.049999
1.059999
1.069999
1.079999
1.089999
1.099999
1.109999
1.119999
1.129999
1.139999
1.149999
1.159999
1.169999
1.179999
1.189999
1.199999
1.209999
1.219999
1.229999
1.239999
1.249999
1.259999
1.269999
1.279999
1.289999
1.299999
1.309999
1.319999
1.329999
1.339999
1.349999
1.359999
1.369999
1.379999
1.389999
1.399999
1.409999
1.419999
1.429999
1.439999
1.449999
1.459999
1.469999
1.479999
1.489999
1.499999
1.509999
1.519999
1.529999
1.539999
1.549999
1.559999
1.569999
1.579999
1.589999
1.599999
1.609999
1.619999
1.629999
1.639999
1.649999
1.659999
1.669999
1.679999
1.689999
1.699999
1.709999
1.719999
1.729999
1.739999
1.749999
1.759999
1.769999
1.779999
1.789999
1.799999
1.809999
1.819999
1.829999
1.839999
1.849999
1.859999
1.869999
1.879999
1.889999
1.899999
1.909999
1.919999
1.929999
1.939999
1.949998
1.959998
1.969998
1.979998
1.989998
1.999998
2.009999
2.019999
2.029999
2.039999
2.049999
2.059999
2.069999
2.079998
2.089998
2.099998
2.109998
2.119998
2.129998
2.139998
2.149998
2.159998
2.169998
2.179998
2.189998
2.199998
2.209998
2.219998
2.229998
2.239998
2.249998
2.259998
2.269998
2.279998
2.289998
2.299998
2.309998
2.319998
2.329998
2.339998
2.349998
2.359998
2.369998
2.379998
2.389998
2.399998
2.409998
2.419998
2.429998
2.439998
2.449998
2.459998
2.469998
2.479998
2.489998
2.499998
2.509998
2.519998
2.529998
2.539998
2.549998
2.559998
2.569998
2.579998
2.589998
2.599998
2.609998
2.619998
2.629998
2.639998
2.649998
2.659998
2.669998
2.679998
2.689998
2.699998
2.709998
2.719998
2.729998
2.739998
2.749998
2.759998
2.769998
2.779998
2.789998
2.799998
2.809998
2.819998
2.829998
2.839998
2.849998
2.859998
2.869998
2.879998
2.889998
2.899998
2.909998
2.919998
2.929998
2.939998
2.949998
2.959998
2.969998
2.979998
2.989998
2.999998
3.009998
3.019998
3.029998
3.039998
3.049998
3.059998
3.069998
3.079998
3.089998
3.099998
3.109998
3.119998
3.129997
3.139997
3.149997
3.159997
3.169997
3.179997
3.189997
3.199997
3.209997
3.219997
3.229997
3.239997
3.249997
3.259997
3.269997
3.279997
3.289997
3.299997
3.309997
3.319997
3.329997
3.339997
3.349997
3.359997
3.369997
3.379997
3.389997
3.399997
3.409997
3.419997
3.429997
3.439997
3.449997
3.459997
3.469997
3.479997
3.489997
3.499997
3.509997
3.519997
3.529997
3.539997
3.549997
3.559997
3.569997
3.579997
3.589997
3.599997
3.609997
3.619997
3.629997
3.639997
3.649997
3.659997
3.669997
3.679997
3.689997
3.699997
3.709997
3.719997
3.729997
3.739997
3.749997
3.759997
3.769997
3.779997
3.789997
3.799997
3.809997
3.819997
3.829997
3.839997
3.849997
3.859997
3.869997
3.879997
3.889997
3.899997
3.909997
3.919997
3.929997
3.939997
3.949997
3.959997
3.969997
3.979997
3.989997
3.999997
