0.000000 0.000000
0.001000 0.000000
0.002000 0.000000
0.003000 0.000000
0.004000 0.000000
0.005000 0.000000
0.006000 0.000000
0.007000 0.000000
0.008000 0.000000
0.009000 0.000000
0.010000 0.000000
0.011000 0.000000
0.012000 0.000000
0.013000 0.000000
0.014000 0.000000
0.015000 0.000000
0.016000 0.000000
0.017000 0.000000
0.018000 0.000000
0.019000 0.000000
0.020000 0.000000
0.021000 0.000000
0.022000 0.000000
0.023000 0.000000
0.024000 0.000000
0.025000 0.000000
0.026000 0.000000
0.027000 0.000000
0.028000 0.000000
0.029000 0.000000
0.030000 0.000000
0.031000 0.000000
0.032000 0.000000
0.033000 0.000000
0.034000 0.000000
0.035000 0.000000
0.036000 0.000000
0.037000 0.000000
0.038000 0.000000
0.039000 0.000000
0.040000 0.000000
0.041000 0.000000
0.042000 0.000000
0.043000 0.000000
0.044000 0.000000
0.045000 0.000000
0.046000 0.000000
0.047000 0.000000
0.048000 0.000000
0.049000 0.000000
0.050000 0.000000
0.051000 0.000000
0.052000 0.000000
0.053000 0.000000
0.054000 0.000000
0.055000 0.000000
0.056000 0.000000
0.057000 0.000000
0.058000 0.000000
0.059000 0.000000
0.060000 0.000000
0.061000 0.000000
0.062000 0.000000
0.063000 0.000000
0.064000 0.000000
0.065000 0.000000
0.066000 0.000000
0.067000 0.000000
0.068000 0.000000
0.069000 0.000000
0.070000 0.000000
0.071000 0.000000
0.072000 0.000000
0.073000 0.000000
0.074000 0.000000
0.075000 0.000000
0.076000 0.000000
0.077000 0.000000
0.078000 0.000000
0.079000 0.000000
0.080000 0.000000
0.081000 0.000000
0.082000 0.000000
0.083000 0.000000
0.084000 0.000000
0.085000 0.000000
0.086000 0.000000
0.087000 0.000000
0.088000 0.000000
0.089000 0.000000
0.090000 0.000000
0.091000 0.000000
0.092000 0.000000
0.093000 0.000000
0.094000 0.000000
0.095000 0.000000
0.096000 0.000000
0.097000 0.000000
0.098000 0.000000
0.099000 0.000000
0.100000 0.000000
0.101000 0.000000
0.102000 0.000000
0.103000 0.000000
0.104000 0.000000
0.105000 0.000000
0.106000 0.000000
0.107000 0.000000
0.108000 0.000000
0.109000 0.000000
0.110000 0.000000
0.111000 0.000000
0.112000 0.000000
0.113000 0.000000
0.114000 0.000000
0.115000 0.000000
0.116000 0.000000
0.117000 0.000000
0.118000 0.000000
0.119000 0.000000
0.120000 0.000000
0.121000 0.000000
0.122000 0.000000
0.123000 0.000000
0.124000 0.000000
0.125000 0.000000
0.126000 0.000000
0.127000 0.000000
0.128000 0.000000
0.129000 0.000000
0.130000 0.000000
0.131000 0.000000
0.132000 0.000000
0.133000 0.000000
0.134000 0.000000
0.135000 0.000000
0.136000 0.000000
0.137000 0.000000
0.138000 0.000000
0.139000 0.000000
0.140000 0.000000
0.141000 0.000000
0.142000 0.000000
0.143000 0.000000
0.144000 0.000000
0.145000 0.000000
0.146000 0.000000
0.147000 0.000000
0.148000 0.000000
0.149000 0.000000
0.150000 0.000000
0.151000 0.000000
0.152000 0.000000
0.153000 0.000000
0.154000 0.000000
0.155000 0.000000
0.156000 0.000000
0.157000 0.000000
0.158000 0.000000
0.159000 0.000000
0.160000 0.000000
0.161000 0.000000
0.162000 0.000000
0.163000 0.000000
0.164000 0.000000
0.165000 0.000000
0.166000 0.000000
0.167000 0.000000
0.168000 0.000000
0.169000 0.000000
0.170000 0.000000
0.171000 0.000000
0.172000 0.000000
0.173000 0.000000
0.174000 0.000000
0.175000 0.000000
0.176000 0.000000
0.177000 0.000000
0.178000 0.000000
0.179000 0.000000
0.180000 0.000000
0.181000 0.000000
0.182000 0.000000
0.183000 0.000000
0.184000 0.000000
0.185000 0.000000
0.186000 0.000000
0.187000 0.000000
0.188000 0.000000
0.189000 0.000000
0.190000 0.000000
0.191000 0.000000
0.192000 0.000000
0.193000 0.000000
0.194000 0.000000
0.195000 0.000000
0.196000 0.000000
0.197000 0.000000
0.198000 0.000000
0.199000 0.000000
0.200000 0.000000
0.201000 0.000000
0.202000 0.000000
0.203000 0.000000
0.204000 0.000000
0.205000 0.000000
0.206000 0.000000
0.207000 0.000000
0.208000 0.000000
0.209000 0.000000
0.210000 0.000000
0.211000 0.000000
0.212000 0.000000
0.213000 0.000000
0.214000 0.000000
0.215000 0.000000
0.216000 0.000000
0.217000 0.000000
0.218000 0.000000
0.219000 0.000000
0.220000 0.000000
0.221000 0.000000
0.222000 0.000000
0.223000 0.000000
0.224000 0.000000
0.225000 0.000000
0.226000 0.000000
0.227000 0.000000
0.228000 0.000000
0.229000 0.000000
0.230000 0.000000
0.231000 0.000000
0.232000 0.000000
0.233000 0.000000
0.234000 0.000000
0.235000 0.000000
0.236000 0.000000
0.237000 0.000000
0.238000 0.000000
0.239000 0.000000
0.240000 0.000000
0.241000 0.000000
0.242000 0.000000
0.243000 0.000000
0.244000 0.000000
0.245000 0.000000
0.246000 0.000000
0.247000 0.000000
0.248000 0.000000
0.249000 0.000000
0.250000 0.000000
0.251000 0.000000
0.252000 0.000000
0.253000 0.000000
0.254000 0.000000
0.255000 0.000000
0.256000 0.000000
0.257000 0.000000
0.258000 0.000000
0.259000 0.000000
0.260000 0.000000
0.261000 0.000000
0.262000 0.000000
0.263000 0.000000
0.264000 0.000000
0.265000 0.000000
0.266000 0.000000
0.267000 0.000000
0.268000 0.000000
0.269000 0.000000
0.270000 0.000000
0.271000 0.000000
0.272000 0.000000
0.273000 0.000000
0.274000 0.000000
0.275000 0.000000
0.276000 0.000000
0.277000 0.000000
0.278000 0.000000
0.279000 0.000000
0.280000 0.000000
0.281000 0.000000
0.282000 0.000000
0.283000 0.000000
0.284000 0.000000
0.285000 0.000000
0.286000 0.000000
0.287000 0.000000
0.288000 0.000000
0.289000 0.000000
0.290000 0.000000
0.291000 0.000000
0.292000 0.000000
0.293000 0.000000
0.294000 0.000000
0.295000 0.000000
0.296000 0.000000
0.297000 0.000000
0.298000 0.000000
0.299000 0.000000
0.300000 0.000000
0.301000 0.000000
0.302000 0.000000
0.303000 0.000000
0.304000 0.000000
0.305000 0.000000
0.306000 0.000000
0.307000 0.000000
0.308000 0.000000
0.309000 0.000000
0.310000 0.000000
0.311000 0.000000
0.312000 0.000000
0.313000 0.000000
0.314000 0.000000
0.314999 0.000000
0.315999 0.000000
0.316999 0.000000
0.317999 0.000000
0.318999 0.000000
0.319999 0.000000
0.320999 0.000000
0.321999 0.000000
0.322999 0.000000
0.323999 0.000000
0.324999 0.000000
0.325999 0.000000
0.326999 0.000000
0.327999 0.000000
0.328999 0.000000
0.329999 0.000000
0.330999 0.000000
0.331999 0.000000
0.332999 0.000000
0.333999 0.000000
0.334999 0.000000
0.335999 0.000000
0.336999 0.000000
0.337999 0.000000
0.338999 0.000000
0.339999 0.000000
0.340999 0.000000
0.341999 0.000000
0.342999 0.000000
0.343999 0.000000
0.344999 0.000000
0.345999 0.000000
0.346999 0.000000
0.347999 0.000000
0.348999 0.000000
0.349999 0.000000
0.350999 0.000000
0.351999 0.000000
0.352999 0.000000
0.353999 0.000000
0.354999 0.000000
0.355999 0.000000
0.356999 0.000000
0.357999 0.000000
0.358999 0.000000
0.359999 0.000000
0.360999 0.000000
0.361999 0.000000
0.362999 0.000000
0.363999 0.000000
0.364999 0.000000
0.365999 0.000000
0.366999 0.000000
0.367999 0.000000
0.368999 0.000000
0.369999 0.000000
0.370999 0.000000
0.371999 0.000000
0.372999 0.000000
0.373999 0.000000
0.374999 0.000000
0.375999 0.000000
0.376999 0.000000
0.377999 0.000000
0.378999 0.000000
0.379999 0.000000
0.380999 0.000000
0.381999 0.000000
0.382999 0.000000
0.383999 0.000000
0.384999 0.000000
0.385999 0.000000
0.386999 0.000000
0.387999 0.000000
0.388999 0.000000
0.389999 0.000000
0.390999 0.000000
0.391998 0.000000
0.392998 0.000000
0.393998 0.000000
0.394998 0.000000
0.395998 0.000000
0.396998 0.000000
0.397998 0.000000
0.398998 0.000000
0.399998 0.000000
0.400998 0.000000
0.401998 0.000000
0.402998 0.000000
0.403998 0.000000
0.404998 0.000000
0.405998 0.000000
0.406998 0.000000
0.407998 0.000000
0.408998 0.000000
0.409998 0.000000
0.410998 0.000000
0.411998 0.000000
0.412998 0.000000
0.413998 0.000000
0.414998 0.000000
0.415998 0.000000
0.416998 0.000000
0.417998 0.000000
0.418998 0.000000
0.419998 0.000000
0.420998 0.000000
0.421998 0.000000
0.422998 0.000000
0.423998 0.000000
0.424998 0.000000
0.425998 0.000000
0.426998 0.000000
0.427998 0.000000
0.428998 0.000000
0.429998 0.000000
0.430998 0.000000
0.431998 0.000000
0.432998 0.000000
0.433998 0.000000
0.434998 0.000000
0.435998 0.000000
0.436998 0.000000
0.437998 0.000000
0.438998 0.000000
0.439998 0.000000
0.440998 0.000000
0.441998 0.000000
0.442998 0.000000
0.443998 0.000000
0.444998 0.000000
0.445998 0.000000
0.446998 0.000000
0.447998 0.000000
0.448998 0.000000
0.449998 0.000000
0.450998 0.000000
0.451998 0.000000
0.452998 0.000000
0.453998 0.000000
0.454998 0.000000
0.455998 0.000000
0.456998 0.000000
0.457998 0.000000
0.458998 0.000000
0.459998 0.000000
0.460998 0.000000
0.461998 0.000000
0.462998 0.000000
0.463998 0.000000
0.464998 0.000000
0.465998 0.000000
0.466998 0.000000
0.467998 0.000000
0.468998 0.000000
0.469997 0.000000
0.470997 0.000000
0.471997 0.000000
0.472997 0.000000
0.473997 0.000000
0.474997 0.000000
0.475997 0.000000
0.476997 0.000000
0.477997 0.000000
0.478997 0.000000
0.479997 0.000000
0.480997 0.000000
0.481997 0.000000
0.482997 0.000000
0.483997 0.000000
0.484997 0.000000
0.485997 0.000000
0.486997 0.000000
0.487997 0.000000
0.488997 0.000000
0.489997 0.000000
0.490997 0.000000
0.491997 0.000000
0.492997 0.000000
0.493997 0.000000
0.494997 0.000000
0.495997 0.000000
0.496997 0.000000
0.497997 0.000000
0.498997 0.000000
0.499997 0.000000
0.500997 0.000000
0.501997 0.000000
0.502997 0.000000
0.503997 0.000000
0.504997 0.000000
0.505997 0.000000
0.506997 0.000000
0.507997 0.000000
0.508997 0.000000
0.509997 0.000000
0.510997 0.000000
0.511997 0.000000
0.512997 0.000000
0.513997 0.000000
0.514997 0.000000
0.515997 0.000000
0.516997 0.000000
0.517997 0.000000
0.518997 0.000000
0.519997 0.000000
0.520997 0.000000
0.521997 0.000000
0.522997 0.000000
0.523997 0.000000
0.524997 0.000000
0.525997 0.000000
0.526997 0.000000
0.527997 0.000000
0.528997 0.000000
0.529997 0.000000
0.530997 0.000000
0.531997 0.000000
0.532997 0.000000
0.533997 0.000000
0.534997 0.000000
0.535997 0.000000
0.536997 0.000000
0.537997 0.000000
0.538997 0.000000
0.539997 0.000000
0.540997 0.000000
0.541997 0.000000
0.542997 0.000000
0.543997 0.000000
0.544997 0.000000
0.545997 0.000000
0.546997 0.000000
0.547997 0.000000
0.548997 0.000000
0.549996 0.000000
0.550996 0.000000
0.551996 0.000000
0.552996 0.000000
0.553996 0.000000
0.554996 0.000000
0.555996 0.000000
0.556996 0.000000
0.557996 0.000000
0.558996 0.000000
0.559996 0.000000
0.560996 0.000000
0.561996 0.000000
0.562996 0.000000
0.563996 0.000000
0.564996 0.000000
0.565996 0.000000
0.566996 0.000000
0.567996 0.000000
0.568996 0.000000
0.569996 0.000000
0.570996 0.000000
0.571996 0.000000
0.572996 0.000000
0.573996 0.000000
0.574996 0.000000
0.575996 0.000000
0.576996 0.000000
0.577996 0.000000
0.578996 0.000000
0.579996 0.000000
0.580996 0.000000
0.581996 0.000000
0.582996 0.000000
0.583996 0.000000
0.584996 0.000000
0.585996 0.000000
0.586996 0.000000
0.587996 0.000000
0.588996 0.000000
0.589996 0.000000
0.590996 0.000000
0.591996 0.000000
0.592996 0.000000
0.593996 0.000000
0.594996 0.000000
0.595996 0.000000
0.596996 0.000000
0.597996 0.000000
0.598996 0.000000
0.599996 0.000000
0.600996 0.000000
0.601996 0.000000
0.602996 0.000000
0.603996 0.000000
0.604996 0.000000
0.605996 0.000000
0.606996 0.000000
0.607996 0.000000
0.608996 0.000000
0.609996 0.000000
0.610996 0.000000
0.611996 0.000000
0.612996 0.000000
0.613996 0.000000
0.614996 0.000000
0.615996 0.000000
0.616996 0.000000
0.617996 0.000000
0.618996 0.000000
0.619996 0.000000
0.620996 0.000000
0.621996 0.000000
0.622996 0.000000
0.623996 0.000000
0.624996 0.000000
0.625996 0.000000
0.626996 0.000000
0.627995 0.000000
0.628995 0.000000
0.629995 0.000000
0.630995 0.000000
0.631995 0.000000
0.632995 0.000000
0.633995 0.000000
0.634995 0.000000
0.635995 0.000000
0.636995 0.000000
0.637995 0.000000
0.638995 0.000000
0.639995 0.000000
0.640995 0.000000
0.641995 0.000000
0.642995 0.000000
0.643995 0.000000
0.644995 0.000000
0.645995 0.000000
0.646995 0.000000
0.647995 0.000000
0.648995 0.000000
0.649995 0.000000
0.650995 0.000000
0.651995 0.000000
0.652995 0.000000
0.653995 0.000000
0.654995 0.000000
0.655995 0.000000
0.656995 0.000000
0.657995 0.000000
0.658995 0.000000
0.659995 0.000000
0.660995 0.000000
0.661995 0.000000
0.662995 0.000000
0.663995 0.000000
0.664995 0.000000
0.665995 0.000000
0.666995 0.000000
0.667995 0.000000
0.668995 0.000000
0.669995 0.000000
0.670995 0.000000
0.671995 0.000000
0.672995 0.000000
0.673995 0.000000
0.674995 0.000000
0.675995 0.000000
0.676995 0.000000
0.677995 0.000000
0.678995 0.000000
0.679995 0.000000
0.680995 0.000000
0.681995 0.000000
0.682995 0.000000
0.683995 0.000000
0.684995 0.000000
0.685995 0.000000
0.686995 0.000000
0.687995 0.000000
0.688995 0.000000
0.689995 0.000000
0.690995 0.000000
0.691995 0.000000
0.692995 0.000000
0.693995 0.000000
0.694995 0.000000
0.695995 0.000000
0.696995 0.000000
0.697995 0.000000
0.698995 0.000000
0.699995 0.000000
0.700995 0.000000
0.701995 0.000000
0.702995 0.000000
0.703995 0.000000
0.704994 0.000000
0.705994 0.000000
0.706994 0.000000
0.707994 0.000000
0.708994 0.000000
0.709994 0.000000
0.710994 0.000000
0.711994 0.000000
0.712994 0.000000
0.713994 0.000000
0.714994 0.000000
0.715994 0.000000
0.716994 0.000000
0.717994 0.000000
0.718994 0.000000
0.719994 0.000000
0.720994 0.000000
0.721994 0.000000
0.722994 0.000000
0.723994 0.000000
0.724994 0.000000
0.725994 0.000000
0.726994 0.000000
0.727994 0.000000
0.728994 0.000000
0.729994 0.000000
0.730994 0.000000
0.731994 0.000000
0.732994 0.000000
0.733994 0.000000
0.734994 0.000000
0.735994 0.000000
0.736994 0.000000
0.737994 0.000000
0.738994 0.000000
0.739994 0.000000
0.740994 0.000000
0.741994 0.000000
0.742994 0.000000
0.743994 0.000000
0.744994 0.000000
0.745994 0.000000
0.746994 0.000000
0.747994 0.000000
0.748994 0.000000
0.749994 0.000000
0.750994 0.000000
0.751994 0.000000
0.752994 0.000000
0.753994 0.000000
0.754994 0.000000
0.755994 0.000000
0.756994 0.000000
0.757994 0.000000
0.758994 0.000000
0.759994 0.000000
0.760994 0.000000
0.761994 0.000000
0.762994 0.000000
0.763994 0.000000
0.764994 0.000000
0.765994 0.000000
0.766994 0.000000
0.767994 0.000000
0.768994 0.000000
0.769994 0.000000
0.770994 0.000000
0.771994 0.000000
0.772994 0.000000
0.773994 0.000000
0.774994 0.000000
0.775994 0.000000
0.776994 0.000000
0.777994 0.000000
0.778994 0.000000
0.779994 0.000000
0.780994 0.000000
0.781994 0.000000
0.782993 0.000000
0.783993 0.000000
0.784993 0.000000
0.785993 0.000000
0.786993 0.000000
0.787993 0.000000
0.788993 0.000000
0.789993 0.000000
0.790993 0.000000
0.791993 0.000000
0.792993 0.000000
0.793993 0.000000
0.794993 0.000000
0.795993 0.000000
0.796993 0.000000
0.797993 0.000000
0.798993 0.000000
0.799993 0.000000
0.800993 0.000000
0.801993 0.000000
0.802993 0.000000
0.803993 0.000000
0.804993 0.000000
0.805993 0.000000
0.806993 0.000000
0.807993 0.000000
0.808993 0.000000
0.809993 0.000000
0.810993 0.000000
0.811993 0.000000
0.812993 0.000000
0.813993 0.000000
0.814993 0.000000
0.815993 0.000000
0.816993 0.000000
0.817993 0.000000
0.818993 0.000000
0.819993 0.000000
0.820993 0.000000
0.821993 0.000000
0.822993 0.000000
0.823993 0.000000
0.824993 0.000000
0.825993 0.000000
0.826993 0.000000
0.827993 0.000000
0.828993 0.000000
0.829993 0.000000
0.830993 0.000000
0.831993 0.000000
0.832993 0.000000
0.833993 0.000000
0.834993 0.000000
0.835993 0.000000
0.836993 0.000000
0.837993 0.000000
0.838993 0.000000
0.839993 0.000000
0.840993 0.000000
0.841993 0.000000
0.842993 0.000000
0.843993 0.000000
0.844993 0.000000
0.845993 0.000000
0.846993 0.000000
0.847993 0.000000
0.848993 0.000000
0.849993 0.000000
0.850993 0.000000
0.851993 0.000000
0.852993 0.000000
0.853993 0.000000
0.854993 0.000000
0.855993 0.000000
0.856993 0.000000
0.857993 0.000000
0.858993 0.000000
0.859993 0.000000
0.860992 0.000000
0.861992 0.000000
0.862992 0.000000
0.863992 0.000000
0.864992 0.000000
0.865992 0.000000
0.866992 0.000000
0.867992 0.000000
0.868992 0.000000
0.869992 0.000000
0.870992 0.000000
0.871992 0.000000
0.872992 0.000000
0.873992 0.000000
0.874992 0.000000
0.875992 0.000000
0.876992 0.000000
0.877992 0.000000
0.878992 0.000000
0.879992 0.000000
0.880992 0.000000
0.881992 0.000000
0.882992 0.000000
0.883992 0.000000
0.884992 0.000000
0.885992 0.000000
0.886992 0.000000
0.887992 0.000000
0.888992 0.000000
0.889992 0.000000
0.890992 0.000000
0.891992 0.000000
0.892992 0.000000
0.893992 0.000000
0.894992 0.000000
0.895992 0.000000
0.896992 0.000000
0.897992 0.000000
0.898992 0.000000
0.899992 0.000000
0.900992 0.000000
0.901992 0.000000
0.902992 0.000000
0.903992 0.000000
0.904992 0.000000
0.905992 0.000000
0.906992 0.000000
0.907992 0.000000
0.908992 0.000000
0.909992 0.000000
0.910992 0.000000
0.911992 0.000000
0.912992 0.000000
0.913992 0.000000
0.914992 0.000000
0.915992 0.000000
0.916992 0.000000
0.917992 0.000000
0.918992 0.000000
0.919992 0.000000
0.920992 0.000000
0.921992 0.000000
0.922992 0.000000
0.923992 0.000000
0.924992 0.000000
0.925992 0.000000
0.926992 0.000000
0.927992 0.000000
0.928992 0.000000
0.929992 0.000000
0.930992 0.000000
0.931992 0.000000
0.932992 0.000000
0.933992 0.000000
0.934992 0.000000
0.935992 0.000000
0.936992 0.000000
0.937991 0.000000
0.938991 0.000000
0.939991 0.000000
0.940991 0.000000
0.941991 0.000000
0.942991 0.000000
0.943991 0.000000
0.944991 0.000000
0.945991 0.000000
0.946991 0.000000
0.947991 0.000000
0.948991 0.000000
0.949991 0.000000
0.950991 0.000000
0.951991 0.000000
0.952991 0.000000
0.953991 0.000000
0.954991 0.000000
0.955991 0.000000
0.956991 0.000000
0.957991 0.000000
0.958991 0.000000
0.959991 0.000000
0.960991 0.000000
0.961991 0.000000
0.962991 0.000000
0.963991 0.000000
0.964991 0.000000
0.965991 0.000000
0.966991 0.000000
0.967991 0.000000
0.968991 0.000000
0.969991 0.000000
0.970991 0.000000
0.971991 0.000000
0.972991 0.000000
0.973991 0.000000
0.974991 0.000000
0.975991 0.000000
0.976991 0.000000
0.977991 0.000000
0.978991 0.000000
0.979991 0.000000
0.980991 0.000000
0.981991 0.000000
0.982991 0.000000
0.983991 0.000000
0.984991 0.000000
0.985991 0.000000
0.986991 0.000000
0.987991 0.000000
0.988991 0.000000
0.989991 0.000000
0.990991 0.000000
0.991991 0.000000
0.992991 0.000000
0.993991 0.000000
0.994991 0.000000
0.995991 0.000000
0.996991 0.000000
0.997991 0.000000
0.998991 0.000000
0.999991 0.000000
1.000991 0.000000
1.001991 0.000001
1.002991 0.000003
1.003991 0.000005
1.004991 0.000007
1.005991 0.000010
1.006991 0.000014
1.007991 0.000018
1.008991 0.000022
1.009991 0.000027
1.010991 0.000033
1.011991 0.000039
1.012991 0.000045
1.013991 0.000052
1.014991 0.000060
1.015991 0.000068
1.016991 0.000076
1.017992 0.000085
1.018992 0.000094
1.019992 0.000104
1.020992 0.000115
1.021992 0.000126
1.022992 0.000137
1.023992 0.000149
1.024992 0.000161
1.025992 0.000174
1.026992 0.000187
1.027992 0.000201
1.028992 0.000215
1.029992 0.000230
1.030992 0.000245
1.031992 0.000261
1.032992 0.000277
1.033992 0.000294
1.034992 0.000311
1.035992 0.000329
1.036992 0.000347
1.037992 0.000366
1.038993 0.000385
1.039993 0.000405
1.040993 0.000425
1.041993 0.000445
1.042993 0.000466
1.043993 0.000488
1.044993 0.000510
1.045993 0.000532
1.046993 0.000555
1.047993 0.000579
1.048993 0.000603
1.049993 0.000627
1.050993 0.000652
1.051993 0.000677
1.052993 0.000703
1.053993 0.000729
1.054993 0.000756
1.055993 0.000783
1.056993 0.000811
1.057993 0.000839
1.058993 0.000868
1.059994 0.000897
1.060994 0.000926
1.061994 0.000956
1.062994 0.000987
1.063994 0.001018
1.064994 0.001049
1.065994 0.001081
1.066994 0.001114
1.067994 0.001147
1.068994 0.001180
1.069994 0.001214
1.070994 0.001248
1.071994 0.001283
1.072994 0.001318
1.073994 0.001353
1.074994 0.001390
1.075994 0.001426
1.076994 0.001463
1.077994 0.001501
1.078994 0.001539
1.079994 0.001577
1.080994 0.001616
1.081995 0.001655
1.082995 0.001695
1.083995 0.001735
1.084995 0.001776
1.085995 0.001817
1.086995 0.001859
1.087995 0.001901
1.088995 0.001943
1.089995 0.001986
1.090995 0.002030
1.091995 0.002074
1.092995 0.002118
1.093995 0.002163
1.094995 0.002208
1.095995 0.002254
1.096995 0.002300
1.097995 0.002347
1.098995 0.002394
1.099995 0.002441
1.100995 0.002489
1.101995 0.002538
1.102996 0.002587
1.103996 0.002636
1.104996 0.002686
1.105996 0.002736
1.106996 0.002787
1.107996 0.002838
1.108996 0.002889
1.109996 0.002941
1.110996 0.002994
1.111996 0.003047
1.112996 0.003100
1.113996 0.003154
1.114996 0.003208
1.115996 0.003263
1.116996 0.003318
1.117996 0.003373
1.118996 0.003429
1.119996 0.003486
1.120996 0.003543
1.121996 0.003600
1.122996 0.003658
1.123996 0.003716
1.124997 0.003774
1.125997 0.003833
1.126997 0.003893
1.127997 0.003953
1.128997 0.004013
1.129997 0.004074
1.130997 0.004135
1.131997 0.004197
1.132997 0.004259
1.133997 0.004322
1.134997 0.004385
1.135997 0.004448
1.136997 0.004512
1.137997 0.004576
1.138997 0.004641
1.139997 0.004706
1.140997 0.004772
1.141997 0.004838
1.142997 0.004904
1.143997 0.004971
1.144997 0.005038
1.145998 0.005106
1.146998 0.005174
1.147998 0.005242
1.148998 0.005311
1.149998 0.005381
1.150998 0.005451
1.151998 0.005521
1.152998 0.005592
1.153998 0.005663
1.154998 0.005734
1.155998 0.005806
1.156998 0.005879
1.157998 0.005951
1.158998 0.006025
1.159998 0.006098
1.160998 0.006172
1.161998 0.006247
1.162998 0.006322
1.163998 0.006397
1.164998 0.006473
1.165998 0.006549
1.166999 0.006625
1.167999 0.006702
1.168999 0.006780
1.169999 0.006858
1.170999 0.006936
1.171999 0.007015
1.172999 0.007094
1.173999 0.007173
1.174999 0.007253
1.175999 0.007333
1.176999 0.007414
1.177999 0.007495
1.178999 0.007577
1.179999 0.007659
1.180999 0.007741
1.181999 0.007824
1.182999 0.007907
1.183999 0.007990
1.184999 0.008074
1.185999 0.008159
1.186999 0.008244
1.187999 0.008329
1.189000 0.008414
1.190000 0.008501
1.191000 0.008587
1.192000 0.008674
1.193000 0.008761
1.194000 0.008849
1.195000 0.008937
1.196000 0.009025
1.197000 0.009114
1.198000 0.009203
1.199000 0.009293
1.200000 0.009383
1.201000 0.009473
1.202000 0.009564
1.203000 0.009655
1.204000 0.009747
1.205000 0.009839
1.206000 0.009932
1.207000 0.010024
1.208000 0.010118
1.209000 0.010211
1.210001 0.010305
1.211001 0.010400
1.212001 0.010495
1.213001 0.010590
1.214001 0.010685
1.215001 0.010781
1.216001 0.010878
1.217001 0.010975
1.218001 0.011072
1.219001 0.011169
1.220001 0.011267
1.221001 0.011366
1.222001 0.011464
1.223001 0.011563
1.224001 0.011663
1.225001 0.011763
1.226001 0.011863
1.227001 0.011964
1.228001 0.012065
1.229001 0.012166
1.230001 0.012268
1.231001 0.012370
1.232002 0.012473
1.233002 0.012576
1.234002 0.012679
1.235002 0.012783
1.236002 0.012887
1.237002 0.012992
1.238002 0.013097
1.239002 0.013202
1.240002 0.013308
1.241002 0.013414
1.242002 0.013520
1.243002 0.013627
1.244002 0.013734
1.245002 0.013842
1.246002 0.013950
1.247002 0.014058
1.248002 0.014167
1.249002 0.014276
1.250002 0.014385
1.251002 0.014495
1.252002 0.014605
1.253003 0.014716
1.254003 0.014827
1.255003 0.014938
1.256003 0.015050
1.257003 0.015162
1.258003 0.015274
1.259003 0.015387
1.260003 0.015500
1.261003 0.015613
1.262003 0.015727
1.263003 0.015842
1.264003 0.015956
1.265003 0.016071
1.266003 0.016187
1.267003 0.016302
1.268003 0.016419
1.269003 0.016535
1.270003 0.016652
1.271003 0.016769
1.272003 0.016887
1.273003 0.017005
1.274004 0.017123
1.275004 0.017242
1.276004 0.017361
1.277004 0.017480
1.278004 0.017600
1.279004 0.017720
1.280004 0.017840
1.281004 0.017961
1.282004 0.018082
1.283004 0.018204
1.284004 0.018326
1.285004 0.018448
1.286004 0.018571
1.287004 0.018694
1.288004 0.018817
1.289004 0.018941
1.290004 0.019065
1.291004 0.019189
1.292004 0.019314
1.293004 0.019439
1.294004 0.019564
1.295004 0.019690
1.296005 0.019816
1.297005 0.019943
1.298005 0.020070
1.299005 0.020197
1.300005 0.020325
1.301005 0.020453
1.302005 0.020581
1.303005 0.020710
1.304005 0.020838
1.305005 0.020968
1.306005 0.021097
1.307005 0.021227
1.308005 0.021358
1.309005 0.021489
1.310005 0.021620
1.311005 0.021751
1.312005 0.021883
1.313005 0.022015
1.314005 0.022147
1.315005 0.022280
1.316005 0.022413
1.317006 0.022547
1.318006 0.022680
1.319006 0.022815
1.320006 0.022949
1.321006 0.023084
1.322006 0.023219
1.323006 0.023355
1.324006 0.023490
1.325006 0.023627
1.326006 0.023763
1.327006 0.023900
1.328006 0.024037
1.329006 0.024175
1.330006 0.024312
1.331006 0.024451
1.332006 0.024589
1.333006 0.024728
1.334006 0.024867
1.335006 0.025007
1.336006 0.025147
1.337006 0.025287
1.338006 0.025427
1.339007 0.025568
1.340007 0.025709
1.341007 0.025851
1.342007 0.025993
1.343007 0.026135
1.344007 0.026277
1.345007 0.026420
1.346007 0.026563
1.347007 0.026707
1.348007 0.026851
1.349007 0.026995
1.350007 0.027139
1.351007 0.027284
1.352007 0.027429
1.353007 0.027575
1.354007 0.027720
1.355007 0.027867
1.356007 0.028013
1.357007 0.028160
1.358007 0.028307
1.359007 0.028454
1.360008 0.028602
1.361008 0.028750
1.362008 0.028898
1.363008 0.029047
1.364008 0.029196
1.365008 0.029345
1.366008 0.029495
1.367008 0.029645
1.368008 0.029795
1.369008 0.029945
1.370008 0.030096
1.371008 0.030247
1.372008 0.030399
1.373008 0.030551
1.374008 0.030703
1.375008 0.030855
1.376008 0.031008
1.377008 0.031161
1.378008 0.031315
1.379008 0.031468
1.380008 0.031622
1.381009 0.031777
1.382009 0.031931
1.383009 0.032086
1.384009 0.032241
1.385009 0.032397
1.386009 0.032553
1.387009 0.032709
1.388009 0.032865
1.389009 0.033022
1.390009 0.033179
1.391009 0.033337
1.392009 0.033494
1.393009 0.033652
1.394009 0.033810
1.395009 0.033969
1.396009 0.034128
1.397009 0.034287
1.398009 0.034447
1.399009 0.034606
1.400009 0.034767
1.401009 0.034927
1.402009 0.035088
1.403010 0.035249
1.404010 0.035410
1.405010 0.035572
1.406010 0.035733
1.407010 0.035896
1.408010 0.036058
1.409010 0.036221
1.410010 0.036384
1.411010 0.036547
1.412010 0.036711
1.413010 0.036875
1.414010 0.037039
1.415010 0.037204
1.416010 0.037369
1.417010 0.037534
1.418010 0.037699
1.419010 0.037865
1.420010 0.038031
1.421010 0.038197
1.422010 0.038364
1.423010 0.038531
1.424011 0.038698
1.425011 0.038865
1.426011 0.039033
1.427011 0.039201
1.428011 0.039369
1.429011 0.039538
1.430011 0.039707
1.431011 0.039876
1.432011 0.040046
1.433011 0.040215
1.434011 0.040385
1.435011 0.040556
1.436011 0.040726
1.437011 0.040897
1.438011 0.041068
1.439011 0.041240
1.440011 0.041411
1.441011 0.041583
1.442011 0.041756
1.443011 0.041928
1.444011 0.042101
1.445011 0.042274
1.446012 0.042448
1.447012 0.042621
1.448012 0.042795
1.449012 0.042969
1.450012 0.043144
1.451012 0.043319
1.452012 0.043494
1.453012 0.043669
1.454012 0.043845
1.455012 0.044020
1.456012 0.044197
1.457012 0.044373
1.458012 0.044550
1.459012 0.044727
1.460012 0.044904
1.461012 0.045081
1.462012 0.045259
1.463012 0.045437
1.464012 0.045615
1.465012 0.045794
1.466012 0.045973
1.467013 0.046152
1.468013 0.046331
1.469013 0.046511
1.470013 0.046691
1.471013 0.046871
1.472013 0.047051
1.473013 0.047232
1.474013 0.047413
1.475013 0.047594
1.476013 0.047776
1.477013 0.047957
1.478013 0.048139
1.479013 0.048322
1.480013 0.048504
1.481013 0.048687
1.482013 0.048870
1.483013 0.049053
1.484013 0.049237
1.485013 0.049421
1.486013 0.049605
1.487013 0.049789
1.488014 0.049974
1.489014 0.050159
1.490014 0.050344
1.491014 0.050529
1.492014 0.050715
1.493014 0.050900
1.494014 0.051087
1.495014 0.051273
1.496014 0.051460
1.497014 0.051646
1.498014 0.051834
1.499014 0.052021
1.500014 0.052209
1.501014 0.052396
1.502014 0.052585
1.503014 0.052773
1.504014 0.052962
1.505014 0.053150
1.506014 0.053340
1.507014 0.053529
1.508014 0.053719
1.509014 0.053908
1.510015 0.054099
1.511015 0.054289
1.512015 0.054479
1.513015 0.054670
1.514015 0.054861
1.515015 0.055053
1.516015 0.055244
1.517015 0.055436
1.518015 0.055628
1.519015 0.055820
1.520015 0.056013
1.521015 0.056206
1.522015 0.056399
1.523015 0.056592
1.524015 0.056786
1.525015 0.056979
1.526015 0.057173
1.527015 0.057367
1.528015 0.057562
1.529015 0.057757
1.530015 0.057951
1.531016 0.058147
1.532016 0.058342
1.533016 0.058538
1.534016 0.058733
1.535016 0.058930
1.536016 0.059126
1.537016 0.059322
1.538016 0.059519
1.539016 0.059716
1.540016 0.059913
1.541016 0.060111
1.542016 0.060309
1.543016 0.060506
1.544016 0.060705
1.545016 0.060903
1.546016 0.061102
1.547016 0.061300
1.548016 0.061500
1.549016 0.061699
1.550016 0.061898
1.551016 0.062098
1.552016 0.062298
1.553017 0.062498
1.554017 0.062699
1.555017 0.062899
1.556017 0.063100
1.557017 0.063301
1.558017 0.063503
1.559017 0.063704
1.560017 0.063906
1.561017 0.064108
1.562017 0.064310
1.563017 0.064512
1.564017 0.064715
1.565017 0.064918
1.566017 0.065121
1.567017 0.065324
1.568017 0.065528
1.569017 0.065731
1.570017 0.065935
1.571017 0.066139
1.572017 0.066344
1.573017 0.066548
1.574018 0.066753
1.575018 0.066958
1.576018 0.067163
1.577018 0.067369
1.578018 0.067574
1.579018 0.067780
1.580018 0.067986
1.581018 0.068192
1.582018 0.068399
1.583018 0.068606
1.584018 0.068813
1.585018 0.069020
1.586018 0.069227
1.587018 0.069434
1.588018 0.069642
1.589018 0.069850
1.590018 0.070058
1.591018 0.070267
1.592018 0.070475
1.593018 0.070684
1.594018 0.070893
1.595019 0.071102
1.596019 0.071311
1.597019 0.071521
1.598019 0.071731
1.599019 0.071940
1.600019 0.072151
1.601019 0.072361
1.602019 0.072572
1.603019 0.072782
1.604019 0.072993
1.605019 0.073204
1.606019 0.073416
1.607019 0.073627
1.608019 0.073839
1.609019 0.074051
1.610019 0.074263
1.611019 0.074475
1.612019 0.074688
1.613019 0.074901
1.614019 0.075114
1.615019 0.075327
1.616019 0.075540
1.617020 0.075753
1.618020 0.075967
1.619020 0.076181
1.620020 0.076395
1.621020 0.076609
1.622020 0.076824
1.623020 0.077038
1.624020 0.077253
1.625020 0.077468
1.626020 0.077683
1.627020 0.077899
1.628020 0.078114
1.629020 0.078330
1.630020 0.078546
1.631020 0.078762
1.632020 0.078978
1.633020 0.079195
1.634020 0.079412
1.635020 0.079628
1.636020 0.079846
1.637020 0.080063
1.638021 0.080280
1.639021 0.080498
1.640021 0.080715
1.641021 0.080933
1.642021 0.081152
1.643021 0.081370
1.644021 0.081588
1.645021 0.081807
1.646021 0.082026
1.647021 0.082245
1.648021 0.082464
1.649021 0.082683
1.650021 0.082903
1.651021 0.083123
1.652021 0.083343
1.653021 0.083563
1.654021 0.083783
1.655021 0.084003
1.656021 0.084224
1.657021 0.084445
1.658021 0.084665
1.659021 0.084887
1.660022 0.085108
1.661022 0.085329
1.662022 0.085551
1.663022 0.085773
1.664022 0.085995
1.665022 0.086217
1.666022 0.086439
1.667022 0.086661
1.668022 0.086884
1.669022 0.087107
1.670022 0.087330
1.671022 0.087553
1.672022 0.087776
1.673022 0.088000
1.674022 0.088223
1.675022 0.088447
1.676022 0.088671
1.677022 0.088895
1.678022 0.089119
1.679022 0.089344
1.680022 0.089568
1.681023 0.089793
1.682023 0.090018
1.683023 0.090243
1.684023 0.090468
1.685023 0.090694
1.686023 0.090919
1.687023 0.091145
1.688023 0.091371
1.689023 0.091597
1.690023 0.091823
1.691023 0.092049
1.692023 0.092275
1.693023 0.092502
1.694023 0.092729
1.695023 0.092956
1.696023 0.093183
1.697023 0.093410
1.698023 0.093637
1.699023 0.093865
1.700023 0.094093
1.701023 0.094321
1.702024 0.094549
1.703024 0.094777
1.704024 0.095005
1.705024 0.095233
1.706024 0.095462
1.707024 0.095691
1.708024 0.095919
1.709024 0.096148
1.710024 0.096378
1.711024 0.096607
1.712024 0.096836
1.713024 0.097066
1.714024 0.097296
1.715024 0.097526
1.716024 0.097756
1.717024 0.097986
1.718024 0.098216
1.719024 0.098446
1.720024 0.098677
1.721024 0.098908
1.722024 0.099139
1.723024 0.099370
1.724025 0.099601
1.725025 0.099832
1.726025 0.100064
1.727025 0.100295
1.728025 0.100527
1.729025 0.100759
1.730025 0.100990
1.731025 0.101223
1.732025 0.101455
1.733025 0.101687
1.734025 0.101920
1.735025 0.102152
1.736025 0.102385
1.737025 0.102618
1.738025 0.102851
1.739025 0.103084
1.740025 0.103317
1.741025 0.103551
1.742025 0.103784
1.743025 0.104018
1.744025 0.104252
1.745026 0.104486
1.746026 0.104720
1.747026 0.104954
1.748026 0.105188
1.749026 0.105423
1.750026 0.105657
1.751026 0.105892
1.752026 0.106127
1.753026 0.106362
1.754026 0.106597
1.755026 0.106832
1.756026 0.107067
1.757026 0.107303
1.758026 0.107538
1.759026 0.107774
1.760026 0.108010
1.761026 0.108246
1.762026 0.108482
1.763026 0.108718
1.764026 0.108954
1.765026 0.109191
1.766026 0.109427
1.767027 0.109664
1.768027 0.109900
1.769027 0.110137
1.770027 0.110374
1.771027 0.110611
1.772027 0.110849
1.773027 0.111086
1.774027 0.111323
1.775027 0.111561
1.776027 0.111799
1.777027 0.112036
1.778027 0.112274
1.779027 0.112512
1.780027 0.112750
1.781027 0.112988
1.782027 0.113227
1.783027 0.113465
1.784027 0.113704
1.785027 0.113942
1.786027 0.114181
1.787027 0.114420
1.788028 0.114659
1.789028 0.114898
1.790028 0.115137
1.791028 0.115377
1.792028 0.115616
1.793028 0.115855
1.794028 0.116095
1.795028 0.116335
1.796028 0.116574
1.797028 0.116814
1.798028 0.117054
1.799028 0.117294
1.800028 0.117535
1.801028 0.117775
1.802028 0.118015
1.803028 0.118256
1.804028 0.118496
1.805028 0.118737
1.806028 0.118978
1.807028 0.119219
1.808028 0.119460
1.809029 0.119701
1.810029 0.119942
1.811029 0.120183
1.812029 0.120425
1.813029 0.120666
1.814029 0.120908
1.815029 0.121149
1.816029 0.121391
1.817029 0.121633
1.818029 0.121875
1.819029 0.122117
1.820029 0.122359
1.821029 0.122601
1.822029 0.122844
1.823029 0.123086
1.824029 0.123328
1.825029 0.123571
1.826029 0.123814
1.827029 0.124056
1.828029 0.124299
1.829029 0.124542
1.830029 0.124785
1.831030 0.125028
1.832030 0.125271
1.833030 0.125515
1.834030 0.125758
1.835030 0.126001
1.836030 0.126245
1.837030 0.126488
1.838030 0.126732
1.839030 0.126976
1.840030 0.127219
1.841030 0.127463
1.842030 0.127707
1.843030 0.127951
1.844030 0.128195
1.845030 0.128440
1.846030 0.128684
1.847030 0.128928
1.848030 0.129173
1.849030 0.129417
1.850030 0.129662
1.851030 0.129907
1.852031 0.130151
1.853031 0.130396
1.854031 0.130641
1.855031 0.130886
1.856031 0.131131
1.857031 0.131376
1.858031 0.131621
1.859031 0.131866
1.860031 0.132112
1.861031 0.132357
1.862031 0.132603
1.863031 0.132848
1.864031 0.133094
1.865031 0.133339
1.866031 0.133585
1.867031 0.133831
1.868031 0.134077
1.869031 0.134323
1.870031 0.134569
1.871031 0.134815
1.872031 0.135061
1.873031 0.135307
1.874032 0.135553
1.875032 0.135800
1.876032 0.136046
1.877032 0.136293
1.878032 0.136539
1.879032 0.136786
1.880032 0.137032
1.881032 0.137279
1.882032 0.137526
1.883032 0.137772
1.884032 0.138019
1.885032 0.138266
1.886032 0.138513
1.887032 0.138760
1.888032 0.139007
1.889032 0.139254
1.890032 0.139502
1.891032 0.139749
1.892032 0.139996
1.893032 0.140244
1.894032 0.140491
1.895033 0.140738
1.896033 0.140986
1.897033 0.141234
1.898033 0.141481
1.899033 0.141729
1.900033 0.141977
1.901033 0.142224
1.902033 0.142472
1.903033 0.142720
1.904033 0.142968
1.905033 0.143216
1.906033 0.143464
1.907033 0.143712
1.908033 0.143960
1.909033 0.144208
1.910033 0.144456
1.911033 0.144705
1.912033 0.144953
1.913033 0.145201
1.914033 0.145450
1.915033 0.145698
1.916034 0.145947
1.917034 0.146195
1.918034 0.146444
1.919034 0.146692
1.920034 0.146941
1.921034 0.147190
1.922034 0.147438
1.923034 0.147687
1.924034 0.147936
1.925034 0.148185
1.926034 0.148434
1.927034 0.148682
1.928034 0.148931
1.929034 0.149180
1.930034 0.149429
1.931034 0.149678
1.932034 0.149928
1.933034 0.150177
1.934034 0.150426
1.935034 0.150675
1.936034 0.150924
1.937034 0.151173
1.938035 0.151423
1.939035 0.151672
1.940035 0.151921
1.941035 0.152171
1.942035 0.152420
1.943035 0.152669
1.944035 0.152919
1.945035 0.153169
1.946035 0.153418
1.947035 0.153667
1.948035 0.153917
1.949035 0.154167
1.950035 0.154416
1.951035 0.154666
1.952035 0.154916
1.953035 0.155165
1.954035 0.155415
1.955035 0.155665
1.956035 0.155914
1.957035 0.156164
1.958035 0.156414
1.959036 0.156664
1.960036 0.156914
1.961036 0.157163
1.962036 0.157413
1.963036 0.157663
1.964036 0.157913
1.965036 0.158163
1.966036 0.158413
1.967036 0.158663
1.968036 0.158913
1.969036 0.159163
1.970036 0.159413
1.971036 0.159663
1.972036 0.159913
1.973036 0.160163
1.974036 0.160413
1.975036 0.160663
1.976036 0.160914
1.977036 0.161164
1.978036 0.161414
1.979036 0.161664
1.980036 0.161914
1.981037 0.162164
1.982037 0.162414
1.983037 0.162665
1.984037 0.162915
1.985037 0.163165
1.986037 0.163415
1.987037 0.163665
1.988037 0.163916
1.989037 0.164166
1.990037 0.164416
1.991037 0.164666
1.992037 0.164916
1.993037 0.165167
1.994037 0.165417
1.995037 0.165667
1.996037 0.165917
1.997037 0.166168
1.998037 0.166418
1.999037 0.166668
2.000037 0.166918
2.001037 0.167169
2.002037 0.167419
2.003037 0.167669
2.004037 0.167919
2.005037 0.168170
2.006037 0.168420
2.007037 0.168670
2.008037 0.168920
2.009037 0.169171
2.010037 0.169421
2.011037 0.169671
2.012037 0.169922
2.013036 0.170172
2.014036 0.170422
2.015036 0.170672
2.016036 0.170923
2.017036 0.171173
2.018036 0.171423
2.019036 0.171674
2.020036 0.171924
2.021036 0.172174
2.022036 0.172425
2.023036 0.172675
2.024036 0.172925
2.025036 0.173175
2.026036 0.173426
2.027035 0.173676
2.028035 0.173926
2.029035 0.174176
2.030035 0.174427
2.031035 0.174677
2.032035 0.174927
2.033035 0.175178
2.034035 0.175428
2.035035 0.175678
2.036035 0.175928
2.037035 0.176179
2.038035 0.176429
2.039035 0.176679
2.040035 0.176930
2.041034 0.177180
2.042034 0.177430
2.043034 0.177680
2.044034 0.177931
2.045034 0.178181
2.046034 0.178431
2.047034 0.178682
2.048034 0.178932
2.049034 0.179182
2.050034 0.179432
2.051034 0.179683
2.052034 0.179933
2.053034 0.180183
2.054034 0.180433
2.055033 0.180684
2.056033 0.180934
2.057033 0.181184
2.058033 0.181435
2.059033 0.181685
2.060033 0.181935
2.061033 0.182185
2.062033 0.182436
2.063033 0.182686
2.064033 0.182936
2.065033 0.183187
2.066033 0.183437
2.067033 0.183687
2.068033 0.183937
2.069032 0.184188
2.070032 0.184438
2.071032 0.184688
2.072032 0.184938
2.073032 0.185189
2.074032 0.185439
2.075032 0.185689
2.076032 0.185940
2.077032 0.186190
2.078032 0.186440
2.079032 0.186690
2.080032 0.186941
2.081032 0.187191
2.082031 0.187441
2.083031 0.187692
2.084031 0.187942
2.085031 0.188192
2.086031 0.188442
2.087031 0.188693
2.088031 0.188943
2.089031 0.189193
2.090031 0.189444
2.091031 0.189694
2.092031 0.189944
2.093031 0.190194
2.094031 0.190445
2.095031 0.190695
2.096030 0.190945
2.097030 0.191195
2.098030 0.191446
2.099030 0.191696
2.100030 0.191946
2.101030 0.192197
2.102030 0.192447
2.103030 0.192697
2.104030 0.192947
2.105030 0.193198
2.106030 0.193448
2.107030 0.193698
2.108030 0.193949
2.109030 0.194199
2.110029 0.194449
2.111029 0.194699
2.112029 0.194950
2.113029 0.195200
2.114029 0.195450
2.115029 0.195700
2.116029 0.195951
2.117029 0.196201
2.118029 0.196451
2.119029 0.196702
2.120029 0.196952
2.121029 0.197202
2.122029 0.197452
2.123029 0.197703
2.124028 0.197953
2.125028 0.198203
2.126028 0.198454
2.127028 0.198704
2.128028 0.198954
2.129028 0.199204
2.130028 0.199455
2.131028 0.199705
2.132028 0.199955
2.133028 0.200206
2.134028 0.200456
2.135028 0.200706
2.136028 0.200956
2.137028 0.201207
2.138027 0.201457
2.139027 0.201707
2.140027 0.201957
2.141027 0.202208
2.142027 0.202458
2.143027 0.202708
2.144027 0.202959
2.145027 0.203209
2.146027 0.203459
2.147027 0.203709
2.148027 0.203960
2.149027 0.204210
2.150027 0.204460
2.151026 0.204711
2.152026 0.204961
2.153026 0.205211
2.154026 0.205461
2.155026 0.205712
2.156026 0.205962
2.157026 0.206212
2.158026 0.206462
2.159026 0.206713
2.160026 0.206963
2.161026 0.207213
2.162026 0.207464
2.163026 0.207714
2.164026 0.207964
2.165025 0.208214
2.166025 0.208465
2.167025 0.208715
2.168025 0.208965
2.169025 0.209216
2.170025 0.209466
2.171025 0.209716
2.172025 0.209966
2.173025 0.210217
2.174025 0.210467
2.175025 0.210717
2.176025 0.210967
2.177025 0.211218
2.178025 0.211468
2.179024 0.211718
2.180024 0.211969
2.181024 0.212219
2.182024 0.212469
2.183024 0.212720
2.184024 0.212970
2.185024 0.213220
2.186024 0.213470
2.187024 0.213721
2.188024 0.213971
2.189024 0.214221
2.190024 0.214471
2.191024 0.214722
2.192024 0.214972
2.193023 0.215222
2.194023 0.215473
2.195023 0.215723
2.196023 0.215973
2.197023 0.216224
2.198023 0.216474
2.199023 0.216724
2.200023 0.216974
2.201023 0.217224
2.202023 0.217475
2.203023 0.217725
2.204023 0.217975
2.205023 0.218226
2.206023 0.218476
2.207022 0.218726
2.208022 0.218976
2.209022 0.219227
2.210022 0.219477
2.211022 0.219727
2.212022 0.219978
2.213022 0.220228
2.214022 0.220478
2.215022 0.220728
2.216022 0.220979
2.217022 0.221229
2.218022 0.221479
2.219022 0.221729
2.220021 0.221980
2.221021 0.222230
2.222021 0.222480
2.223021 0.222731
2.224021 0.222981
2.225021 0.223231
2.226021 0.223481
2.227021 0.223732
2.228021 0.223982
2.229021 0.224232
2.230021 0.224483
2.231021 0.224733
2.232021 0.224983
2.233021 0.225233
2.234020 0.225484
2.235020 0.225734
2.236020 0.225984
2.237020 0.226234
2.238020 0.226485
2.239020 0.226735
2.240020 0.226985
2.241020 0.227236
2.242020 0.227486
2.243020 0.227736
2.244020 0.227986
2.245020 0.228237
2.246020 0.228487
2.247020 0.228737
2.248019 0.228988
2.249019 0.229238
2.250019 0.229488
2.251019 0.229738
2.252019 0.229989
2.253019 0.230239
2.254019 0.230489
2.255019 0.230740
2.256019 0.230990
2.257019 0.231240
2.258019 0.231490
2.259019 0.231741
2.260019 0.231991
2.261019 0.232241
2.262018 0.232491
2.263018 0.232742
2.264018 0.232992
2.265018 0.233242
2.266018 0.233493
2.267018 0.233743
2.268018 0.233993
2.269018 0.234243
2.270018 0.234494
2.271018 0.234744
2.272018 0.234994
2.273018 0.235244
2.274018 0.235495
2.275017 0.235745
2.276017 0.235995
2.277017 0.236246
2.278017 0.236496
2.279017 0.236746
2.280017 0.236996
2.281017 0.237247
2.282017 0.237497
2.283017 0.237747
2.284017 0.237998
2.285017 0.238248
2.286017 0.238498
2.287017 0.238748
2.288017 0.238999
2.289016 0.239249
2.290016 0.239499
2.291016 0.239749
2.292016 0.240000
2.293016 0.240250
2.294016 0.240500
2.295016 0.240751
2.296016 0.241001
2.297016 0.241251
2.298016 0.241501
2.299016 0.241752
2.300016 0.242002
2.301016 0.242252
2.302016 0.242503
2.303015 0.242753
2.304015 0.243003
2.305015 0.243253
2.306015 0.243504
2.307015 0.243754
2.308015 0.244004
2.309015 0.244255
2.310015 0.244505
2.311015 0.244755
2.312015 0.245005
2.313015 0.245256
2.314015 0.245506
2.315015 0.245756
2.316015 0.246006
2.317014 0.246257
2.318014 0.246507
2.319014 0.246757
2.320014 0.247008
2.321014 0.247258
2.322014 0.247508
2.323014 0.247758
2.324014 0.248009
2.325014 0.248259
2.326014 0.248509
2.327014 0.248760
2.328014 0.249010
2.329014 0.249260
2.330014 0.249510
2.331013 0.249761
2.332013 0.250011
2.333013 0.250261
2.334013 0.250511
2.335013 0.250762
2.336013 0.251012
2.337013 0.251262
2.338013 0.251513
2.339013 0.251763
2.340013 0.252013
2.341013 0.252263
2.342013 0.252514
2.343013 0.252764
2.344012 0.253014
2.345012 0.253264
2.346012 0.253515
2.347012 0.253765
2.348012 0.254015
2.349012 0.254266
2.350012 0.254516
2.351012 0.254766
2.352012 0.255016
2.353012 0.255267
2.354012 0.255517
2.355012 0.255767
2.356012 0.256018
2.357012 0.256268
2.358011 0.256518
2.359011 0.256768
2.360011 0.257019
2.361011 0.257269
2.362011 0.257519
2.363011 0.257769
2.364011 0.258020
2.365011 0.258270
2.366011 0.258520
2.367011 0.258771
2.368011 0.259021
2.369011 0.259271
2.370011 0.259521
2.371011 0.259772
2.372010 0.260022
2.373010 0.260272
2.374010 0.260522
2.375010 0.260773
2.376010 0.261023
2.377010 0.261273
2.378010 0.261524
2.379010 0.261774
2.380010 0.262024
2.381010 0.262274
2.382010 0.262525
2.383010 0.262775
2.384010 0.263025
2.385010 0.263276
2.386009 0.263526
2.387009 0.263776
2.388009 0.264026
2.389009 0.264277
2.390009 0.264527
2.391009 0.264777
2.392009 0.265027
2.393009 0.265278
2.394009 0.265528
2.395009 0.265778
2.396009 0.266029
2.397009 0.266279
2.398009 0.266529
2.399009 0.266779
2.400008 0.267030
2.401008 0.267280
2.402008 0.267530
2.403008 0.267780
2.404008 0.268031
2.405008 0.268281
2.406008 0.268531
2.407008 0.268782
2.408008 0.269032
2.409008 0.269282
2.410008 0.269532
2.411008 0.269783
2.412008 0.270033
2.413007 0.270283
2.414007 0.270533
2.415007 0.270784
2.416007 0.271034
2.417007 0.271284
2.418007 0.271535
2.419007 0.271785
2.420007 0.272035
2.421007 0.272285
2.422007 0.272536
2.423007 0.272786
2.424007 0.273036
2.425007 0.273287
2.426007 0.273537
2.427006 0.273787
2.428006 0.274037
2.429006 0.274287
2.430006 0.274538
2.431006 0.274788
2.432006 0.275038
2.433006 0.275289
2.434006 0.275539
2.435006 0.275789
2.436006 0.276040
2.437006 0.276290
2.438006 0.276540
2.439006 0.276790
2.440006 0.277041
2.441005 0.277291
2.442005 0.277541
2.443005 0.277791
2.444005 0.278042
2.445005 0.278292
2.446005 0.278542
2.447005 0.278792
2.448005 0.279043
2.449005 0.279293
2.450005 0.279543
2.451005 0.279794
2.452005 0.280044
2.453005 0.280294
2.454005 0.280544
2.455004 0.280795
2.456004 0.281045
2.457004 0.281295
2.458004 0.281546
2.459004 0.281796
2.460004 0.282046
2.461004 0.282296
2.462004 0.282546
2.463004 0.282797
2.464004 0.283047
2.465004 0.283297
2.466004 0.283548
2.467004 0.283798
2.468004 0.284048
2.469003 0.284298
2.470003 0.284549
2.471003 0.284799
2.472003 0.285049
2.473003 0.285300
2.474003 0.285550
2.475003 0.285800
2.476003 0.286050
2.477003 0.286301
2.478003 0.286551
2.479003 0.286801
2.480003 0.287052
2.481003 0.287302
2.482002 0.287552
2.483002 0.287802
2.484002 0.288053
2.485002 0.288303
2.486002 0.288553
2.487002 0.288804
2.488002 0.289054
2.489002 0.289304
2.490002 0.289554
2.491002 0.289805
2.492002 0.290055
2.493002 0.290305
2.494002 0.290555
2.495002 0.290806
2.496001 0.291056
2.497001 0.291306
2.498001 0.291556
2.499001 0.291807
2.500001 0.292057
2.501001 0.292307
2.502001 0.292558
2.503001 0.292808
2.504001 0.293058
2.505001 0.293308
2.506001 0.293559
2.507001 0.293809
2.508001 0.294059
2.509001 0.294309
2.510000 0.294560
2.511000 0.294810
2.512000 0.295060
2.513000 0.295311
2.514000 0.295561
2.515000 0.295811
2.516000 0.296061
2.517000 0.296312
2.518000 0.296562
2.519000 0.296812
2.520000 0.297062
2.521000 0.297313
2.522000 0.297563
2.523000 0.297813
2.523999 0.298063
2.524999 0.298314
2.525999 0.298564
2.526999 0.298814
2.527999 0.299065
2.528999 0.299315
2.529999 0.299565
2.530999 0.299815
2.531999 0.300066
2.532999 0.300316
2.533999 0.300566
2.534999 0.300816
2.535999 0.301067
2.536999 0.301317
2.537998 0.301567
2.538998 0.301818
2.539998 0.302068
2.540998 0.302318
2.541998 0.302568
2.542998 0.302819
2.543998 0.303069
2.544998 0.303319
2.545998 0.303569
2.546998 0.303820
2.547998 0.304070
2.548998 0.304320
2.549998 0.304571
2.550997 0.304821
2.551997 0.305071
2.552997 0.305321
2.553997 0.305572
2.554997 0.305822
2.555997 0.306072
2.556997 0.306323
2.557997 0.306573
2.558997 0.306823
2.559997 0.307073
2.560997 0.307324
2.561997 0.307574
2.562997 0.307824
2.563997 0.308074
2.564996 0.308325
2.565996 0.308575
2.566996 0.308825
2.567996 0.309075
2.568996 0.309326
2.569996 0.309576
2.570996 0.309826
2.571996 0.310076
2.572996 0.310327
2.573996 0.310577
2.574996 0.310827
2.575996 0.311078
2.576996 0.311328
2.577996 0.311578
2.578995 0.311828
2.579995 0.312079
2.580995 0.312329
2.581995 0.312579
2.582995 0.312829
2.583995 0.313080
2.584995 0.313330
2.585995 0.313580
2.586995 0.313831
2.587995 0.314081
2.588995 0.314331
2.589995 0.314581
2.590995 0.314832
2.591995 0.315082
2.592994 0.315332
2.593994 0.315583
2.594994 0.315833
2.595994 0.316083
2.596994 0.316333
2.597994 0.316584
2.598994 0.316834
2.599994 0.317084
2.600994 0.317334
2.601994 0.317585
2.602994 0.317835
2.603994 0.318085
2.604994 0.318335
2.605994 0.318586
2.606993 0.318836
2.607993 0.319086
2.608993 0.319337
2.609993 0.319587
2.610993 0.319837
2.611993 0.320087
2.612993 0.320338
2.613993 0.320588
2.614993 0.320838
2.615993 0.321088
2.616993 0.321339
2.617993 0.321589
2.618993 0.321839
2.619992 0.322089
2.620992 0.322340
2.621992 0.322590
2.622992 0.322840
2.623992 0.323091
2.624992 0.323341
2.625992 0.323591
2.626992 0.323841
2.627992 0.324092
2.628992 0.324342
2.629992 0.324592
2.630992 0.324842
2.631992 0.325093
2.632992 0.325343
2.633991 0.325593
2.634991 0.325843
2.635991 0.326094
2.636991 0.326344
2.637991 0.326594
2.638991 0.326845
2.639991 0.327095
2.640991 0.327345
2.641991 0.327595
2.642991 0.327845
2.643991 0.328096
2.644991 0.328346
2.645991 0.328596
2.646991 0.328847
2.647990 0.329097
2.648990 0.329347
2.649990 0.329597
2.650990 0.329848
2.651990 0.330098
2.652990 0.330348
2.653990 0.330598
2.654990 0.330849
2.655990 0.331099
2.656990 0.331349
2.657990 0.331599
2.658990 0.331850
2.659990 0.332100
2.660990 0.332350
2.661989 0.332601
2.662989 0.332851
2.663989 0.333101
2.664989 0.333351
2.665989 0.333602
2.666989 0.333852
2.667989 0.334102
2.668989 0.334352
2.669989 0.334603
2.670989 0.334853
2.671989 0.335103
2.672989 0.335354
2.673989 0.335604
2.674989 0.335854
2.675988 0.336104
2.676988 0.336355
2.677988 0.336605
2.678988 0.336855
2.679988 0.337105
2.680988 0.337356
2.681988 0.337606
2.682988 0.337856
2.683988 0.338107
2.684988 0.338357
2.685988 0.338607
2.686988 0.338857
2.687988 0.339108
2.688987 0.339358
2.689987 0.339608
2.690987 0.339859
2.691987 0.340109
2.692987 0.340359
2.693987 0.340609
2.694987 0.340860
2.695987 0.341110
2.696987 0.341360
2.697987 0.341610
2.698987 0.341860
2.699987 0.342111
2.700987 0.342361
2.701987 0.342611
2.702986 0.342862
2.703986 0.343112
2.704986 0.343362
2.705986 0.343612
2.706986 0.343863
2.707986 0.344113
2.708986 0.344363
2.709986 0.344613
2.710986 0.344864
2.711986 0.345114
2.712986 0.345364
2.713986 0.345615
2.714986 0.345864
2.715986 0.346115
2.716985 0.346365
2.717985 0.346615
2.718985 0.346866
2.719985 0.347116
2.720985 0.347366
2.721985 0.347617
2.722985 0.347867
2.723985 0.348117
2.724985 0.348367
2.725985 0.348618
2.726985 0.348868
2.727985 0.349118
2.728985 0.349369
2.729985 0.349619
2.730984 0.349869
2.731984 0.350119
2.732984 0.350370
2.733984 0.350620
2.734984 0.350870
2.735984 0.351120
2.736984 0.351370
2.737984 0.351621
2.738984 0.351871
2.739984 0.352121
2.740984 0.352372
2.741984 0.352622
2.742984 0.352872
2.743984 0.353122
2.744983 0.353373
2.745983 0.353623
2.746983 0.353873
2.747983 0.354124
2.748983 0.354374
2.749983 0.354624
2.750983 0.354874
2.751983 0.355125
2.752983 0.355375
2.753983 0.355625
2.754983 0.355875
2.755983 0.356126
2.756983 0.356376
2.757982 0.356626
2.758982 0.356876
2.759982 0.357127
2.760982 0.357377
2.761982 0.357627
2.762982 0.357878
2.763982 0.358128
2.764982 0.358378
2.765982 0.358628
2.766982 0.358878
2.767982 0.359129
2.768982 0.359379
2.769982 0.359629
2.770982 0.359879
2.771981 0.360130
2.772981 0.360380
2.773981 0.360630
2.774981 0.360880
2.775981 0.361131
2.776981 0.361381
2.777981 0.361631
2.778981 0.361881
2.779981 0.362132
2.780981 0.362382
2.781981 0.362632
2.782981 0.362883
2.783981 0.363133
2.784981 0.363383
2.785980 0.363634
2.786980 0.363884
2.787980 0.364134
2.788980 0.364384
2.789980 0.364634
2.790980 0.364885
2.791980 0.365135
2.792980 0.365385
2.793980 0.365636
2.794980 0.365886
2.795980 0.366136
2.796980 0.366386
2.797980 0.366637
2.798980 0.366887
2.799979 0.367137
2.800979 0.367387
2.801979 0.367638
2.802979 0.367888
2.803979 0.368138
2.804979 0.368388
2.805979 0.368639
2.806979 0.368889
2.807979 0.369139
2.808979 0.369389
2.809979 0.369640
2.810979 0.369890
2.811979 0.370140
2.812979 0.370390
2.813978 0.370641
2.814978 0.370891
2.815978 0.371141
2.816978 0.371392
2.817978 0.371642
2.818978 0.371892
2.819978 0.372142
2.820978 0.372393
2.821978 0.372643
2.822978 0.372893
2.823978 0.373143
2.824978 0.373394
2.825978 0.373644
2.826977 0.373894
2.827977 0.374144
2.828977 0.374395
2.829977 0.374645
2.830977 0.374895
2.831977 0.375146
2.832977 0.375396
2.833977 0.375646
2.834977 0.375896
2.835977 0.376147
2.836977 0.376397
2.837977 0.376647
2.838977 0.376897
2.839977 0.377148
2.840976 0.377398
2.841976 0.377648
2.842976 0.377898
2.843976 0.378148
2.844976 0.378399
2.845976 0.378649
2.846976 0.378899
2.847976 0.379149
2.848976 0.379400
2.849976 0.379650
2.850976 0.379900
2.851976 0.380151
2.852976 0.380401
2.853976 0.380651
2.854975 0.380901
2.855975 0.381152
2.856975 0.381402
2.857975 0.381652
2.858975 0.381903
2.859975 0.382152
2.860975 0.382403
2.861975 0.382653
2.862975 0.382904
2.863975 0.383154
2.864975 0.383404
2.865975 0.383654
2.866975 0.383905
2.867975 0.384155
2.868974 0.384405
2.869974 0.384655
2.870974 0.384905
2.871974 0.385156
2.872974 0.385406
2.873974 0.385656
2.874974 0.385906
2.875974 0.386157
2.876974 0.386407
2.877974 0.386657
2.878974 0.386908
2.879974 0.387158
2.880974 0.387408
2.881974 0.387658
2.882973 0.387908
2.883973 0.388159
2.884973 0.388409
2.885973 0.388660
2.886973 0.388910
2.887973 0.389160
2.888973 0.389410
2.889973 0.389661
2.890973 0.389911
2.891973 0.390161
2.892973 0.390411
2.893973 0.390661
2.894973 0.390912
2.895972 0.391162
2.896972 0.391412
2.897972 0.391663
2.898972 0.391913
2.899972 0.392163
2.900972 0.392413
2.901972 0.392664
2.902972 0.392914
2.903972 0.393164
2.904972 0.393414
2.905972 0.393665
2.906972 0.393915
2.907972 0.394165
2.908972 0.394415
2.909971 0.394666
2.910971 0.394916
2.911971 0.395166
2.912971 0.395416
2.913971 0.395666
2.914971 0.395917
2.915971 0.396167
2.916971 0.396417
2.917971 0.396668
2.918971 0.396918
2.919971 0.397168
2.920971 0.397418
2.921971 0.397669
2.922971 0.397919
2.923970 0.398169
2.924970 0.398419
2.925970 0.398670
2.926970 0.398920
2.927970 0.399170
2.928970 0.399420
2.929970 0.399671
2.930970 0.399921
2.931970 0.400171
2.932970 0.400421
2.933970 0.400671
2.934970 0.400922
2.935970 0.401172
2.936970 0.401422
2.937969 0.401673
2.938969 0.401923
2.939969 0.402173
2.940969 0.402423
2.941969 0.402674
2.942969 0.402924
2.943969 0.403174
2.944969 0.403424
2.945969 0.403675
2.946969 0.403925
2.947969 0.404175
2.948969 0.404425
2.949969 0.404676
2.950969 0.404926
2.951968 0.405176
2.952968 0.405426
2.953968 0.405677
2.954968 0.405927
2.955968 0.406177
2.956968 0.406427
2.957968 0.406678
2.958968 0.406928
2.959968 0.407178
2.960968 0.407428
2.961968 0.407679
2.962968 0.407929
2.963968 0.408179
2.964967 0.408430
2.965967 0.408680
2.966967 0.408930
2.967967 0.409180
2.968967 0.409430
2.969967 0.409681
2.970967 0.409931
2.971967 0.410181
2.972967 0.410432
2.973967 0.410682
2.974967 0.410932
2.975967 0.411182
2.976967 0.411432
2.977967 0.411683
2.978966 0.411933
2.979966 0.412183
2.980966 0.412433
2.981966 0.412684
2.982966 0.412934
2.983966 0.413184
2.984966 0.413434
2.985966 0.413685
2.986966 0.413935
2.987966 0.414185
2.988966 0.414435
2.989966 0.414686
2.990966 0.414936
2.991966 0.415186
2.992965 0.415437
2.993965 0.415687
2.994965 0.415937
2.995965 0.416187
2.996965 0.416437
2.997965 0.416688
2.998965 0.416938
2.999965 0.417188
3.000965 0.416438
3.001965 0.415688
3.002965 0.414939
3.003965 0.414190
3.004965 0.413442
3.005965 0.412694
3.006964 0.411947
3.007964 0.411200
3.008964 0.410454
3.009964 0.409709
3.010964 0.408963
3.011964 0.408219
3.012964 0.407474
3.013964 0.406731
3.014964 0.405987
3.015964 0.405245
3.016964 0.404503
3.017964 0.403761
3.018964 0.403020
3.019964 0.402279
3.020963 0.401539
3.021963 0.400799
3.022963 0.400060
3.023963 0.399322
3.024963 0.398584
3.025963 0.397846
3.026963 0.397109
3.027963 0.396372
3.028963 0.395636
3.029963 0.394901
3.030963 0.394166
3.031963 0.393431
3.032963 0.392698
3.033962 0.391964
3.034962 0.391231
3.035962 0.390499
3.036962 0.389767
3.037962 0.389035
3.038962 0.388305
3.039962 0.387574
3.040962 0.386844
3.041962 0.386115
3.042962 0.385386
3.043962 0.384658
3.044962 0.383930
3.045962 0.383203
3.046962 0.382476
3.047961 0.381751
3.048961 0.381024
3.049961 0.380299
3.050961 0.379575
3.051961 0.378851
3.052961 0.378127
3.053961 0.377404
3.054961 0.376682
3.055961 0.375960
3.056961 0.375238
3.057961 0.374517
3.058961 0.373797
3.059961 0.373077
3.060961 0.372358
3.061960 0.371639
3.062960 0.370921
3.063960 0.370203
3.064960 0.369486
3.065960 0.368769
3.066960 0.368053
3.067960 0.367337
3.068960 0.366623
3.069960 0.365908
3.070960 0.365194
3.071960 0.364480
3.072960 0.363767
3.073960 0.363055
3.074960 0.362343
3.075959 0.361632
3.076959 0.360921
3.077959 0.360211
3.078959 0.359501
3.079959 0.358792
3.080959 0.358084
3.081959 0.357376
3.082959 0.356668
3.083959 0.355961
3.084959 0.355254
3.085959 0.354549
3.086959 0.353843
3.087959 0.353138
3.088959 0.352434
3.089958 0.351730
3.090958 0.351027
3.091958 0.350324
3.092958 0.349622
3.093958 0.348921
3.094958 0.348220
3.095958 0.347519
3.096958 0.346819
3.097958 0.346120
3.098958 0.345421
3.099958 0.344723
3.100958 0.344025
3.101958 0.343328
3.102957 0.342631
3.103957 0.341935
3.104957 0.341240
3.105957 0.340545
3.106957 0.339851
3.107957 0.339157
3.108957 0.338463
3.109957 0.337771
3.110957 0.337079
3.111957 0.336387
3.112957 0.335696
3.113957 0.335005
3.114957 0.334315
3.115957 0.333626
3.116956 0.332937
3.117956 0.332249
3.118956 0.331561
3.119956 0.330874
3.120956 0.330187
3.121956 0.329501
3.122956 0.328816
3.123956 0.328131
3.124956 0.327447
3.125956 0.326763
3.126956 0.326079
3.127956 0.325397
3.128956 0.324715
3.129956 0.324033
3.130955 0.323352
3.131955 0.322672
3.132955 0.321992
3.133955 0.321313
3.134955 0.320634
3.135955 0.319956
3.136955 0.319278
3.137955 0.318601
3.138955 0.317925
3.139955 0.317249
3.140955 0.316573
3.141955 0.315899
3.142955 0.315225
3.143955 0.314551
3.144954 0.313878
3.145954 0.313206
3.146954 0.312534
3.147954 0.311863
3.148954 0.311192
3.149954 0.310521
3.150954 0.309852
3.151954 0.309183
3.152954 0.308514
3.153954 0.307847
3.154954 0.307179
3.155954 0.306512
3.156954 0.305847
3.157954 0.305181
3.158953 0.304516
3.159953 0.303852
3.160953 0.303188
3.161953 0.302525
3.162953 0.301862
3.163953 0.301200
3.164953 0.300538
3.165953 0.299878
3.166953 0.299217
3.167953 0.298557
3.168953 0.297898
3.169953 0.297240
3.170953 0.296582
3.171952 0.295924
3.172952 0.295268
3.173952 0.294611
3.174952 0.293956
3.175952 0.293301
3.176952 0.292646
3.177952 0.291992
3.178952 0.291339
3.179952 0.290686
3.180952 0.290034
3.181952 0.289383
3.182952 0.288732
3.183952 0.288082
3.184952 0.287432
3.185951 0.286783
3.186951 0.286134
3.187951 0.285486
3.188951 0.284839
3.189951 0.284192
3.190951 0.283546
3.191951 0.282900
3.192951 0.282255
3.193951 0.281611
3.194951 0.280967
3.195951 0.280324
3.196951 0.279681
3.197951 0.279039
3.198951 0.278398
3.199950 0.277757
3.200950 0.277117
3.201950 0.276477
3.202950 0.275838
3.203950 0.275200
3.204950 0.274562
3.205950 0.273925
3.206950 0.273289
3.207950 0.272653
3.208950 0.272017
3.209950 0.271382
3.210950 0.270748
3.211950 0.270115
3.212950 0.269482
3.213949 0.268849
3.214949 0.268218
3.215949 0.267586
3.216949 0.266956
3.217949 0.266326
3.218949 0.265697
3.219949 0.265068
3.220949 0.264440
3.221949 0.263812
3.222949 0.263186
3.223949 0.262559
3.224949 0.261934
3.225949 0.261309
3.226948 0.260684
3.227948 0.260061
3.228948 0.259437
3.229948 0.258815
3.230948 0.258193
3.231948 0.257571
3.232948 0.256951
3.233948 0.256330
3.234948 0.255711
3.235948 0.255092
3.236948 0.254474
3.237948 0.253856
3.238948 0.253239
3.239948 0.252623
3.240947 0.252007
3.241947 0.251392
3.242947 0.250777
3.243947 0.250163
3.244947 0.249550
3.245947 0.248937
3.246947 0.248325
3.247947 0.247714
3.248947 0.247103
3.249947 0.246493
3.250947 0.245883
3.251947 0.245274
3.252947 0.244666
3.253947 0.244058
3.254946 0.243451
3.255946 0.242845
3.256946 0.242239
3.257946 0.241634
3.258946 0.241029
3.259946 0.240425
3.260946 0.239822
3.261946 0.239220
3.262946 0.238617
3.263946 0.238016
3.264946 0.237415
3.265946 0.236815
3.266946 0.236216
3.267946 0.235617
3.268945 0.235018
3.269945 0.234421
3.270945 0.233824
3.271945 0.233228
3.272945 0.232632
3.273945 0.232037
3.274945 0.231442
3.275945 0.230849
3.276945 0.230256
3.277945 0.229663
3.278945 0.229071
3.279945 0.228480
3.280945 0.227889
3.281945 0.227300
3.282944 0.226710
3.283944 0.226122
3.284944 0.225534
3.285944 0.224946
3.286944 0.224359
3.287944 0.223773
3.288944 0.223188
3.289944 0.222603
3.290944 0.222019
3.291944 0.221435
3.292944 0.220853
3.293944 0.220270
3.294944 0.219689
3.295943 0.219108
3.296943 0.218528
3.297943 0.217948
3.298943 0.217369
3.299943 0.216791
3.300943 0.216213
3.301943 0.215636
3.302943 0.215060
3.303943 0.214484
3.304943 0.213909
3.305943 0.213334
3.306943 0.212761
3.307943 0.212188
3.308943 0.211615
3.309942 0.211043
3.310942 0.210472
3.311942 0.209902
3.312942 0.209332
3.313942 0.208763
3.314942 0.208194
3.315942 0.207626
3.316942 0.207059
3.317942 0.206493
3.318942 0.205927
3.319942 0.205361
3.320942 0.204797
3.321942 0.204233
3.322942 0.203670
3.323941 0.203107
3.324941 0.202545
3.325941 0.201984
3.326941 0.201423
3.327941 0.200863
3.328941 0.200304
3.329941 0.199745
3.330941 0.199187
3.331941 0.198630
3.332941 0.198074
3.333941 0.197518
3.334941 0.196962
3.335941 0.196408
3.336941 0.195854
3.337940 0.195300
3.338940 0.194748
3.339940 0.194196
3.340940 0.193645
3.341940 0.193094
3.342940 0.192544
3.343940 0.191995
3.344940 0.191446
3.345940 0.190898
3.346940 0.190351
3.347940 0.189805
3.348940 0.189259
3.349940 0.188714
3.350940 0.188169
3.351939 0.187625
3.352939 0.187082
3.353939 0.186539
3.354939 0.185997
3.355939 0.185456
3.356939 0.184916
3.357939 0.184376
3.358939 0.183837
3.359939 0.183298
3.360939 0.182761
3.361939 0.182224
3.362939 0.181687
3.363939 0.181151
3.364938 0.180616
3.365938 0.180082
3.366938 0.179548
3.367938 0.179015
3.368938 0.178483
3.369938 0.177951
3.370938 0.177421
3.371938 0.176890
3.372938 0.176361
3.373938 0.175832
3.374938 0.175304
3.375938 0.174776
3.376938 0.174249
3.377938 0.173723
3.378937 0.173198
3.379937 0.172673
3.380937 0.172149
3.381937 0.171626
3.382937 0.171103
3.383937 0.170581
3.384937 0.170060
3.385937 0.169539
3.386937 0.169019
3.387937 0.168500
3.388937 0.167981
3.389937 0.167463
3.390937 0.166946
3.391937 0.166430
3.392936 0.165914
3.393936 0.165399
3.394936 0.164885
3.395936 0.164371
3.396936 0.163858
3.397936 0.163346
3.398936 0.162834
3.399936 0.162323
3.400936 0.161813
3.401936 0.161304
3.402936 0.160795
3.403936 0.160287
3.404936 0.159780
3.405936 0.159273
3.406935 0.158767
3.407935 0.158262
3.408935 0.157757
3.409935 0.157254
3.410935 0.156750
3.411935 0.156248
3.412935 0.155746
3.413935 0.155245
3.414935 0.154745
3.415935 0.154245
3.416935 0.153746
3.417935 0.153248
3.418935 0.152751
3.419935 0.152254
3.420934 0.151758
3.421934 0.151263
3.422934 0.150768
3.423934 0.150274
3.424934 0.149781
3.425934 0.149288
3.426934 0.148796
3.427934 0.148305
3.428934 0.147815
3.429934 0.147325
3.430934 0.146836
3.431934 0.146348
3.432934 0.145861
3.433933 0.145374
3.434933 0.144888
3.435933 0.144403
3.436933 0.143918
3.437933 0.143434
3.438933 0.142951
3.439933 0.142468
3.440933 0.141987
3.441933 0.141506
3.442933 0.141025
3.443933 0.140546
3.444933 0.140067
3.445933 0.139589
3.446933 0.139111
3.447932 0.138635
3.448932 0.138159
3.449932 0.137683
3.450932 0.137209
3.451932 0.136735
3.452932 0.136262
3.453932 0.135790
3.454932 0.135318
3.455932 0.134847
3.456932 0.134377
3.457932 0.133907
3.458932 0.133439
3.459932 0.132971
3.460932 0.132503
3.461931 0.132037
3.462931 0.131571
3.463931 0.131106
3.464931 0.130642
3.465931 0.130178
3.466931 0.129715
3.467931 0.129253
3.468931 0.128792
3.469931 0.128331
3.470931 0.127871
3.471931 0.127412
3.472931 0.126954
3.473931 0.126496
3.474931 0.126039
3.475930 0.125583
3.476930 0.125127
3.477930 0.124672
3.478930 0.124218
3.479930 0.123765
3.480930 0.123312
3.481930 0.122861
3.482930 0.122410
3.483930 0.121959
3.484930 0.121510
3.485930 0.121061
3.486930 0.120613
3.487930 0.120166
3.488930 0.119719
3.489929 0.119273
3.490929 0.118828
3.491929 0.118384
3.492929 0.117940
3.493929 0.117497
3.494929 0.117055
3.495929 0.116613
3.496929 0.116173
3.497929 0.115733
3.498929 0.115294
3.499929 0.114855
3.500929 0.114418
3.501929 0.113981
3.502928 0.113545
3.503928 0.113109
3.504928 0.112675
3.505928 0.112241
3.506928 0.111808
3.507928 0.111375
3.508928 0.110944
3.509928 0.110513
3.510928 0.110083
3.511928 0.109653
3.512928 0.109225
3.513928 0.108797
3.514928 0.108370
3.515928 0.107943
3.516927 0.107518
3.517927 0.107093
3.518927 0.106669
3.519927 0.106246
3.520927 0.105823
3.521927 0.105401
3.522927 0.104980
3.523927 0.104560
3.524927 0.104141
3.525927 0.103722
3.526927 0.103304
3.527927 0.102887
3.528927 0.102470
3.529927 0.102055
3.530926 0.101640
3.531926 0.101226
3.532926 0.100812
3.533926 0.100400
3.534926 0.099988
3.535926 0.099577
3.536926 0.099166
3.537926 0.098757
3.538926 0.098348
3.539926 0.097940
3.540926 0.097533
3.541926 0.097126
3.542926 0.096721
3.543926 0.096316
3.544925 0.095911
3.545925 0.095508
3.546925 0.095105
3.547925 0.094704
3.548925 0.094303
3.549925 0.093902
3.550925 0.093503
3.551925 0.093104
3.552925 0.092706
3.553925 0.092309
3.554925 0.091912
3.555925 0.091517
3.556925 0.091122
3.557925 0.090728
3.558924 0.090335
3.559924 0.089942
3.560924 0.089550
3.561924 0.089159
3.562924 0.088769
3.563924 0.088380
3.564924 0.087991
3.565924 0.087603
3.566924 0.087216
3.567924 0.086830
3.568924 0.086445
3.569924 0.086060
3.570924 0.085676
3.571923 0.085293
3.572923 0.084911
3.573923 0.084529
3.574923 0.084148
3.575923 0.083768
3.576923 0.083389
3.577923 0.083011
3.578923 0.082633
3.579923 0.082256
3.580923 0.081880
3.581923 0.081505
3.582923 0.081131
3.583923 0.080757
3.584923 0.080384
3.585922 0.080012
3.586922 0.079641
3.587922 0.079270
3.588922 0.078901
3.589922 0.078532
3.590922 0.078164
3.591922 0.077796
3.592922 0.077430
3.593922 0.077064
3.594922 0.076699
3.595922 0.076335
3.596922 0.075972
3.597922 0.075609
3.598922 0.075247
3.599921 0.074886
3.600921 0.074526
3.601921 0.074167
3.602921 0.073808
3.603921 0.073451
3.604921 0.073094
3.605921 0.072738
3.606921 0.072382
3.607921 0.072028
3.608921 0.071674
3.609921 0.071321
3.610921 0.070969
3.611921 0.070618
3.612921 0.070267
3.613920 0.069918
3.614920 0.069569
3.615920 0.069221
3.616920 0.068873
3.617920 0.068527
3.618920 0.068181
3.619920 0.067837
3.620920 0.067492
3.621920 0.067149
3.622920 0.066807
3.623920 0.066465
3.624920 0.066124
3.625920 0.065785
3.626920 0.065445
3.627919 0.065107
3.628919 0.064769
3.629919 0.064433
3.630919 0.064097
3.631919 0.063762
3.632919 0.063428
3.633919 0.063094
3.634919 0.062761
3.635919 0.062430
3.636919 0.062099
3.637919 0.061768
3.638919 0.061439
3.639919 0.061111
3.640918 0.060783
3.641918 0.060456
3.642918 0.060130
3.643918 0.059805
3.644918 0.059480
3.645918 0.059157
3.646918 0.058834
3.647918 0.058512
3.648918 0.058191
3.649918 0.057870
3.650918 0.057551
3.651918 0.057232
3.652918 0.056914
3.653918 0.056597
3.654917 0.056281
3.655917 0.055966
3.656917 0.055651
3.657917 0.055338
3.658917 0.055025
3.659917 0.054713
3.660917 0.054401
3.661917 0.054091
3.662917 0.053781
3.663917 0.053473
3.664917 0.053165
3.665917 0.052858
3.666917 0.052551
3.667917 0.052246
3.668916 0.051942
3.669916 0.051638
3.670916 0.051335
3.671916 0.051033
3.672916 0.050732
3.673916 0.050431
3.674916 0.050132
3.675916 0.049833
3.676916 0.049535
3.677916 0.049238
3.678916 0.048942
3.679916 0.048647
3.680916 0.048352
3.681916 0.048058
3.682915 0.047766
3.683915 0.047474
3.684915 0.047182
3.685915 0.046892
3.686915 0.046603
3.687915 0.046314
3.688915 0.046026
3.689915 0.045739
3.690915 0.045453
3.691915 0.045168
3.692915 0.044884
3.693915 0.044600
3.694915 0.044317
3.695915 0.044035
3.696914 0.043754
3.697914 0.043474
3.698914 0.043195
3.699914 0.042916
3.700914 0.042639
3.701914 0.042362
3.702914 0.042086
3.703914 0.041811
3.704914 0.041537
3.705914 0.041264
3.706914 0.040991
3.707914 0.040719
3.708914 0.040449
3.709913 0.040179
3.710913 0.039910
3.711913 0.039641
3.712913 0.039374
3.713913 0.039107
3.714913 0.038842
3.715913 0.038577
3.716913 0.038313
3.717913 0.038050
3.718913 0.037788
3.719913 0.037526
3.720913 0.037266
3.721913 0.037006
3.722913 0.036747
3.723912 0.036489
3.724912 0.036232
3.725912 0.035976
3.726912 0.035721
3.727912 0.035466
3.728912 0.035213
3.729912 0.034960
3.730912 0.034708
3.731912 0.034457
3.732912 0.034207
3.733912 0.033958
3.734912 0.033709
3.735912 0.033462
3.736912 0.033215
3.737911 0.032969
3.738911 0.032724
3.739911 0.032480
3.740911 0.032237
3.741911 0.031995
3.742911 0.031753
3.743911 0.031513
3.744911 0.031273
3.745911 0.031034
3.746911 0.030796
3.747911 0.030559
3.748911 0.030323
3.749911 0.030087
3.750911 0.029853
3.751910 0.029619
3.752910 0.029387
3.753910 0.029155
3.754910 0.028924
3.755910 0.028694
3.756910 0.028464
3.757910 0.028236
3.758910 0.028009
3.759910 0.027782
3.760910 0.027556
3.761910 0.027331
3.762910 0.027108
3.763910 0.026884
3.764910 0.026662
3.765909 0.026441
3.766909 0.026221
3.767909 0.026001
3.768909 0.025782
3.769909 0.025565
3.770909 0.025348
3.771909 0.025132
3.772909 0.024917
3.773909 0.024702
3.774909 0.024489
3.775909 0.024277
3.776909 0.024065
3.777909 0.023854
3.778908 0.023645
3.779908 0.023436
3.780908 0.023228
3.781908 0.023021
3.782908 0.022814
3.783908 0.022609
3.784908 0.022405
3.785908 0.022201
3.786908 0.021998
3.787908 0.021797
3.788908 0.021596
3.789908 0.021396
3.790908 0.021197
3.791908 0.020999
3.792907 0.020801
3.793907 0.020605
3.794907 0.020409
3.795907 0.020215
3.796907 0.020021
3.797907 0.019828
3.798907 0.019636
3.799907 0.019445
3.800907 0.019255
3.801907 0.019066
3.802907 0.018878
3.803907 0.018690
3.804907 0.018504
3.805907 0.018318
3.806906 0.018134
3.807906 0.017950
3.808906 0.017767
3.809906 0.017585
3.810906 0.017404
3.811906 0.017224
3.812906 0.017045
3.813906 0.016866
3.814906 0.016689
3.815906 0.016512
3.816906 0.016337
3.817906 0.016162
3.818906 0.015988
3.819906 0.015815
3.820905 0.015643
3.821905 0.015472
3.822905 0.015302
3.823905 0.015133
3.824905 0.014964
3.825905 0.014797
3.826905 0.014630
3.827905 0.014465
3.828905 0.014300
3.829905 0.014136
3.830905 0.013973
3.831905 0.013811
3.832905 0.013650
3.833905 0.013490
3.834904 0.013331
3.835904 0.013173
3.836904 0.013015
3.837904 0.012859
3.838904 0.012703
3.839904 0.012549
3.840904 0.012395
3.841904 0.012242
3.842904 0.012090
3.843904 0.011940
3.844904 0.011790
3.845904 0.011640
3.846904 0.011492
3.847903 0.011345
3.848903 0.011199
3.849903 0.011053
3.850903 0.010909
3.851903 0.010765
3.852903 0.010623
3.853903 0.010481
3.854903 0.010340
3.855903 0.010200
3.856903 0.010062
3.857903 0.009924
3.858903 0.009786
3.859903 0.009650
3.860903 0.009515
3.861902 0.009381
3.862902 0.009248
3.863902 0.009115
3.864902 0.008984
3.865902 0.008853
3.866902 0.008724
3.867902 0.008595
3.868902 0.008467
3.869902 0.008340
3.870902 0.008215
3.871902 0.008090
3.872902 0.007966
3.873902 0.007843
3.874902 0.007720
3.875901 0.007599
3.876901 0.007479
3.877901 0.007360
3.878901 0.007241
3.879901 0.007124
3.880901 0.007007
3.881901 0.006892
3.882901 0.006777
3.883901 0.006664
3.884901 0.006551
3.885901 0.006439
3.886901 0.006328
3.887901 0.006218
3.888901 0.006109
3.889900 0.006001
3.890900 0.005894
3.891900 0.005788
3.892900 0.005683
3.893900 0.005579
3.894900 0.005476
3.895900 0.005373
3.896900 0.005272
3.897900 0.005171
3.898900 0.005072
3.899900 0.004973
3.900900 0.004876
3.901900 0.004779
3.902900 0.004683
3.903899 0.004589
3.904899 0.004495
3.905899 0.004402
3.906899 0.004310
3.907899 0.004219
3.908899 0.004129
3.909899 0.004040
3.910899 0.003952
3.911899 0.003865
3.912899 0.003779
3.913899 0.003694
3.914899 0.003610
3.915899 0.003526
3.916898 0.003444
3.917898 0.003363
3.918898 0.003282
3.919898 0.003203
3.920898 0.003124
3.921898 0.003047
3.922898 0.002970
3.923898 0.002895
3.924898 0.002820
3.925898 0.002746
3.926898 0.002674
3.927898 0.002602
3.928898 0.002531
3.929898 0.002461
3.930897 0.002392
3.931897 0.002325
3.932897 0.002258
3.933897 0.002192
3.934897 0.002127
3.935897 0.002063
3.936897 0.002000
3.937897 0.001937
3.938897 0.001876
3.939897 0.001816
3.940897 0.001757
3.941897 0.001699
3.942897 0.001642
3.943897 0.001585
3.944896 0.001530
3.945896 0.001476
3.946896 0.001422
3.947896 0.001370
3.948896 0.001319
3.949896 0.001268
3.950896 0.001219
3.951896 0.001170
3.952896 0.001123
3.953896 0.001076
3.954896 0.001031
3.955896 0.000986
3.956896 0.000942
3.957896 0.000900
3.958895 0.000858
3.959895 0.000818
3.960895 0.000778
3.961895 0.000739
3.962895 0.000701
3.963895 0.000665
3.964895 0.000629
3.965895 0.000594
3.966895 0.000560
3.967895 0.000528
3.968895 0.000496
3.969895 0.000465
3.970895 0.000435
3.971895 0.000406
3.972894 0.000378
3.973894 0.000351
3.974894 0.000326
3.975894 0.000301
3.976894 0.000277
3.977894 0.000254
3.978894 0.000232
3.979894 0.000211
3.980894 0.000191
3.981894 0.000172
3.982894 0.000154
3.983894 0.000137
3.984894 0.000121
3.985893 0.000106
3.986893 0.000092
3.987893 0.000079
3.988893 0.000067
3.989893 0.000056
3.990893 0.000046
3.991893 0.000037
3.992893 0.000029
3.993893 0.000021
3.994893 0.000015
3.995893 0.000010
3.996893 0.000006
3.997893 0.000003
3.998893 0.000001
3.999892 0.000000
4.000893 0.000000
4.001893 0.000000
4.002892 0.000000
4.003892 0.000000
4.004892 0.000000
4.005892 0.000000
4.006892 0.000000
4.007892 0.000000
4.008892 0.000000
4.009892 0.000000
4.010892 0.000000
4.011892 0.000000
4.012892 0.000000
4.013892 0.000000
4.014892 0.000000
4.015892 0.000000
4.016891 0.000000
4.017891 0.000000
4.018891 0.000000
4.019891 0.000000
4.020891 0.000000
4.021891 0.000000
4.022891 0.000000
4.023891 0.000000
4.024891 0.000000
4.025891 0.000000
4.026891 0.000000
4.027891 0.000000
4.028891 0.000000
4.029891 0.000000
4.030890 0.000000
4.031890 0.000000
4.032890 0.000000
4.033890 0.000000
4.034890 0.000000
4.035890 0.000000
4.036890 0.000000
4.037890 0.000000
4.038890 0.000000
4.039890 0.000000
4.040890 0.000000
4.041890 0.000000
4.042890 0.000000
4.043890 0.000000
4.044889 0.000000
4.045889 0.000000
4.046889 0.000000
4.047889 0.000000
4.048889 0.000000
4.049889 0.000000
4.050889 0.000000
4.051889 0.000000
4.052889 0.000000
4.053889 0.000000
4.054889 0.000000
4.055889 0.000000
4.056889 0.000000
4.057889 0.000000
4.058888 0.000000
4.059888 0.000000
4.060888 0.000000
4.061888 0.000000
4.062888 0.000000
4.063888 0.000000
4.064888 0.000000
4.065888 0.000000
4.066888 0.000000
4.067888 0.000000
4.068888 0.000000
4.069888 0.000000
4.070888 0.000000
4.071887 0.000000
4.072887 0.000000
4.073887 0.000000
4.074887 0.000000
4.075887 0.000000
4.076887 0.000000
4.077887 0.000000
4.078887 0.000000
4.079887 0.000000
4.080887 0.000000
4.081887 0.000000
4.082887 0.000000
4.083887 0.000000
4.084887 0.000000
4.085886 0.000000
4.086886 0.000000
4.087886 0.000000
4.088886 0.000000
4.089886 0.000000
4.090886 0.000000
4.091886 0.000000
4.092886 0.000000
4.093886 0.000000
4.094886 0.000000
4.095886 0.000000
4.096886 0.000000
4.097886 0.000000
4.098886 0.000000
4.099885 0.000000
4.100885 0.000000
4.101885 0.000000
4.102885 0.000000
4.103885 0.000000
4.104885 0.000000
4.105885 0.000000
4.106885 0.000000
4.107885 0.000000
4.108885 0.000000
4.109885 0.000000
4.110885 0.000000
4.111885 0.000000
4.112885 0.000000
4.113884 0.000000
4.114884 0.000000
4.115884 0.000000
4.116884 0.000000
4.117884 0.000000
4.118884 0.000000
4.119884 0.000000
4.120884 0.000000
4.121884 0.000000
4.122884 0.000000
4.123884 0.000000
4.124884 0.000000
4.125884 0.000000
4.126884 0.000000
4.127883 0.000000
4.128883 0.000000
4.129883 0.000000
4.130883 0.000000
4.131883 0.000000
4.132883 0.000000
4.133883 0.000000
4.134883 0.000000
4.135883 0.000000
4.136883 0.000000
4.137883 0.000000
4.138883 0.000000
4.139883 0.000000
4.140882 0.000000
4.141882 0.000000
4.142882 0.000000
4.143882 0.000000
4.144882 0.000000
4.145882 0.000000
4.146882 0.000000
4.147882 0.000000
4.148882 0.000000
4.149882 0.000000
4.150882 0.000000
4.151882 0.000000
4.152882 0.000000
4.153882 0.000000
4.154881 0.000000
4.155881 0.000000
4.156881 0.000000
4.157881 0.000000
4.158881 0.000000
4.159881 0.000000
4.160881 0.000000
4.161881 0.000000
4.162881 0.000000
4.163881 0.000000
4.164881 0.000000
4.165881 0.000000
4.166881 0.000000
4.167881 0.000000
4.168880 0.000000
4.169880 0.000000
4.170880 0.000000
4.171880 0.000000
4.172880 0.000000
4.173880 0.000000
4.174880 0.000000
4.175880 0.000000
4.176880 0.000000
4.177880 0.000000
4.178880 0.000000
4.179880 0.000000
4.180880 0.000000
4.181880 0.000000
4.182879 0.000000
4.183879 0.000000
4.184879 0.000000
4.185879 0.000000
4.186879 0.000000
4.187879 0.000000
4.188879 0.000000
4.189879 0.000000
4.190879 0.000000
4.191879 0.000000
4.192879 0.000000
4.193879 0.000000
4.194879 0.000000
4.195879 0.000000
4.196878 0.000000
4.197878 0.000000
4.198878 0.000000
4.199878 0.000000
4.200878 0.000000
4.201878 0.000000
4.202878 0.000000
4.203878 0.000000
4.204878 0.000000
4.205878 0.000000
4.206878 0.000000
4.207878 0.000000
4.208878 0.000000
4.209877 0.000000
4.210877 0.000000
4.211877 0.000000
4.212877 0.000000
4.213877 0.000000
4.214877 0.000000
4.215877 0.000000
4.216877 0.000000
4.217877 0.000000
4.218877 0.000000
4.219877 0.000000
4.220877 0.000000
4.221877 0.000000
4.222877 0.000000
4.223876 0.000000
4.224876 0.000000
4.225876 0.000000
4.226876 0.000000
4.227876 0.000000
4.228876 0.000000
4.229876 0.000000
4.230876 0.000000
4.231876 0.000000
4.232876 0.000000
4.233876 0.000000
4.234876 0.000000
4.235876 0.000000
4.236876 0.000000
4.237875 0.000000
4.238875 0.000000
4.239875 0.000000
4.240875 0.000000
4.241875 0.000000
4.242875 0.000000
4.243875 0.000000
4.244875 0.000000
4.245875 0.000000
4.246875 0.000000
4.247875 0.000000
4.248875 0.000000
4.249875 0.000000
4.250875 0.000000
4.251874 0.000000
4.252874 0.000000
4.253874 0.000000
4.254874 0.000000
4.255874 0.000000
4.256874 0.000000
4.257874 0.000000
4.258874 0.000000
4.259874 0.000000
4.260874 0.000000
4.261874 0.000000
4.262874 0.000000
4.263874 0.000000
4.264874 0.000000
4.265873 0.000000
4.266873 0.000000
4.267873 0.000000
4.268873 0.000000
4.269873 0.000000
4.270873 0.000000
4.271873 0.000000
4.272873 0.000000
4.273873 0.000000
4.274873 0.000000
4.275873 0.000000
4.276873 0.000000
4.277873 0.000000
4.278872 0.000000
4.279872 0.000000
4.280872 0.000000
4.281872 0.000000
4.282872 0.000000
4.283872 0.000000
4.284872 0.000000
4.285872 0.000000
4.286872 0.000000
4.287872 0.000000
4.288872 0.000000
4.289872 0.000000
4.290872 0.000000
4.291872 0.000000
4.292871 0.000000
4.293871 0.000000
4.294871 0.000000
4.295871 0.000000
4.296871 0.000000
4.297871 0.000000
4.298871 0.000000
4.299871 0.000000
4.300871 0.000000
4.301871 0.000000
4.302871 0.000000
4.303871 0.000000
4.304871 0.000000
4.305871 0.000000
4.306870 0.000000
4.307870 0.000000
4.308870 0.000000
4.309870 0.000000
4.310870 0.000000
4.311870 0.000000
4.312870 0.000000
4.313870 0.000000
4.314870 0.000000
4.315870 0.000000
4.316870 0.000000
4.317870 0.000000
4.318870 0.000000
4.319870 0.000000
4.320869 0.000000
4.321869 0.000000
4.322869 0.000000
4.323869 0.000000
4.324869 0.000000
4.325869 0.000000
4.326869 0.000000
4.327869 0.000000
4.328869 0.000000
4.329869 0.000000
4.330869 0.000000
4.331869 0.000000
4.332869 0.000000
4.333869 0.000000
4.334868 0.000000
4.335868 0.000000
4.336868 0.000000
4.337868 0.000000
4.338868 0.000000
4.339868 0.000000
4.340868 0.000000
4.341868 0.000000
4.342868 0.000000
4.343868 0.000000
4.344868 0.000000
4.345868 0.000000
4.346868 0.000000
4.347867 0.000000
4.348867 0.000000
4.349867 0.000000
4.350867 0.000000
4.351867 0.000000
4.352867 0.000000
4.353867 0.000000
4.354867 0.000000
4.355867 0.000000
4.356867 0.000000
4.357867 0.000000
4.358867 0.000000
4.359867 0.000000
4.360867 0.000000
4.361866 0.000000
4.362866 0.000000
4.363866 0.000000
4.364866 0.000000
4.365866 0.000000
4.366866 0.000000
4.367866 0.000000
4.368866 0.000000
4.369866 0.000000
4.370866 0.000000
4.371866 0.000000
4.372866 0.000000
4.373866 0.000000
4.374866 0.000000
4.375865 0.000000
4.376865 0.000000
4.377865 0.000000
4.378865 0.000000
4.379865 0.000000
4.380865 0.000000
4.381865 0.000000
4.382865 0.000000
4.383865 0.000000
4.384865 0.000000
4.385865 0.000000
4.386865 0.000000
4.387865 0.000000
4.388865 0.000000
4.389864 0.000000
4.390864 0.000000
4.391864 0.000000
4.392864 0.000000
4.393864 0.000000
4.394864 0.000000
4.395864 0.000000
4.396864 0.000000
4.397864 0.000000
4.398864 0.000000
4.399864 0.000000
4.400864 0.000000
4.401864 0.000000
4.402864 0.000000
4.403863 0.000000
4.404863 0.000000
4.405863 0.000000
4.406863 0.000000
4.407863 0.000000
4.408863 0.000000
4.409863 0.000000
4.410863 0.000000
4.411863 0.000000
4.412863 0.000000
4.413863 0.000000
4.414863 0.000000
4.415863 0.000000
4.416862 0.000000
4.417862 0.000000
4.418862 0.000000
4.419862 0.000000
4.420862 0.000000
4.421862 0.000000
4.422862 0.000000
4.423862 0.000000
4.424862 0.000000
4.425862 0.000000
4.426862 0.000000
4.427862 0.000000
4.428862 0.000000
4.429862 0.000000
4.430861 0.000000
4.431861 0.000000
4.432861 0.000000
4.433861 0.000000
4.434861 0.000000
4.435861 0.000000
4.436861 0.000000
4.437861 0.000000
4.438861 0.000000
4.439861 0.000000
4.440861 0.000000
4.441861 0.000000
4.442861 0.000000
4.443861 0.000000
4.444860 0.000000
4.445860 0.000000
4.446860 0.000000
4.447860 0.000000
4.448860 0.000000
4.449860 0.000000
4.450860 0.000000
4.451860 0.000000
4.452860 0.000000
4.453860 0.000000
4.454860 0.000000
4.455860 0.000000
4.456860 0.000000
4.457860 0.000000
4.458859 0.000000
4.459859 0.000000
4.460859 0.000000
4.461859 0.000000
4.462859 0.000000
4.463859 0.000000
4.464859 0.000000
4.465859 0.000000
4.466859 0.000000
4.467859 0.000000
4.468859 0.000000
4.469859 0.000000
4.470859 0.000000
4.471859 0.000000
4.472858 0.000000
4.473858 0.000000
4.474858 0.000000
4.475858 0.000000
4.476858 0.000000
4.477858 0.000000
4.478858 0.000000
4.479858 0.000000
4.480858 0.000000
4.481858 0.000000
4.482858 0.000000
4.483858 0.000000
4.484858 0.000000
4.485857 0.000000
4.486857 0.000000
4.487857 0.000000
4.488857 0.000000
4.489857 0.000000
4.490857 0.000000
4.491857 0.000000
4.492857 0.000000
4.493857 0.000000
4.494857 0.000000
4.495857 0.000000
4.496857 0.000000
4.497857 0.000000
4.498857 0.000000
4.499856 0.000000
4.500856 0.000000
4.501856 0.000000
4.502856 0.000000
4.503856 0.000000
4.504856 0.000000
4.505856 0.000000
4.506856 0.000000
4.507856 0.000000
4.508856 0.000000
4.509856 0.000000
4.510856 0.000000
4.511856 0.000000
4.512856 0.000000
4.513855 0.000000
4.514855 0.000000
4.515855 0.000000
4.516855 0.000000
4.517855 0.000000
4.518855 0.000000
4.519855 0.000000
4.520855 0.000000
4.521855 0.000000
4.522855 0.000000
4.523855 0.000000
4.524855 0.000000
4.525855 0.000000
4.526855 0.000000
4.527854 0.000000
4.528854 0.000000
4.529854 0.000000
4.530854 0.000000
4.531854 0.000000
4.532854 0.000000
4.533854 0.000000
4.534854 0.000000
4.535854 0.000000
4.536854 0.000000
4.537854 0.000000
4.538854 0.000000
4.539854 0.000000
4.540854 0.000000
4.541853 0.000000
4.542853 0.000000
4.543853 0.000000
4.544853 0.000000
4.545853 0.000000
4.546853 0.000000
4.547853 0.000000
4.548853 0.000000
4.549853 0.000000
4.550853 0.000000
4.551853 0.000000
4.552853 0.000000
4.553853 0.000000
4.554852 0.000000
4.555852 0.000000
4.556852 0.000000
4.557852 0.000000
4.558852 0.000000
4.559852 0.000000
4.560852 0.000000
4.561852 0.000000
4.562852 0.000000
4.563852 0.000000
4.564852 0.000000
4.565852 0.000000
4.566852 0.000000
4.567852 0.000000
4.568851 0.000000
4.569851 0.000000
4.570851 0.000000
4.571851 0.000000
4.572851 0.000000
4.573851 0.000000
4.574851 0.000000
4.575851 0.000000
4.576851 0.000000
4.577851 0.000000
4.578851 0.000000
4.579851 0.000000
4.580851 0.000000
4.581851 0.000000
4.582850 0.000000
4.583850 0.000000
4.584850 0.000000
4.585850 0.000000
4.586850 0.000000
4.587850 0.000000
4.588850 0.000000
4.589850 0.000000
4.590850 0.000000
4.591850 0.000000
4.592850 0.000000
4.593850 0.000000
4.594850 0.000000
4.595850 0.000000
4.596849 0.000000
4.597849 0.000000
4.598849 0.000000
4.599849 0.000000
4.600849 0.000000
4.601849 0.000000
4.602849 0.000000
4.603849 0.000000
4.604849 0.000000
4.605849 0.000000
4.606849 0.000000
4.607849 0.000000
4.608849 0.000000
4.609848 0.000000
4.610848 0.000000
4.611848 0.000000
4.612848 0.000000
4.613848 0.000000
4.614848 0.000000
4.615848 0.000000
4.616848 0.000000
4.617848 0.000000
4.618848 0.000000
4.619848 0.000000
4.620848 0.000000
4.621848 0.000000
4.622848 0.000000
4.623847 0.000000
4.624847 0.000000
4.625847 0.000000
4.626847 0.000000
4.627847 0.000000
4.628847 0.000000
4.629847 0.000000
4.630847 0.000000
4.631847 0.000000
4.632847 0.000000
4.633847 0.000000
4.634847 0.000000
4.635847 0.000000
4.636847 0.000000
4.637846 0.000000
4.638846 0.000000
4.639846 0.000000
4.640846 0.000000
4.641846 0.000000
4.642846 0.000000
4.643846 0.000000
4.644846 0.000000
4.645846 0.000000
4.646846 0.000000
4.647846 0.000000
4.648846 0.000000
4.649846 0.000000
4.650846 0.000000
4.651845 0.000000
4.652845 0.000000
4.653845 0.000000
4.654845 0.000000
4.655845 0.000000
4.656845 0.000000
4.657845 0.000000
4.658845 0.000000
4.659845 0.000000
4.660845 0.000000
4.661845 0.000000
4.662845 0.000000
4.663845 0.000000
4.664845 0.000000
4.665844 0.000000
4.666844 0.000000
4.667844 0.000000
4.668844 0.000000
4.669844 0.000000
4.670844 0.000000
4.671844 0.000000
4.672844 0.000000
4.673844 0.000000
4.674844 0.000000
4.675844 0.000000
4.676844 0.000000
4.677844 0.000000
4.678843 0.000000
4.679843 0.000000
4.680843 0.000000
4.681843 0.000000
4.682843 0.000000
4.683843 0.000000
4.684843 0.000000
4.685843 0.000000
4.686843 0.000000
4.687843 0.000000
4.688843 0.000000
4.689843 0.000000
4.690843 0.000000
4.691843 0.000000
4.692842 0.000000
4.693842 0.000000
4.694842 0.000000
4.695842 0.000000
4.696842 0.000000
4.697842 0.000000
4.698842 0.000000
4.699842 0.000000
4.700842 0.000000
4.701842 0.000000
4.702842 0.000000
4.703842 0.000000
4.704842 0.000000
4.705842 0.000000
4.706841 0.000000
4.707841 0.000000
4.708841 0.000000
4.709841 0.000000
4.710841 0.000000
4.711841 0.000000
4.712841 0.000000
4.713841 0.000000
4.714841 0.000000
4.715841 0.000000
4.716841 0.000000
4.717841 0.000000
4.718841 0.000000
4.719841 0.000000
4.720840 0.000000
4.721840 0.000000
4.722840 0.000000
4.723840 0.000000
4.724840 0.000000
4.725840 0.000000
4.726840 0.000000
4.727840 0.000000
4.728840 0.000000
4.729840 0.000000
4.730840 0.000000
4.731840 0.000000
4.732840 0.000000
4.733840 0.000000
4.734839 0.000000
4.735839 0.000000
4.736839 0.000000
4.737839 0.000000
4.738839 0.000000
4.739839 0.000000
4.740839 0.000000
4.741839 0.000000
4.742839 0.000000
4.743839 0.000000
4.744839 0.000000
4.745839 0.000000
4.746839 0.000000
4.747838 0.000000
4.748838 0.000000
4.749838 0.000000
4.750838 0.000000
4.751838 0.000000
4.752838 0.000000
4.753838 0.000000
4.754838 0.000000
4.755838 0.000000
4.756838 0.000000
4.757838 0.000000
4.758838 0.000000
4.759838 0.000000
4.760838 0.000000
4.761837 0.000000
4.762837 0.000000
4.763837 0.000000
4.764837 0.000000
4.765837 0.000000
4.766837 0.000000
4.767837 0.000000
4.768837 0.000000
4.769837 0.000000
4.770837 0.000000
4.771837 0.000000
4.772837 0.000000
4.773837 0.000000
4.774837 0.000000
4.775836 0.000000
4.776836 0.000000
4.777836 0.000000
4.778836 0.000000
4.779836 0.000000
4.780836 0.000000
4.781836 0.000000
4.782836 0.000000
4.783836 0.000000
4.784836 0.000000
4.785836 0.000000
4.786836 0.000000
4.787836 0.000000
4.788836 0.000000
4.789835 0.000000
4.790835 0.000000
4.791835 0.000000
4.792835 0.000000
4.793835 0.000000
4.794835 0.000000
4.795835 0.000000
4.796835 0.000000
4.797835 0.000000
4.798835 0.000000
4.799835 0.000000
4.800835 0.000000
4.801835 0.000000
4.802835 0.000000
4.803834 0.000000
4.804834 0.000000
4.805834 0.000000
4.806834 0.000000
4.807834 0.000000
4.808834 0.000000
4.809834 0.000000
4.810834 0.000000
4.811834 0.000000
4.812834 0.000000
4.813834 0.000000
4.814834 0.000000
4.815834 0.000000
4.816833 0.000000
4.817833 0.000000
4.818833 0.000000
4.819833 0.000000
4.820833 0.000000
4.821833 0.000000
4.822833 0.000000
4.823833 0.000000
4.824833 0.000000
4.825833 0.000000
4.826833 0.000000
4.827833 0.000000
4.828833 0.000000
4.829833 0.000000
4.830832 0.000000
4.831832 0.000000
4.832832 0.000000
4.833832 0.000000
4.834832 0.000000
4.835832 0.000000
4.836832 0.000000
4.837832 0.000000
4.838832 0.000000
4.839832 0.000000
4.840832 0.000000
4.841832 0.000000
4.842832 0.000000
4.843832 0.000000
4.844831 0.000000
4.845831 0.000000
4.846831 0.000000
4.847831 0.000000
4.848831 0.000000
4.849831 0.000000
4.850831 0.000000
4.851831 0.000000
4.852831 0.000000
4.853831 0.000000
4.854831 0.000000
4.855831 0.000000
4.856831 0.000000
4.857831 0.000000
4.858830 0.000000
4.859830 0.000000
4.860830 0.000000
4.861830 0.000000
4.862830 0.000000
4.863830 0.000000
4.864830 0.000000
4.865830 0.000000
4.866830 0.000000
4.867830 0.000000
4.868830 0.000000
4.869830 0.000000
4.870830 0.000000
4.871830 0.000000
4.872829 0.000000
4.873829 0.000000
4.874829 0.000000
4.875829 0.000000
4.876829 0.000000
4.877829 0.000000
4.878829 0.000000
4.879829 0.000000
4.880829 0.000000
4.881829 0.000000
4.882829 0.000000
4.883829 0.000000
4.884829 0.000000
4.885828 0.000000
4.886828 0.000000
4.887828 0.000000
4.888828 0.000000
4.889828 0.000000
4.890828 0.000000
4.891828 0.000000
4.892828 0.000000
4.893828 0.000000
4.894828 0.000000
4.895828 0.000000
4.896828 0.000000
4.897828 0.000000
4.898828 0.000000
4.899827 0.000000
4.900827 0.000000
4.901827 0.000000
4.902827 0.000000
4.903827 0.000000
4.904827 0.000000
4.905827 0.000000
4.906827 0.000000
4.907827 0.000000
4.908827 0.000000
4.909827 0.000000
4.910827 0.000000
4.911827 0.000000
4.912827 0.000000
4.913826 0.000000
4.914826 0.000000
4.915826 0.000000
4.916826 0.000000
4.917826 0.000000
4.918826 0.000000
4.919826 0.000000
4.920826 0.000000
4.921826 0.000000
4.922826 0.000000
4.923826 0.000000
4.924826 0.000000
4.925826 0.000000
4.926826 0.000000
4.927825 0.000000
4.928825 0.000000
4.929825 0.000000
4.930825 0.000000
4.931825 0.000000
4.932825 0.000000
4.933825 0.000000
4.934825 0.000000
4.935825 0.000000
4.936825 0.000000
4.937825 0.000000
4.938825 0.000000
4.939825 0.000000
4.940825 0.000000
4.941824 0.000000
4.942824 0.000000
4.943824 0.000000
4.944824 0.000000
4.945824 0.000000
4.946824 0.000000
4.947824 0.000000
4.948824 0.000000
4.949824 0.000000
4.950824 0.000000
4.951824 0.000000
4.952824 0.000000
4.953824 0.000000
4.954823 0.000000
4.955823 0.000000
4.956823 0.000000
4.957823 0.000000
4.958823 0.000000
4.959823 0.000000
4.960823 0.000000
4.961823 0.000000
4.962823 0.000000
4.963823 0.000000
4.964823 0.000000
4.965823 0.000000
4.966823 0.000000
4.967823 0.000000
4.968822 0.000000
4.969822 0.000000
4.970822 0.000000
4.971822 0.000000
4.972822 0.000000
4.973822 0.000000
4.974822 0.000000
4.975822 0.000000
4.976822 0.000000
4.977822 0.000000
4.978822 0.000000
4.979822 0.000000
4.980822 0.000000
4.981822 0.000000
4.982821 0.000000
4.983821 0.000000
4.984821 0.000000
4.985821 0.000000
4.986821 0.000000
4.987821 0.000000
4.988821 0.000000
4.989821 0.000000
4.990821 0.000000
4.991821 0.000000
4.992821 0.000000
4.993821 0.000000
4.994821 0.000000
4.995821 0.000000
4.996820 0.000000
4.997820 0.000000
4.998820 0.000000
4.999820 0.000000
