0	0
0.001	0
0.002	0
0.003	0
0.004	0
0.005	0
0.006	0
0.007	0
0.008	0
0.009	0
0.01	0
0.011	0
0.012	0
0.013	0
0.014	0
0.015	0
0.016	0
0.017	0
0.018	0
0.019	0.000001
0.02	0.000001
0.021	0.000001
0.022	0.000001
0.023	0.000001
0.024	0.000001
0.025	0.000001
0.026	0.000001
0.027	0.000002
0.028	0.000002
0.029	0.000002
0.03	0.000002
0.031	0.000002
0.032	0.000003
0.033	0.000003
0.034	0.000003
0.035	0.000004
0.036	0.000004
0.037	0.000004
0.038	0.000005
0.039	0.000005
0.04	0.000005
0.041	0.000006
0.042	0.000006
0.043	0.000007
0.044	0.000007
0.045	0.000008
0.046	0.000008
0.047	0.000009
0.048	0.000009
0.049	0.00001
0.05	0.00001
0.051	0.000011
0.052	0.000012
0.053	0.000012
0.054	0.000013
0.055	0.000014
0.056	0.000015
0.057	0.000015
0.058	0.000016
0.059	0.000017
0.06	0.000018
0.061	0.000019
0.062	0.00002
0.063	0.000021
0.064	0.000022
0.065	0.000023
0.066	0.000024
0.067	0.000025
0.068	0.000026
0.069	0.000027
0.07	0.000029
0.071	0.00003
0.072	0.000031
0.073	0.000032
0.074	0.000034
0.075	0.000035
0.076	0.000037
0.077	0.000038
0.078	0.00004
0.079	0.000041
0.08	0.000043
0.081	0.000044
0.082	0.000046
0.083	0.000048
0.084	0.000049
0.085	0.000051
0.086	0.000053
0.087	0.000055
0.088	0.000057
0.089	0.000059
0.09	0.000061
0.091	0.000063
0.092	0.000065
0.093	0.000067
0.094	0.000069
0.095	0.000071
0.096	0.000074
0.097	0.000076
0.098	0.000078
0.099	0.000081
0.1	0.000083
0.101	0.000086
0.102	0.000088
0.103	0.000091
0.104	0.000094
0.105	0.000096
0.106	0.000099
0.107	0.000102
0.108	0.000105
0.109	0.000108
0.11	0.000111
0.111	0.000114
0.112	0.000117
0.113	0.00012
0.114	0.000123
0.115	0.000127
0.116	0.00013
0.117	0.000133
0.118	0.000137
0.119	0.00014
0.12	0.000144
0.121	0.000148
0.122	0.000151
0.123	0.000155
0.124	0.000159
0.125	0.000163
0.126	0.000167
0.127	0.000171
0.128	0.000175
0.129	0.000179
0.13	0.000183
0.131	0.000187
0.132	0.000192
0.133	0.000196
0.134	0.0002
0.135	0.000205
0.136	0.00021
0.137	0.000214
0.138	0.000219
0.139	0.000224
0.14	0.000229
0.141	0.000234
0.142	0.000239
0.143	0.000244
0.144	0.000249
0.145	0.000254
0.146	0.000259
0.147	0.000265
0.148	0.00027
0.149	0.000276
0.15	0.000281
0.151	0.000287
0.152	0.000293
0.153	0.000298
0.154	0.000304
0.155	0.00031
0.156	0.000316
0.157	0.000322
0.158	0.000329
0.159	0.000335
0.16	0.000341
0.161	0.000348
0.162	0.000354
0.163	0.000361
0.164	0.000368
0.165	0.000374
0.166	0.000381
0.167	0.000388
0.168	0.000395
0.169	0.000402
0.17	0.000409
0.171	0.000417
0.172	0.000424
0.173	0.000431
0.174	0.000439
0.175	0.000447
0.176	0.000454
0.177	0.000462
0.178	0.00047
0.179	0.000478
0.18	0.000486
0.181	0.000494
0.182	0.000502
0.183	0.000511
0.184	0.000519
0.185	0.000528
0.186	0.000536
0.187	0.000545
0.188	0.000554
0.189	0.000563
0.19	0.000572
0.191	0.000581
0.192	0.00059
0.193	0.000599
0.194	0.000608
0.195	0.000618
0.196	0.000627
0.197	0.000637
0.198	0.000647
0.199	0.000657
0.2	0.000667
0.201	0.000677
0.202	0.000687
0.203	0.000697
0.204	0.000707
0.205	0.000718
0.206	0.000728
0.207	0.000739
0.208	0.00075
0.209	0.000761
0.21	0.000772
0.211	0.000783
0.212	0.000794
0.213	0.000805
0.214	0.000817
0.215	0.000828
0.216	0.00084
0.217	0.000851
0.218	0.000863
0.219	0.000875
0.22	0.000887
0.221	0.000899
0.222	0.000912
0.223	0.000924
0.224	0.000937
0.225	0.000949
0.226	0.000962
0.227	0.000975
0.228	0.000988
0.229	0.001001
0.23	0.001014
0.231	0.001027
0.232	0.001041
0.233	0.001054
0.234	0.001068
0.235	0.001081
0.236	0.001095
0.237	0.001109
0.238	0.001123
0.239	0.001138
0.24	0.001152
0.241	0.001166
0.242	0.001181
0.243	0.001196
0.244	0.00121
0.245	0.001225
0.246	0.001241
0.247	0.001256
0.248	0.001271
0.249	0.001286
0.25	0.001302
0.251	0.001318
0.252	0.001334
0.253	0.001349
0.254	0.001366
0.255	0.001382
0.256	0.001398
0.257	0.001414
0.258	0.001431
0.259	0.001448
0.26	0.001465
0.261	0.001482
0.262	0.001499
0.263	0.001516
0.264	0.001533
0.265	0.001551
0.266	0.001568
0.267	0.001586
0.268	0.001604
0.269	0.001622
0.27	0.00164
0.271	0.001658
0.272	0.001677
0.273	0.001695
0.274	0.001714
0.275	0.001733
0.276	0.001752
0.277	0.001771
0.278	0.00179
0.279	0.00181
0.28	0.001829
0.281	0.001849
0.282	0.001869
0.283	0.001889
0.284	0.001909
0.285	0.001929
0.286	0.001949
0.287	0.00197
0.288	0.001991
0.289	0.002011
0.29	0.002032
0.291	0.002053
0.292	0.002075
0.293	0.002096
0.294	0.002118
0.295	0.002139
0.296	0.002161
0.297	0.002183
0.298	0.002205
0.299	0.002227
0.3	0.00225
0.301	0.002272
0.302	0.002295
0.303	0.002318
0.304	0.002341
0.305	0.002364
0.306	0.002388
0.307	0.002411
0.308	0.002435
0.309	0.002458
0.31	0.002482
0.311	0.002507
0.312	0.002531
0.313	0.002555
0.314	0.00258
0.314999	0.002604
0.315999	0.002629
0.316999	0.002654
0.317999	0.00268
0.318999	0.002705
0.319999	0.002731
0.320999	0.002756
0.321999	0.002782
0.322999	0.002808
0.323999	0.002834
0.324999	0.002861
0.325999	0.002887
0.326999	0.002914
0.327999	0.00294
0.328999	0.002967
0.329999	0.002995
0.330999	0.003022
0.331999	0.003049
0.332999	0.003077
0.333999	0.003105
0.334999	0.003133
0.335999	0.003161
0.336999	0.003189
0.337999	0.003218
0.338999	0.003246
0.339999	0.003275
0.340999	0.003304
0.341999	0.003333
0.342999	0.003363
0.343999	0.003392
0.344999	0.003422
0.345999	0.003452
0.346999	0.003482
0.347999	0.003512
0.348999	0.003542
0.349999	0.003573
0.350999	0.003603
0.351999	0.003634
0.352999	0.003665
0.353999	0.003697
0.354999	0.003728
0.355999	0.00376
0.356999	0.003791
0.357999	0.003823
0.358999	0.003855
0.359999	0.003888
0.360999	0.00392
0.361999	0.003953
0.362999	0.003986
0.363999	0.004019
0.364999	0.004052
0.365999	0.004085
0.366999	0.004119
0.367999	0.004153
0.368999	0.004187
0.369999	0.004221
0.370999	0.004255
0.371999	0.00429
0.372999	0.004324
0.373999	0.004359
0.374999	0.004394
0.375999	0.004429
0.376999	0.004465
0.377999	0.004501
0.378999	0.004536
0.379999	0.004572
0.380999	0.004609
0.381999	0.004645
0.382999	0.004682
0.383999	0.004718
0.384999	0.004755
0.385999	0.004792
0.386999	0.00483
0.387999	0.004867
0.388999	0.004905
0.389999	0.004943
0.390999	0.004981
0.391998	0.005019
0.392998	0.005058
0.393998	0.005097
0.394998	0.005135
0.395998	0.005175
0.396998	0.005214
0.397998	0.005253
0.398998	0.005293
0.399998	0.005333
0.400998	0.005373
0.401998	0.005413
0.402998	0.005454
0.403998	0.005495
0.404998	0.005535
0.405998	0.005577
0.406998	0.005618
0.407998	0.005659
0.408998	0.005701
0.409998	0.005743
0.410998	0.005785
0.411998	0.005827
0.412998	0.00587
0.413998	0.005913
0.414998	0.005956
0.415998	0.005999
0.416998	0.006042
0.417998	0.006086
0.418998	0.00613
0.419998	0.006174
0.420998	0.006218
0.421998	0.006262
0.422998	0.006307
0.423998	0.006352
0.424998	0.006397
0.425998	0.006442
0.426998	0.006487
0.427998	0.006533
0.428998	0.006579
0.429998	0.006625
0.430998	0.006671
0.431998	0.006718
0.432998	0.006765
0.433998	0.006812
0.434998	0.006859
0.435998	0.006906
0.436998	0.006954
0.437998	0.007002
0.438998	0.00705
0.439998	0.007098
0.440998	0.007147
0.441998	0.007195
0.442998	0.007244
0.443998	0.007294
0.444998	0.007343
0.445998	0.007393
0.446998	0.007442
0.447998	0.007492
0.448998	0.007543
0.449998	0.007593
0.450998	0.007644
0.451998	0.007695
0.452998	0.007746
0.453998	0.007798
0.454998	0.007849
0.455998	0.007901
0.456998	0.007953
0.457998	0.008005
0.458998	0.008058
0.459998	0.008111
0.460998	0.008164
0.461998	0.008217
0.462998	0.008271
0.463998	0.008324
0.464998	0.008378
0.465998	0.008432
0.466998	0.008487
0.467998	0.008541
0.468998	0.008596
0.469997	0.008651
0.470997	0.008707
0.471997	0.008762
0.472997	0.008818
0.473997	0.008874
0.474997	0.00893
0.475997	0.008987
0.476997	0.009044
0.477997	0.009101
0.478997	0.009158
0.479997	0.009215
0.480997	0.009273
0.481997	0.009331
0.482997	0.009389
0.483997	0.009448
0.484997	0.009506
0.485997	0.009565
0.486997	0.009624
0.487997	0.009684
0.488997	0.009744
0.489997	0.009803
0.490997	0.009864
0.491997	0.009924
0.492997	0.009985
0.493997	0.010045
0.494997	0.010107
0.495997	0.010168
0.496997	0.01023
0.497997	0.010291
0.498997	0.010354
0.499997	0.010416
0.500997	0.010479
0.501997	0.010541
0.502997	0.010605
0.503997	0.010668
0.504997	0.010732
0.505997	0.010795
0.506997	0.01086
0.507997	0.010924
0.508997	0.010989
0.509997	0.011053
0.510997	0.011119
0.511997	0.011184
0.512997	0.01125
0.513997	0.011316
0.514997	0.011382
0.515997	0.011448
0.516997	0.011515
0.517997	0.011582
0.518997	0.011649
0.519997	0.011717
0.520997	0.011784
0.521997	0.011852
0.522997	0.01192
0.523997	0.011989
0.524997	0.012058
0.525997	0.012127
0.526997	0.012196
0.527997	0.012266
0.528997	0.012335
0.529997	0.012406
0.530997	0.012476
0.531997	0.012547
0.532997	0.012617
0.533997	0.012689
0.534997	0.01276
0.535997	0.012832
0.536997	0.012904
0.537997	0.012976
0.538997	0.013048
0.539997	0.013121
0.540997	0.013194
0.541997	0.013267
0.542997	0.013341
0.543997	0.013415
0.544997	0.013489
0.545997	0.013563
0.546997	0.013638
0.547997	0.013713
0.548997	0.013788
0.549996	0.013864
0.550996	0.013939
0.551996	0.014015
0.552996	0.014092
0.553996	0.014168
0.554996	0.014245
0.555996	0.014322
0.556996	0.0144
0.557996	0.014477
0.558996	0.014555
0.559996	0.014634
0.560996	0.014712
0.561996	0.014791
0.562996	0.01487
0.563996	0.014949
0.564996	0.015029
0.565996	0.015109
0.566996	0.015189
0.567996	0.01527
0.568996	0.015351
0.569996	0.015432
0.570996	0.015513
0.571996	0.015595
0.572996	0.015677
0.573996	0.015759
0.574996	0.015841
0.575996	0.015924
0.576996	0.016007
0.577996	0.016091
0.578996	0.016174
0.579996	0.016258
0.580996	0.016342
0.581996	0.016427
0.582996	0.016512
0.583996	0.016597
0.584996	0.016682
0.585996	0.016768
0.586996	0.016854
0.587996	0.01694
0.588996	0.017027
0.589996	0.017114
0.590996	0.017201
0.591996	0.017288
0.592996	0.017376
0.593996	0.017464
0.594996	0.017553
0.595996	0.017641
0.596996	0.01773
0.597996	0.017819
0.598996	0.017909
0.599996	0.017999
0.600996	0.018089
0.601996	0.018179
0.602996	0.01827
0.603996	0.018361
0.604996	0.018452
0.605996	0.018544
0.606996	0.018636
0.607996	0.018728
0.608996	0.018821
0.609996	0.018914
0.610996	0.019007
0.611996	0.0191
0.612996	0.019194
0.613996	0.019288
0.614996	0.019383
0.615996	0.019477
0.616996	0.019572
0.617996	0.019668
0.618996	0.019763
0.619996	0.019859
0.620996	0.019956
0.621996	0.020052
0.622996	0.020149
0.623996	0.020246
0.624996	0.020344
0.625996	0.020441
0.626996	0.02054
0.627995	0.020638
0.628995	0.020737
0.629995	0.020836
0.630995	0.020935
0.631995	0.021035
0.632995	0.021135
0.633995	0.021235
0.634995	0.021336
0.635995	0.021437
0.636995	0.021538
0.637995	0.02164
0.638995	0.021742
0.639995	0.021844
0.640995	0.021946
0.641995	0.022049
0.642995	0.022152
0.643995	0.022256
0.644995	0.02236
0.645995	0.022464
0.646995	0.022568
0.647995	0.022673
0.648995	0.022778
0.649995	0.022884
0.650995	0.02299
0.651995	0.023096
0.652995	0.023202
0.653995	0.023309
0.654995	0.023416
0.655995	0.023523
0.656995	0.023631
0.657995	0.023739
0.658995	0.023848
0.659995	0.023956
0.660995	0.024065
0.661995	0.024175
0.662995	0.024284
0.663995	0.024395
0.664995	0.024505
0.665995	0.024616
0.666995	0.024727
0.667995	0.024838
0.668995	0.02495
0.669995	0.025062
0.670995	0.025174
0.671995	0.025287
0.672995	0.0254
0.673995	0.025513
0.674995	0.025627
0.675995	0.025741
0.676995	0.025856
0.677995	0.02597
0.678995	0.026085
0.679995	0.026201
0.680995	0.026317
0.681995	0.026433
0.682995	0.026549
0.683995	0.026666
0.684995	0.026783
0.685995	0.0269
0.686995	0.027018
0.687995	0.027136
0.688995	0.027255
0.689995	0.027374
0.690995	0.027493
0.691995	0.027613
0.692995	0.027732
0.693995	0.027853
0.694995	0.027973
0.695995	0.028094
0.696995	0.028215
0.697995	0.028337
0.698995	0.028459
0.699995	0.028581
0.700995	0.028704
0.701995	0.028827
0.702995	0.02895
0.703995	0.029074
0.704994	0.029198
0.705994	0.029323
0.706994	0.029447
0.707994	0.029572
0.708994	0.029698
0.709994	0.029824
0.710994	0.02995
0.711994	0.030076
0.712994	0.030203
0.713994	0.030331
0.714994	0.030458
0.715994	0.030586
0.716994	0.030715
0.717994	0.030843
0.718994	0.030972
0.719994	0.031102
0.720994	0.031232
0.721994	0.031362
0.722994	0.031492
0.723994	0.031623
0.724994	0.031754
0.725994	0.031886
0.726994	0.032018
0.727994	0.03215
0.728994	0.032283
0.729994	0.032416
0.730994	0.032549
0.731994	0.032683
0.732994	0.032817
0.733994	0.032952
0.734994	0.033086
0.735994	0.033222
0.736994	0.033357
0.737994	0.033493
0.738994	0.03363
0.739994	0.033766
0.740994	0.033903
0.741994	0.034041
0.742994	0.034179
0.743994	0.034317
0.744994	0.034455
0.745994	0.034594
0.746994	0.034734
0.747994	0.034873
0.748994	0.035013
0.749994	0.035154
0.750994	0.035295
0.751994	0.035436
0.752994	0.035577
0.753994	0.035719
0.754994	0.035861
0.755994	0.036004
0.756994	0.036147
0.757994	0.036291
0.758994	0.036434
0.759994	0.036579
0.760994	0.036723
0.761994	0.036868
0.762994	0.037014
0.763994	0.037159
0.764994	0.037305
0.765994	0.037452
0.766994	0.037599
0.767994	0.037746
0.768994	0.037894
0.769994	0.038042
0.770994	0.03819
0.771994	0.038339
0.772994	0.038488
0.773994	0.038638
0.774994	0.038788
0.775994	0.038938
0.776994	0.039089
0.777994	0.03924
0.778994	0.039391
0.779994	0.039543
0.780994	0.039695
0.781994	0.039848
0.782993	0.040001
0.783993	0.040155
0.784993	0.040308
0.785993	0.040463
0.786993	0.040617
0.787993	0.040772
0.788993	0.040928
0.789993	0.041084
0.790993	0.04124
0.791993	0.041396
0.792993	0.041553
0.793993	0.041711
0.794993	0.041869
0.795993	0.042027
0.796993	0.042185
0.797993	0.042344
0.798993	0.042504
0.799993	0.042664
0.800993	0.042824
0.801993	0.042984
0.802993	0.043145
0.803993	0.043307
0.804993	0.043468
0.805993	0.043631
0.806993	0.043793
0.807993	0.043956
0.808993	0.04412
0.809993	0.044283
0.810993	0.044448
0.811993	0.044612
0.812993	0.044777
0.813993	0.044943
0.814993	0.045109
0.815993	0.045275
0.816993	0.045442
0.817993	0.045609
0.818993	0.045776
0.819993	0.045944
0.820993	0.046112
0.821993	0.046281
0.822993	0.04645
0.823993	0.04662
0.824993	0.04679
0.825993	0.04696
0.826993	0.047131
0.827993	0.047302
0.828993	0.047473
0.829993	0.047645
0.830993	0.047818
0.831993	0.047991
0.832993	0.048164
0.833993	0.048338
0.834993	0.048512
0.835993	0.048686
0.836993	0.048861
0.837993	0.049036
0.838993	0.049212
0.839993	0.049388
0.840993	0.049565
0.841993	0.049742
0.842993	0.049919
0.843993	0.050097
0.844993	0.050276
0.845993	0.050454
0.846993	0.050633
0.847993	0.050813
0.848993	0.050993
0.849993	0.051173
0.850993	0.051354
0.851993	0.051535
0.852993	0.051717
0.853993	0.051899
0.854993	0.052082
0.855993	0.052265
0.856993	0.052448
0.857993	0.052632
0.858993	0.052816
0.859993	0.053001
0.860992	0.053186
0.861992	0.053371
0.862992	0.053557
0.863992	0.053744
0.864992	0.053931
0.865992	0.054118
0.866992	0.054306
0.867992	0.054494
0.868992	0.054682
0.869992	0.054871
0.870992	0.055061
0.871992	0.05525
0.872992	0.055441
0.873992	0.055632
0.874992	0.055823
0.875992	0.056014
0.876992	0.056206
0.877992	0.056399
0.878992	0.056592
0.879992	0.056785
0.880992	0.056979
0.881992	0.057173
0.882992	0.057368
0.883992	0.057563
0.884992	0.057759
0.885992	0.057955
0.886992	0.058151
0.887992	0.058348
0.888992	0.058545
0.889992	0.058743
0.890992	0.058941
0.891992	0.05914
0.892992	0.059339
0.893992	0.059539
0.894992	0.059739
0.895992	0.059939
0.896992	0.06014
0.897992	0.060341
0.898992	0.060543
0.899992	0.060746
0.900992	0.060948
0.901992	0.061151
0.902992	0.061355
0.903992	0.061559
0.904992	0.061764
0.905992	0.061968
0.906992	0.062174
0.907992	0.06238
0.908992	0.062586
0.909992	0.062793
0.910992	0.063
0.911992	0.063208
0.912992	0.063416
0.913992	0.063625
0.914992	0.063834
0.915992	0.064043
0.916992	0.064253
0.917992	0.064464
0.918992	0.064675
0.919992	0.064886
0.920992	0.065098
0.921992	0.06531
0.922992	0.065523
0.923992	0.065736
0.924992	0.06595
0.925992	0.066164
0.926992	0.066378
0.927992	0.066593
0.928992	0.066809
0.929992	0.067025
0.930992	0.067241
0.931992	0.067458
0.932992	0.067675
0.933992	0.067893
0.934992	0.068112
0.935992	0.06833
0.936992	0.06855
0.937991	0.068769
0.938991	0.068989
0.939991	0.06921
0.940991	0.069431
0.941991	0.069653
0.942991	0.069875
0.943991	0.070097
0.944991	0.07032
0.945991	0.070544
0.946991	0.070768
0.947991	0.070992
0.948991	0.071217
0.949991	0.071443
0.950991	0.071668
0.951991	0.071895
0.952991	0.072122
0.953991	0.072349
0.954991	0.072577
0.955991	0.072805
0.956991	0.073033
0.957991	0.073263
0.958991	0.073492
0.959991	0.073722
0.960991	0.073953
0.961991	0.074184
0.962991	0.074416
0.963991	0.074648
0.964991	0.07488
0.965991	0.075113
0.966991	0.075347
0.967991	0.075581
0.968991	0.075815
0.969991	0.07605
0.970991	0.076286
0.971991	0.076522
0.972991	0.076758
0.973991	0.076995
0.974991	0.077232
0.975991	0.07747
0.976991	0.077709
0.977991	0.077948
0.978991	0.078187
0.979991	0.078427
0.980991	0.078667
0.981991	0.078908
0.982991	0.079149
0.983991	0.079391
0.984991	0.079633
0.985991	0.079876
0.986991	0.080119
0.987991	0.080363
0.988991	0.080607
0.989991	0.080852
0.990991	0.081097
0.991991	0.081343
0.992991	0.081589
0.993991	0.081836
0.994991	0.082083
0.995991	0.082331
0.996991	0.082579
0.997991	0.082828
0.998991	0.083077
0.999991	0.083327
1.000991	0.083577
1.001991	0.083828
1.002991	0.084079
1.003991	0.084331
1.004991	0.084583
1.005991	0.084836
1.006991	0.085089
1.007991	0.085343
1.008991	0.085597
1.009991	0.085852
1.010991	0.086107
1.011991	0.086363
1.012991	0.086619
1.013991	0.086876
1.014991	0.087133
1.015991	0.087391
1.016991	0.087649
1.017992	0.087907
1.018992	0.088167
1.019992	0.088426
1.020992	0.088686
1.021992	0.088947
1.022992	0.089208
1.023992	0.08947
1.024992	0.089732
1.025992	0.089995
1.026992	0.090258
1.027992	0.090521
1.028992	0.090785
1.029992	0.09105
1.030992	0.091315
1.031992	0.09158
1.032992	0.091846
1.033992	0.092113
1.034992	0.09238
1.035992	0.092647
1.036992	0.092915
1.037992	0.093183
1.038993	0.093452
1.039993	0.093722
1.040993	0.093991
1.041993	0.094262
1.042993	0.094533
1.043993	0.094804
1.044993	0.095076
1.045993	0.095348
1.046993	0.095621
1.047993	0.095894
1.048993	0.096167
1.049993	0.096442
1.050993	0.096716
1.051993	0.096991
1.052993	0.097267
1.053993	0.097543
1.054993	0.097819
1.055993	0.098096
1.056993	0.098374
1.057993	0.098652
1.058993	0.09893
1.059994	0.099209
1.060994	0.099488
1.061994	0.099768
1.062994	0.100048
1.063994	0.100329
1.064994	0.10061
1.065994	0.100892
1.066994	0.101174
1.067994	0.101457
1.068994	0.10174
1.069994	0.102023
1.070994	0.102307
1.071994	0.102592
1.072994	0.102877
1.073994	0.103162
1.074994	0.103448
1.075994	0.103734
1.076994	0.104021
1.077994	0.104308
1.078994	0.104596
1.079994	0.104884
1.080994	0.105173
1.081995	0.105462
1.082995	0.105752
1.083995	0.106042
1.084995	0.106332
1.085995	0.106623
1.086995	0.106914
1.087995	0.107206
1.088995	0.107498
1.089995	0.107791
1.090995	0.108085
1.091995	0.108378
1.092995	0.108672
1.093995	0.108967
1.094995	0.109262
1.095995	0.109557
1.096995	0.109853
1.097995	0.11015
1.098995	0.110446
1.099995	0.110744
1.100995	0.111041
1.101995	0.11134
1.102996	0.111638
1.103996	0.111937
1.104996	0.112237
1.105996	0.112537
1.106996	0.112837
1.107996	0.113138
1.108996	0.113439
1.109996	0.113741
1.110996	0.114043
1.111996	0.114346
1.112996	0.114649
1.113996	0.114953
1.114996	0.115257
1.115996	0.115561
1.116996	0.115866
1.117996	0.116171
1.118996	0.116477
1.119996	0.116783
1.120996	0.11709
1.121996	0.117397
1.122996	0.117704
1.123996	0.118012
1.124997	0.118321
1.125997	0.11863
1.126997	0.118939
1.127997	0.119248
1.128997	0.119559
1.129997	0.119869
1.130997	0.12018
1.131997	0.120492
1.132997	0.120803
1.133997	0.121116
1.134997	0.121428
1.135997	0.121742
1.136997	0.122055
1.137997	0.122369
1.138997	0.122684
1.139997	0.122999
1.140997	0.123314
1.141997	0.12363
1.142997	0.123946
1.143997	0.124262
1.144997	0.124579
1.145998	0.124897
1.146998	0.125215
1.147998	0.125533
1.148998	0.125852
1.149998	0.126171
1.150998	0.126491
1.151998	0.126811
1.152998	0.127131
1.153998	0.127452
1.154998	0.127773
1.155998	0.128095
1.156998	0.128417
1.157998	0.12874
1.158998	0.129063
1.159998	0.129386
1.160998	0.12971
1.161998	0.130034
1.162998	0.130359
1.163998	0.130684
1.164998	0.131009
1.165998	0.131335
1.166999	0.131662
1.167999	0.131988
1.168999	0.132316
1.169999	0.132643
1.170999	0.132971
1.171999	0.133299
1.172999	0.133628
1.173999	0.133958
1.174999	0.134287
1.175999	0.134617
1.176999	0.134948
1.177999	0.135279
1.178999	0.13561
1.179999	0.135942
1.180999	0.136274
1.181999	0.136606
1.182999	0.136939
1.183999	0.137273
1.184999	0.137607
1.185999	0.137941
1.186999	0.138275
1.187999	0.13861
1.189	0.138945
1.19	0.139281
1.191	0.139617
1.192	0.139954
1.193	0.140291
1.194	0.140629
1.195	0.140966
1.196	0.141304
1.197	0.141643
1.198	0.141982
1.199	0.142322
1.2	0.142661
1.201	0.143002
1.202	0.143342
1.203	0.143683
1.204	0.144025
1.205	0.144366
1.206	0.144708
1.207	0.145051
1.208	0.145394
1.209	0.145738
1.210001	0.146081
1.211001	0.146425
1.212001	0.14677
1.213001	0.147115
1.214001	0.147461
1.215001	0.147806
1.216001	0.148152
1.217001	0.148499
1.218001	0.148846
1.219001	0.149193
1.220001	0.149541
1.221001	0.149889
1.222001	0.150237
1.223001	0.150586
1.224001	0.150936
1.225001	0.151285
1.226001	0.151635
1.227001	0.151986
1.228001	0.152337
1.229001	0.152688
1.230001	0.153039
1.231001	0.153391
1.232002	0.153744
1.233002	0.154097
1.234002	0.15445
1.235002	0.154803
1.236002	0.155157
1.237002	0.155511
1.238002	0.155866
1.239002	0.156221
1.240002	0.156577
1.241002	0.156932
1.242002	0.157288
1.243002	0.157645
1.244002	0.158002
1.245002	0.158359
1.246002	0.158717
1.247002	0.159075
1.248002	0.159434
1.249002	0.159792
1.250002	0.160152
1.251002	0.160511
1.252002	0.160871
1.253003	0.161231
1.254003	0.161592
1.255003	0.161953
1.256003	0.162315
1.257003	0.162677
1.258003	0.163039
1.259003	0.163401
1.260003	0.163764
1.261003	0.164127
1.262003	0.164491
1.263003	0.164855
1.264003	0.16522
1.265003	0.165584
1.266003	0.16595
1.267003	0.166315
1.268003	0.166681
1.269003	0.167047
1.270003	0.167414
1.271003	0.167781
1.272003	0.168148
1.273003	0.168516
1.274004	0.168884
1.275004	0.169252
1.276004	0.169621
1.277004	0.16999
1.278004	0.17036
1.279004	0.17073
1.280004	0.1711
1.281004	0.171471
1.282004	0.171841
1.283004	0.172213
1.284004	0.172585
1.285004	0.172957
1.286004	0.173329
1.287004	0.173702
1.288004	0.174075
1.289004	0.174448
1.290004	0.174822
1.291004	0.175196
1.292004	0.175571
1.293004	0.175946
1.294004	0.176321
1.295004	0.176696
1.296005	0.177072
1.297005	0.177449
1.298005	0.177825
1.299005	0.178202
1.300005	0.17858
1.301005	0.178957
1.302005	0.179335
1.303005	0.179714
1.304005	0.180093
1.305005	0.180472
1.306005	0.180851
1.307005	0.181231
1.308005	0.181611
1.309005	0.181991
1.310005	0.182372
1.311005	0.182753
1.312005	0.183135
1.313005	0.183517
1.314005	0.183899
1.315005	0.184282
1.316005	0.184665
1.317006	0.185048
1.318006	0.185431
1.319006	0.185815
1.320006	0.186199
1.321006	0.186584
1.322006	0.186969
1.323006	0.187354
1.324006	0.18774
1.325006	0.188126
1.326006	0.188512
1.327006	0.188899
1.328006	0.189286
1.329006	0.189673
1.330006	0.190061
1.331006	0.190449
1.332006	0.190837
1.333006	0.191225
1.334006	0.191615
1.335006	0.192004
1.336006	0.192394
1.337006	0.192784
1.338006	0.193174
1.339007	0.193564
1.340007	0.193955
1.341007	0.194347
1.342007	0.194738
1.343007	0.19513
1.344007	0.195522
1.345007	0.195915
1.346007	0.196308
1.347007	0.196701
1.348007	0.197095
1.349007	0.197489
1.350007	0.197883
1.351007	0.198277
1.352007	0.198672
1.353007	0.199068
1.354007	0.199463
1.355007	0.199859
1.356007	0.200255
1.357007	0.200652
1.358007	0.201049
1.359007	0.201446
1.360008	0.201843
1.361008	0.202241
1.362008	0.202639
1.363008	0.203038
1.364008	0.203436
1.365008	0.203835
1.366008	0.204235
1.367008	0.204634
1.368008	0.205034
1.369008	0.205435
1.370008	0.205835
1.371008	0.206236
1.372008	0.206638
1.373008	0.207039
1.374008	0.207441
1.375008	0.207843
1.376008	0.208246
1.377008	0.208649
1.378008	0.209052
1.379008	0.209455
1.380008	0.209859
1.381009	0.210263
1.382009	0.210668
1.383009	0.211072
1.384009	0.211477
1.385009	0.211883
1.386009	0.212288
1.387009	0.212694
1.388009	0.2131
1.389009	0.213507
1.390009	0.213914
1.391009	0.214321
1.392009	0.214728
1.393009	0.215136
1.394009	0.215544
1.395009	0.215952
1.396009	0.216361
1.397009	0.21677
1.398009	0.21718
1.399009	0.217589
1.400009	0.217999
1.401009	0.218409
1.402009	0.21882
1.40301	0.219231
1.40401	0.219642
1.40501	0.220053
1.40601	0.220465
1.40701	0.220877
1.40801	0.221289
1.40901	0.221701
1.41001	0.222114
1.41101	0.222528
1.41201	0.222941
1.41301	0.223354
1.41401	0.223769
1.41501	0.224183
1.41601	0.224598
1.41701	0.225012
1.41801	0.225428
1.41901	0.225843
1.42001	0.226259
1.42101	0.226675
1.42201	0.227092
1.42301	0.227508
1.424011	0.227925
1.425011	0.228343
1.426011	0.22876
1.427011	0.229178
1.428011	0.229596
1.429011	0.230014
1.430011	0.230433
1.431011	0.230852
1.432011	0.231271
1.433011	0.231691
1.434011	0.23211
1.435011	0.23253
1.436011	0.232951
1.437011	0.233371
1.438011	0.233792
1.439011	0.234213
1.440011	0.234635
1.441011	0.235057
1.442011	0.235479
1.443011	0.235901
1.444011	0.236324
1.445011	0.236747
1.446012	0.23717
1.447012	0.237594
1.448012	0.238017
1.449012	0.238441
1.450012	0.238865
1.451012	0.23929
1.452012	0.239715
1.453012	0.24014
1.454012	0.240565
1.455012	0.240991
1.456012	0.241417
1.457012	0.241843
1.458012	0.242269
1.459012	0.242696
1.460012	0.243123
1.461012	0.24355
1.462012	0.243978
1.463012	0.244406
1.464012	0.244834
1.465012	0.245262
1.466012	0.245691
1.467013	0.24612
1.468013	0.246549
1.469013	0.246978
1.470013	0.247408
1.471013	0.247838
1.472013	0.248268
1.473013	0.248699
1.474013	0.249129
1.475013	0.24956
1.476013	0.249991
1.477013	0.250423
1.478013	0.250855
1.479013	0.251287
1.480013	0.251719
1.481013	0.252152
1.482013	0.252584
1.483013	0.253018
1.484013	0.253451
1.485013	0.253885
1.486013	0.254319
1.487013	0.254753
1.488014	0.255187
1.489014	0.255622
1.490014	0.256057
1.491014	0.256492
1.492014	0.256927
1.493014	0.257363
1.494014	0.257799
1.495014	0.258235
1.496014	0.258671
1.497014	0.259108
1.498014	0.259544
1.499014	0.259982
1.500014	0.260419
1.501014	0.260857
1.502014	0.261295
1.503014	0.261733
1.504014	0.262171
1.505014	0.26261
1.506014	0.263049
1.507014	0.263488
1.508014	0.263928
1.509014	0.264367
1.510015	0.264807
1.511015	0.265247
1.512015	0.265688
1.513015	0.266128
1.514015	0.266569
1.515015	0.26701
1.516015	0.267452
1.517015	0.267893
1.518015	0.268335
1.519015	0.268777
1.520015	0.269219
1.521015	0.269662
1.522015	0.270105
1.523015	0.270548
1.524015	0.270991
1.525015	0.271435
1.526015	0.271878
1.527015	0.272322
1.528015	0.272767
1.529015	0.273211
1.530015	0.273656
1.531016	0.274101
1.532016	0.274546
1.533016	0.274991
1.534016	0.275437
1.535016	0.275883
1.536016	0.276329
1.537016	0.276775
1.538016	0.277222
1.539016	0.277669
1.540016	0.278116
1.541016	0.278563
1.542016	0.27901
1.543016	0.279458
1.544016	0.279906
1.545016	0.280354
1.546016	0.280802
1.547016	0.281251
1.548016	0.2817
1.549016	0.282149
1.550016	0.282598
1.551016	0.283048
1.552016	0.283498
1.553017	0.283948
1.554017	0.284398
1.555017	0.284849
1.556017	0.285299
1.557017	0.28575
1.558017	0.286201
1.559017	0.286652
1.560017	0.287104
1.561017	0.287556
1.562017	0.288007
1.563017	0.28846
1.564017	0.288912
1.565017	0.289365
1.566017	0.289817
1.567017	0.290271
1.568017	0.290725
1.569017	0.291178
1.570017	0.291631
1.571017	0.292085
1.572017	0.292539
1.573017	0.292994
1.574018	0.293449
1.575018	0.293903
1.576018	0.294358
1.577018	0.294813
1.578018	0.295269
1.579018	0.295725
1.580018	0.29618
1.581018	0.296636
1.582018	0.297093
1.583018	0.297549
1.584018	0.298005
1.585018	0.298463
1.586018	0.29892
1.587018	0.299377
1.588018	0.299834
1.589018	0.300292
1.590018	0.30075
1.591018	0.301208
1.592018	0.301667
1.593018	0.302125
1.594018	0.302584
1.595019	0.303043
1.596019	0.303502
1.597019	0.303961
1.598019	0.304421
1.599019	0.304881
1.600019	0.30534
1.601019	0.305801
1.602019	0.306261
1.603019	0.306722
1.604019	0.307183
1.605019	0.307643
1.606019	0.308105
1.607019	0.308565
1.608019	0.309027
1.609019	0.309489
1.610019	0.309951
1.611019	0.310413
1.612019	0.310876
1.613019	0.311338
1.614019	0.311801
1.615019	0.312263
1.616019	0.312727
1.61702	0.31319
1.61802	0.313653
1.61902	0.314117
1.62002	0.314581
1.62102	0.315045
1.62202	0.315509
1.62302	0.315974
1.62402	0.316438
1.62502	0.316903
1.62602	0.317369
1.62702	0.317833
1.62802	0.318299
1.62902	0.318764
1.63002	0.31923
1.63102	0.319695
1.63202	0.320162
1.63302	0.320628
1.63402	0.321094
1.63502	0.321562
1.63602	0.322029
1.63702	0.322495
1.638021	0.322962
1.639021	0.32343
1.640021	0.323898
1.641021	0.324365
1.642021	0.324833
1.643021	0.325301
1.644021	0.32577
1.645021	0.326238
1.646021	0.326706
1.647021	0.327175
1.648021	0.327644
1.649021	0.328113
1.650021	0.328583
1.651021	0.329053
1.652021	0.329522
1.653021	0.329991
1.654021	0.330462
1.655021	0.330933
1.656021	0.331403
1.657021	0.331873
1.658021	0.332344
1.659021	0.332815
1.660022	0.333286
1.661022	0.333757
1.662022	0.334228
1.663022	0.3347
1.664022	0.335171
1.665022	0.335643
1.666022	0.336115
1.667022	0.336588
1.668022	0.33706
1.669022	0.337532
1.670022	0.338005
1.671022	0.338478
1.672022	0.338951
1.673022	0.339425
1.674022	0.339898
1.675022	0.340372
1.676022	0.340846
1.677022	0.34132
1.678022	0.341794
1.679022	0.342268
1.680022	0.342743
1.681023	0.343217
1.682023	0.343691
1.683023	0.344167
1.684023	0.344641
1.685023	0.345116
1.686023	0.345592
1.687023	0.346067
1.688023	0.346543
1.689023	0.347019
1.690023	0.347494
1.691023	0.347971
1.692023	0.348447
1.693023	0.348923
1.694023	0.3494
1.695023	0.349877
1.696023	0.350353
1.697023	0.350831
1.698023	0.351308
1.699023	0.351786
1.700023	0.352262
1.701023	0.352741
1.702024	0.353218
1.703024	0.353696
1.704024	0.354174
1.705024	0.354652
1.706024	0.355131
1.707024	0.355609
1.708024	0.356088
1.709024	0.356567
1.710024	0.357046
1.711024	0.357525
1.712024	0.358004
1.713024	0.358483
1.714024	0.358963
1.715024	0.359443
1.716024	0.359923
1.717024	0.360402
1.718024	0.360882
1.719024	0.361363
1.720024	0.361842
1.721024	0.362324
1.722024	0.362804
1.723024	0.363286
1.724025	0.363766
1.725025	0.364248
1.726025	0.364729
1.727025	0.36521
1.728025	0.365691
1.729025	0.366173
1.730025	0.366655
1.731025	0.367137
1.732025	0.367619
1.733025	0.368101
1.734025	0.368583
1.735025	0.369066
1.736025	0.369548
1.737025	0.370031
1.738025	0.370514
1.739025	0.370997
1.740025	0.37148
1.741025	0.371963
1.742025	0.372447
1.743025	0.37293
1.744025	0.373414
1.745026	0.373897
1.746026	0.374381
1.747026	0.374865
1.748026	0.37535
1.749026	0.375833
1.750026	0.376318
1.751026	0.376803
1.752026	0.377287
1.753026	0.377772
1.754026	0.378257
1.755026	0.378742
1.756026	0.379226
1.757026	0.379712
1.758026	0.380198
1.759026	0.380683
1.760026	0.381168
1.761026	0.381654
1.762026	0.38214
1.763026	0.382626
1.764026	0.383112
1.765026	0.383599
1.766026	0.384085
1.767027	0.384571
1.768027	0.385058
1.769027	0.385544
1.770027	0.38603
1.771027	0.386518
1.772027	0.387005
1.773027	0.387492
1.774027	0.38798
1.775027	0.388467
1.776027	0.388955
1.777027	0.389442
1.778027	0.389929
1.779027	0.390417
1.780027	0.390905
1.781027	0.391393
1.782027	0.391881
1.783027	0.39237
1.784027	0.392858
1.785027	0.393346
1.786027	0.393835
1.787027	0.394324
1.788028	0.394812
1.789028	0.395301
1.790028	0.39579
1.791028	0.396279
1.792028	0.396769
1.793028	0.397258
1.794028	0.397747
1.795028	0.398237
1.796028	0.398726
1.797028	0.399216
1.798028	0.399706
1.799028	0.400196
1.800028	0.400686
1.801028	0.401176
1.802028	0.401667
1.803028	0.402157
1.804028	0.402647
1.805028	0.403138
1.806028	0.403628
1.807028	0.404119
1.808028	0.40461
1.809029	0.405101
1.810029	0.405592
1.811029	0.406083
1.812029	0.406573
1.813029	0.407065
1.814029	0.407557
1.815029	0.408048
1.816029	0.408539
1.817029	0.409031
1.818029	0.409523
1.819029	0.410015
1.820029	0.410506
1.821029	0.410998
1.822029	0.411491
1.823029	0.411983
1.824029	0.412475
1.825029	0.412968
1.826029	0.41346
1.827029	0.413952
1.828029	0.414446
1.829029	0.414938
1.830029	0.41543
1.83103	0.415924
1.83203	0.416417
1.83303	0.41691
1.83403	0.417403
1.83503	0.417896
1.83603	0.41839
1.83703	0.418883
1.83803	0.419376
1.83903	0.41987
1.84003	0.420363
1.84103	0.420857
1.84203	0.42135
1.84303	0.421845
1.84403	0.422338
1.84503	0.422833
1.84603	0.423327
1.84703	0.423821
1.84803	0.424315
1.84903	0.42481
1.85003	0.425304
1.85103	0.425799
1.852031	0.426293
1.853031	0.426788
1.854031	0.427282
1.855031	0.427777
1.856031	0.428272
1.857031	0.428767
1.858031	0.429262
1.859031	0.429757
1.860031	0.430253
1.861031	0.430747
1.862031	0.431243
1.863031	0.431738
1.864031	0.432233
1.865031	0.432729
1.866031	0.433225
1.867031	0.433721
1.868031	0.434216
1.869031	0.434711
1.870031	0.435207
1.871031	0.435703
1.872031	0.4362
1.873031	0.436695
1.874032	0.437191
1.875032	0.437688
1.876032	0.438184
1.877032	0.43868
1.878032	0.439176
1.879032	0.439673
1.880032	0.440169
1.881032	0.440665
1.882032	0.441162
1.883032	0.441659
1.884032	0.442156
1.885032	0.442652
1.886032	0.443149
1.887032	0.443646
1.888032	0.444143
1.889032	0.44464
1.890032	0.445137
1.891032	0.445634
1.892032	0.446131
1.893032	0.446628
1.894032	0.447125
1.895033	0.447623
1.896033	0.44812
1.897033	0.448618
1.898033	0.449115
1.899033	0.449613
1.900033	0.45011
1.901033	0.450607
1.902033	0.451105
1.903033	0.451603
1.904033	0.452101
1.905033	0.452598
1.906033	0.453096
1.907033	0.453594
1.908033	0.454092
1.909033	0.45459
1.910033	0.455088
1.911033	0.455586
1.912033	0.456085
1.913033	0.456583
1.914033	0.457081
1.915033	0.457579
1.916034	0.458078
1.917034	0.458576
1.918034	0.459074
1.919034	0.459573
1.920034	0.460071
1.921034	0.46057
1.922034	0.461068
1.923034	0.461566
1.924034	0.462066
1.925034	0.462564
1.926034	0.463063
1.927034	0.463562
1.928034	0.46406
1.929034	0.464559
1.930034	0.465058
1.931034	0.465557
1.932034	0.466055
1.933034	0.466555
1.934034	0.467053
1.935034	0.467552
1.936034	0.468051
1.937034	0.468551
1.938035	0.46905
1.939035	0.469549
1.940035	0.470048
1.941035	0.470547
1.942035	0.471046
1.943035	0.471546
1.944035	0.472045
1.945035	0.472544
1.946035	0.473044
1.947035	0.473543
1.948035	0.474042
1.949035	0.474542
1.950035	0.475041
1.951035	0.475541
1.952035	0.47604
1.953035	0.47654
1.954035	0.47704
1.955035	0.477539
1.956035	0.478038
1.957035	0.478538
1.958035	0.479037
1.959036	0.479537
1.960036	0.480037
1.961036	0.480536
1.962036	0.481036
1.963036	0.481536
1.964036	0.482036
1.965036	0.482535
1.966036	0.483036
1.967036	0.483535
1.968036	0.484035
1.969036	0.484535
1.970036	0.485034
1.971036	0.485535
1.972036	0.486034
1.973036	0.486534
1.974036	0.487034
1.975036	0.487534
1.976036	0.488034
1.977036	0.488534
1.978036	0.489034
1.979036	0.489534
1.980036	0.490034
1.981037	0.490534
1.982037	0.491034
1.983037	0.491534
1.984037	0.492034
1.985037	0.492534
1.986037	0.493034
1.987037	0.493534
1.988037	0.494034
1.989037	0.494534
1.990037	0.495034
1.991037	0.495534
1.992037	0.496035
1.993037	0.496535
1.994037	0.497034
1.995037	0.497535
1.996037	0.498035
1.997037	0.498534
1.998037	0.499035
1.999037	0.499535
2.000037	0.500036
2.001037	0.500535
2.002037	0.501034
2.003037	0.501532
2.004037	0.502029
2.005037	0.502524
2.006037	0.50302
2.007037	0.503514
2.008037	0.504006
2.009037	0.504499
2.010037	0.50499
2.011037	0.50548
2.012037	0.505969
2.013036	0.506456
2.014036	0.506943
2.015036	0.507429
2.016036	0.507914
2.017036	0.508398
2.018036	0.508881
2.019036	0.509363
2.020036	0.509844
2.021036	0.510324
2.022036	0.510803
2.023036	0.51128
2.024036	0.511758
2.025036	0.512233
2.026036	0.512708
2.027035	0.513181
2.028035	0.513655
2.029035	0.514126
2.030035	0.514597
2.031035	0.515066
2.032035	0.515535
2.033035	0.516003
2.034035	0.51647
2.035035	0.516935
2.036035	0.5174
2.037035	0.517864
2.038035	0.518326
2.039035	0.518787
2.040035	0.519248
2.041034	0.519708
2.042034	0.520167
2.043034	0.520623
2.044034	0.52108
2.045034	0.521536
2.046034	0.52199
2.047034	0.522444
2.048034	0.522896
2.049034	0.523348
2.050034	0.523797
2.051034	0.524247
2.052034	0.524695
2.053034	0.525143
2.054034	0.525589
2.055033	0.526034
2.056033	0.526478
2.057033	0.526922
2.058033	0.527364
2.059033	0.527805
2.060033	0.528244
2.061033	0.528684
2.062033	0.529122
2.063033	0.529559
2.064033	0.529995
2.065033	0.53043
2.066033	0.530863
2.067033	0.531297
2.068033	0.531729
2.069032	0.532159
2.070032	0.532589
2.071032	0.533018
2.072032	0.533445
2.073032	0.533872
2.074032	0.534297
2.075032	0.534722
2.076032	0.535146
2.077032	0.535568
2.078032	0.53599
2.079032	0.536409
2.080032	0.536829
2.081032	0.537248
2.082031	0.537665
2.083031	0.538081
2.084031	0.538496
2.085031	0.538911
2.086031	0.539324
2.087031	0.539736
2.088031	0.540146
2.089031	0.540557
2.090031	0.540966
2.091031	0.541373
2.092031	0.54178
2.093031	0.542187
2.094031	0.542592
2.095031	0.542995
2.09603	0.543398
2.09703	0.543799
2.09803	0.5442
2.09903	0.544599
2.10003	0.544998
2.10103	0.545396
2.10203	0.545791
2.10303	0.546188
2.10403	0.546582
2.10503	0.546974
2.10603	0.547366
2.10703	0.547758
2.10803	0.548148
2.10903	0.548538
2.110029	0.548926
2.111029	0.549312
2.112029	0.549698
2.113029	0.550082
2.114029	0.550466
2.115029	0.550849
2.116029	0.55123
2.117029	0.551612
2.118029	0.551991
2.119029	0.552369
2.120029	0.552747
2.121029	0.553122
2.122029	0.553498
2.123029	0.553872
2.124028	0.554245
2.125028	0.554618
2.126028	0.554988
2.127028	0.555359
2.128028	0.555728
2.129028	0.556096
2.130028	0.556462
2.131028	0.556827
2.132028	0.557193
2.133028	0.557555
2.134028	0.557918
2.135028	0.55828
2.136028	0.55864
2.137028	0.558999
2.138027	0.559357
2.139027	0.559715
2.140027	0.560071
2.141027	0.560426
2.142027	0.56078
2.143027	0.561133
2.144027	0.561484
2.145027	0.561836
2.146027	0.562184
2.147027	0.562534
2.148027	0.562881
2.149027	0.563228
2.150027	0.563573
2.151026	0.563918
2.152026	0.56426
2.153026	0.564603
2.154026	0.564943
2.155026	0.565283
2.156026	0.565623
2.157026	0.56596
2.158026	0.566298
2.159026	0.566633
2.160026	0.566968
2.161026	0.567301
2.162026	0.567634
2.163026	0.567965
2.164026	0.568296
2.165025	0.568625
2.166025	0.568953
2.167025	0.56928
2.168025	0.569605
2.169025	0.56993
2.170025	0.570254
2.171025	0.570577
2.172025	0.570899
2.173025	0.571219
2.174025	0.571539
2.175025	0.571858
2.176025	0.572174
2.177025	0.57249
2.178025	0.572805
2.179024	0.573119
2.180024	0.573433
2.181024	0.573744
2.182024	0.574055
2.183024	0.574365
2.184024	0.574673
2.185024	0.57498
2.186024	0.575287
2.187024	0.575593
2.188024	0.575896
2.189024	0.5762
2.190024	0.576501
2.191024	0.576802
2.192024	0.577102
2.193023	0.577401
2.194023	0.577698
2.195023	0.577995
2.196023	0.57829
2.197023	0.578585
2.198023	0.578879
2.199023	0.57917
2.200023	0.579461
2.201023	0.57975
2.202023	0.58004
2.203023	0.580328
2.204023	0.580614
2.205023	0.580899
2.206023	0.581184
2.207022	0.581468
2.208022	0.581749
2.209022	0.58203
2.210022	0.582311
2.211022	0.58259
2.212022	0.582867
2.213022	0.583144
2.214022	0.58342
2.215022	0.583694
2.216022	0.583968
2.217022	0.58424
2.218022	0.584511
2.219022	0.58478
2.220021	0.58505
2.221021	0.585318
2.222021	0.585584
2.223021	0.58585
2.224021	0.586114
2.225021	0.586377
2.226021	0.58664
2.227021	0.586901
2.228021	0.587161
2.229021	0.58742
2.230021	0.587678
2.231021	0.587934
2.232021	0.58819
2.233021	0.588445
2.23402	0.588698
2.23502	0.58895
2.23602	0.589201
2.23702	0.589451
2.23802	0.5897
2.23902	0.589947
2.24002	0.590195
2.24102	0.59044
2.24202	0.590684
2.24302	0.590928
2.24402	0.59117
2.24502	0.591412
2.24602	0.59165
2.24702	0.591889
2.248019	0.592127
2.249019	0.592363
2.250019	0.592599
2.251019	0.592833
2.252019	0.593067
2.253019	0.593299
2.254019	0.593529
2.255019	0.593759
2.256019	0.593988
2.257019	0.594215
2.258019	0.594442
2.259019	0.594667
2.260019	0.594891
2.261019	0.595115
2.262018	0.595336
2.263018	0.595557
2.264018	0.595776
2.265018	0.595995
2.266018	0.596212
2.267018	0.596429
2.268018	0.596644
2.269018	0.596858
2.270018	0.59707
2.271018	0.597282
2.272018	0.597493
2.273018	0.597702
2.274018	0.59791
2.275017	0.598117
2.276017	0.598323
2.277017	0.598529
2.278017	0.598732
2.279017	0.598934
2.280017	0.599136
2.281017	0.599336
2.282017	0.599535
2.283017	0.599733
2.284017	0.59993
2.285017	0.600127
2.286017	0.600321
2.287017	0.600515
2.288017	0.600706
2.289016	0.600898
2.290016	0.601088
2.291016	0.601276
2.292016	0.601464
2.293016	0.601651
2.294016	0.601836
2.295016	0.602021
2.296016	0.602204
2.297016	0.602386
2.298016	0.602566
2.299016	0.602746
2.300016	0.602925
2.301016	0.603102
2.302016	0.603278
2.303015	0.603454
2.304015	0.603628
2.305015	0.6038
2.306015	0.603972
2.307015	0.604142
2.308015	0.604311
2.309015	0.60448
2.310015	0.604647
2.311015	0.604813
2.312015	0.604978
2.313015	0.605141
2.314015	0.605303
2.315015	0.605465
2.316015	0.605625
2.317014	0.605783
2.318014	0.605941
2.319014	0.606099
2.320014	0.606254
2.321014	0.606408
2.322014	0.606561
2.323014	0.606713
2.324014	0.606864
2.325014	0.607013
2.326014	0.607162
2.327014	0.60731
2.328014	0.607455
2.329014	0.6076
2.330014	0.607744
2.331013	0.607887
2.332013	0.608029
2.333013	0.608169
2.334013	0.608308
2.335013	0.608446
2.336013	0.608583
2.337013	0.608719
2.338013	0.608853
2.339013	0.608986
2.340013	0.609118
2.341013	0.60925
2.342013	0.609379
2.343013	0.609508
2.344012	0.609636
2.345012	0.609762
2.346012	0.609887
2.347012	0.610011
2.348012	0.610134
2.349012	0.610255
2.350012	0.610376
2.351012	0.610495
2.352012	0.610613
2.353012	0.61073
2.354012	0.610846
2.355012	0.61096
2.356012	0.611074
2.357012	0.611186
2.358011	0.611297
2.359011	0.611406
2.360011	0.611515
2.361011	0.611623
2.362011	0.611729
2.363011	0.611835
2.364011	0.611938
2.365011	0.612041
2.366011	0.612143
2.367011	0.612243
2.368011	0.612342
2.369011	0.61244
2.370011	0.612537
2.371011	0.612633
2.37201	0.612728
2.37301	0.61282
2.37401	0.612912
2.37501	0.613004
2.37601	0.613093
2.37701	0.613182
2.37801	0.613269
2.37901	0.613356
2.38001	0.61344
2.38101	0.613524
2.38201	0.613607
2.38301	0.613688
2.38401	0.613768
2.38501	0.613847
2.386009	0.613925
2.387009	0.614002
2.388009	0.614077
2.389009	0.614151
2.390009	0.614225
2.391009	0.614296
2.392009	0.614367
2.393009	0.614437
2.394009	0.614505
2.395009	0.614572
2.396009	0.614638
2.397009	0.614702
2.398009	0.614766
2.399009	0.614828
2.400008	0.614889
2.401008	0.614949
2.402008	0.615008
2.403008	0.615065
2.404008	0.615122
2.405008	0.615177
2.406008	0.615231
2.407008	0.615284
2.408008	0.615335
2.409008	0.615385
2.410008	0.615434
2.411008	0.615482
2.412008	0.615528
2.413007	0.615574
2.414007	0.615618
2.415007	0.615662
2.416007	0.615703
2.417007	0.615743
2.418007	0.615783
2.419007	0.615821
2.420007	0.615858
2.421007	0.615894
2.422007	0.615929
2.423007	0.615962
2.424007	0.615994
2.425007	0.616025
2.426007	0.616054
2.427006	0.616083
2.428006	0.61611
2.429006	0.616137
2.430006	0.616161
2.431006	0.616185
2.432006	0.616208
2.433006	0.616229
2.434006	0.616248
2.435006	0.616267
2.436006	0.616285
2.437006	0.616301
2.438006	0.616317
2.439006	0.616331
2.440006	0.616343
2.441005	0.616355
2.442005	0.616365
2.443005	0.616374
2.444005	0.616382
2.445005	0.616388
2.446005	0.616394
2.447005	0.616398
2.448005	0.616401
2.449005	0.616402
2.450005	0.616403
2.451005	0.616402
2.452005	0.6164
2.453005	0.616397
2.454005	0.616393
2.455004	0.616387
2.456004	0.61638
2.457004	0.616372
2.458004	0.616362
2.459004	0.616352
2.460004	0.61634
2.461004	0.616327
2.462004	0.616312
2.463004	0.616297
2.464004	0.616281
2.465004	0.616263
2.466004	0.616244
2.467004	0.616223
2.468004	0.616201
2.469003	0.616178
2.470003	0.616154
2.471003	0.616129
2.472003	0.616102
2.473003	0.616075
2.474003	0.616045
2.475003	0.616015
2.476003	0.615983
2.477003	0.615951
2.478003	0.615917
2.479003	0.615882
2.480003	0.615845
2.481003	0.615807
2.482002	0.615768
2.483002	0.615728
2.484002	0.615687
2.485002	0.615644
2.486002	0.6156
2.487002	0.615555
2.488002	0.615509
2.489002	0.615461
2.490002	0.615412
2.491002	0.615362
2.492002	0.615311
2.493002	0.615257
2.494002	0.615204
2.495002	0.615149
2.496001	0.615092
2.497001	0.615035
2.498001	0.614976
2.499001	0.614915
2.500001	0.614854
2.501001	0.614792
2.502001	0.614728
2.503001	0.614662
2.504001	0.614596
2.505001	0.614528
2.506001	0.61446
2.507001	0.614389
2.508001	0.614318
2.509001	0.614245
2.51	0.614171
2.511	0.614097
2.512	0.61402
2.513	0.613943
2.514	0.613863
2.515	0.613783
2.516	0.613702
2.517	0.613619
2.518	0.613535
2.519	0.61345
2.52	0.613363
2.521	0.613276
2.522	0.613187
2.523	0.613096
2.523999	0.613004
2.524999	0.612912
2.525999	0.612818
2.526999	0.612723
2.527999	0.612626
2.528999	0.612529
2.529999	0.612429
2.530999	0.612329
2.531999	0.612227
2.532999	0.612124
2.533999	0.61202
2.534999	0.611914
2.535999	0.611808
2.536999	0.6117
2.537998	0.611591
2.538998	0.61148
2.539998	0.611368
2.540998	0.611255
2.541998	0.611141
2.542998	0.611025
2.543998	0.610908
2.544998	0.61079
2.545998	0.610671
2.546998	0.61055
2.547998	0.610428
2.548998	0.610305
2.549998	0.610181
2.550997	0.610055
2.551997	0.609928
2.552997	0.609799
2.553997	0.60967
2.554997	0.609539
2.555997	0.609407
2.556997	0.609273
2.557997	0.609139
2.558997	0.609003
2.559997	0.608866
2.560997	0.608727
2.561997	0.608587
2.562997	0.608446
2.563997	0.608303
2.564996	0.60816
2.565996	0.608015
2.566996	0.607869
2.567996	0.607721
2.568996	0.607572
2.569996	0.607423
2.570996	0.607271
2.571996	0.607118
2.572996	0.606964
2.573996	0.606809
2.574996	0.606653
2.575996	0.606495
2.576996	0.606335
2.577996	0.606175
2.578995	0.606014
2.579995	0.605851
2.580995	0.605686
2.581995	0.60552
2.582995	0.605354
2.583995	0.605186
2.584995	0.605016
2.585995	0.604846
2.586995	0.604674
2.587995	0.6045
2.588995	0.604326
2.589995	0.60415
2.590995	0.603973
2.591995	0.603794
2.592994	0.603614
2.593994	0.603434
2.594994	0.603251
2.595994	0.603067
2.596994	0.602883
2.597994	0.602696
2.598994	0.602508
2.599994	0.60232
2.600994	0.60213
2.601994	0.601938
2.602994	0.601745
2.603994	0.601551
2.604994	0.601356
2.605994	0.601159
2.606993	0.600962
2.607993	0.600761
2.608993	0.600561
2.609993	0.600359
2.610993	0.600157
2.611993	0.599952
2.612993	0.599746
2.613993	0.599539
2.614993	0.599331
2.615993	0.599121
2.616993	0.59891
2.617993	0.598697
2.618993	0.598484
2.619992	0.598269
2.620992	0.598053
2.621992	0.597835
2.622992	0.597616
2.623992	0.597396
2.624992	0.597174
2.625992	0.596952
2.626992	0.596728
2.627992	0.596502
2.628992	0.596275
2.629992	0.596047
2.630992	0.595818
2.631992	0.595587
2.632992	0.595355
2.633991	0.595122
2.634991	0.594887
2.635991	0.594651
2.636991	0.594414
2.637991	0.594175
2.638991	0.593936
2.639991	0.593694
2.640991	0.593452
2.641991	0.593208
2.642991	0.592962
2.643991	0.592716
2.644991	0.592468
2.645991	0.592219
2.646991	0.591968
2.64799	0.591717
2.64899	0.591464
2.64999	0.591209
2.65099	0.590953
2.65199	0.590696
2.65299	0.590437
2.65399	0.590178
2.65499	0.589917
2.65599	0.589654
2.65699	0.589391
2.65799	0.589126
2.65899	0.588859
2.65999	0.588592
2.66099	0.588322
2.661989	0.588052
2.662989	0.58778
2.663989	0.587507
2.664989	0.587233
2.665989	0.586957
2.666989	0.58668
2.667989	0.586401
2.668989	0.586122
2.669989	0.585841
2.670989	0.585558
2.671989	0.585275
2.672989	0.58499
2.673989	0.584703
2.674989	0.584415
2.675988	0.584127
2.676988	0.583836
2.677988	0.583544
2.678988	0.583251
2.679988	0.582957
2.680988	0.582661
2.681988	0.582364
2.682988	0.582065
2.683988	0.581766
2.684988	0.581464
2.685988	0.581162
2.686988	0.580858
2.687988	0.580553
2.688987	0.580246
2.689987	0.579938
2.690987	0.57963
2.691987	0.579319
2.692987	0.579007
2.693987	0.578694
2.694987	0.578379
2.695987	0.578063
2.696987	0.577746
2.697987	0.577428
2.698987	0.577107
2.699987	0.576786
2.700987	0.576464
2.701987	0.576139
2.702986	0.575814
2.703986	0.575487
2.704986	0.575159
2.705986	0.57483
2.706986	0.574499
2.707986	0.574167
2.708986	0.573833
2.709986	0.573498
2.710986	0.573162
2.711986	0.572824
2.712986	0.572486
2.713986	0.572145
2.714986	0.571804
2.715986	0.571461
2.716985	0.571116
2.717985	0.570771
2.718985	0.570423
2.719985	0.570075
2.720985	0.569725
2.721985	0.569375
2.722985	0.569022
2.723985	0.568668
2.724985	0.568313
2.725985	0.567956
2.726985	0.567598
2.727985	0.567239
2.728985	0.566878
2.729985	0.566516
2.730984	0.566153
2.731984	0.565788
2.732984	0.565422
2.733984	0.565054
2.734984	0.564685
2.735984	0.564315
2.736984	0.563943
2.737984	0.563571
2.738984	0.563196
2.739984	0.56282
2.740984	0.562443
2.741984	0.562065
2.742984	0.561685
2.743984	0.561304
2.744983	0.560922
2.745983	0.560538
2.746983	0.560152
2.747983	0.559766
2.748983	0.559377
2.749983	0.558988
2.750983	0.558597
2.751983	0.558205
2.752983	0.557811
2.753983	0.557416
2.754983	0.55702
2.755983	0.556622
2.756983	0.556224
2.757982	0.555823
2.758982	0.555421
2.759982	0.555018
2.760982	0.554614
2.761982	0.554208
2.762982	0.5538
2.763982	0.553391
2.764982	0.552981
2.765982	0.55257
2.766982	0.552157
2.767982	0.551742
2.768982	0.551327
2.769982	0.55091
2.770982	0.550491
2.771981	0.550072
2.772981	0.54965
2.773981	0.549228
2.774981	0.548804
2.775981	0.548378
2.776981	0.547952
2.777981	0.547524
2.778981	0.547094
2.779981	0.546663
2.780981	0.546231
2.781981	0.545797
2.782981	0.545362
2.783981	0.544926
2.784981	0.544488
2.78598	0.544049
2.78698	0.543608
2.78798	0.543166
2.78898	0.542723
2.78998	0.542278
2.79098	0.541831
2.79198	0.541384
2.79298	0.540935
2.79398	0.540484
2.79498	0.540033
2.79598	0.539579
2.79698	0.539125
2.79798	0.538669
2.79898	0.538212
2.799979	0.537753
2.800979	0.537293
2.801979	0.536831
2.802979	0.536368
2.803979	0.535904
2.804979	0.535438
2.805979	0.534971
2.806979	0.534502
2.807979	0.534032
2.808979	0.53356
2.809979	0.533087
2.810979	0.532613
2.811979	0.532138
2.812979	0.531661
2.813978	0.531182
2.814978	0.530702
2.815978	0.530221
2.816978	0.529739
2.817978	0.529255
2.818978	0.528769
2.819978	0.528282
2.820978	0.527794
2.821978	0.527304
2.822978	0.526813
2.823978	0.526321
2.824978	0.525827
2.825978	0.525331
2.826977	0.524835
2.827977	0.524336
2.828977	0.523836
2.829977	0.523336
2.830977	0.522833
2.831977	0.52233
2.832977	0.521824
2.833977	0.521317
2.834977	0.520809
2.835977	0.5203
2.836977	0.519789
2.837977	0.519277
2.838977	0.518763
2.839977	0.518248
2.840976	0.517731
2.841976	0.517213
2.842976	0.516694
2.843976	0.516173
2.844976	0.515651
2.845976	0.515126
2.846976	0.514601
2.847976	0.514075
2.848976	0.513547
2.849976	0.513018
2.850976	0.512487
2.851976	0.511954
2.852976	0.511421
2.853976	0.510886
2.854975	0.510349
2.855975	0.509811
2.856975	0.509272
2.857975	0.508731
2.858975	0.508189
2.859975	0.507645
2.860975	0.5071
2.861975	0.506553
2.862975	0.506006
2.863975	0.505456
2.864975	0.504905
2.865975	0.504353
2.866975	0.503799
2.867975	0.503244
2.868974	0.502687
2.869974	0.50213
2.870974	0.50157
2.871974	0.501009
2.872974	0.500447
2.873974	0.499883
2.874974	0.499318
2.875974	0.498751
2.876974	0.498183
2.877974	0.497614
2.878974	0.497043
2.879974	0.49647
2.880974	0.495897
2.881974	0.495322
2.882973	0.494745
2.883973	0.494167
2.884973	0.493587
2.885973	0.493006
2.886973	0.492424
2.887973	0.49184
2.888973	0.491255
2.889973	0.490668
2.890973	0.490079
2.891973	0.48949
2.892973	0.488899
2.893973	0.488306
2.894973	0.487712
2.895972	0.487116
2.896972	0.48652
2.897972	0.485921
2.898972	0.485321
2.899972	0.48472
2.900972	0.484118
2.901972	0.483513
2.902972	0.482908
2.903972	0.4823
2.904972	0.481692
2.905972	0.481082
2.906972	0.480471
2.907972	0.479858
2.908972	0.479244
2.909971	0.478628
2.910971	0.47801
2.911971	0.477392
2.912971	0.476771
2.913971	0.47615
2.914971	0.475527
2.915971	0.474902
2.916971	0.474276
2.917971	0.473649
2.918971	0.47302
2.919971	0.47239
2.920971	0.471758
2.921971	0.471125
2.922971	0.47049
2.92397	0.469853
2.92497	0.469216
2.92597	0.468577
2.92697	0.467936
2.92797	0.467294
2.92897	0.466651
2.92997	0.466006
2.93097	0.465359
2.93197	0.464711
2.93297	0.464062
2.93397	0.463411
2.93497	0.462759
2.93597	0.462105
2.93697	0.46145
2.937969	0.460793
2.938969	0.460135
2.939969	0.459475
2.940969	0.458814
2.941969	0.458151
2.942969	0.457487
2.943969	0.456822
2.944969	0.456155
2.945969	0.455487
2.946969	0.454817
2.947969	0.454145
2.948969	0.453472
2.949969	0.452798
2.950969	0.452122
2.951968	0.451445
2.952968	0.450766
2.953968	0.450086
2.954968	0.449404
2.955968	0.448721
2.956968	0.448036
2.957968	0.44735
2.958968	0.446662
2.959968	0.445973
2.960968	0.445282
2.961968	0.44459
2.962968	0.443897
2.963968	0.443202
2.964967	0.442505
2.965967	0.441807
2.966967	0.441107
2.967967	0.440406
2.968967	0.439704
2.969967	0.439
2.970967	0.438294
2.971967	0.437587
2.972967	0.436879
2.973967	0.436169
2.974967	0.435458
2.975967	0.434745
2.976967	0.43403
2.977967	0.433315
2.978966	0.432597
2.979966	0.431878
2.980966	0.431158
2.981966	0.430436
2.982966	0.429713
2.983966	0.428988
2.984966	0.428262
2.985966	0.427534
2.986966	0.426805
2.987966	0.426074
2.988966	0.425342
2.989966	0.424608
2.990966	0.423873
2.991966	0.423136
2.992965	0.422398
2.993965	0.421658
2.994965	0.420917
2.995965	0.420174
2.996965	0.41943
2.997965	0.418684
2.998965	0.417937
2.999965	0.417188
3.000965	0.416438
3.001965	0.415688
3.002965	0.414939
3.003965	0.41419
3.004965	0.413442
3.005965	0.412694
3.006964	0.411947
3.007964	0.4112
3.008964	0.410454
3.009964	0.409709
3.010964	0.408963
3.011964	0.408219
3.012964	0.407474
3.013964	0.406731
3.014964	0.405987
3.015964	0.405245
3.016964	0.404503
3.017964	0.403761
3.018964	0.40302
3.019964	0.402279
3.020963	0.401539
3.021963	0.400799
3.022963	0.40006
3.023963	0.399322
3.024963	0.398584
3.025963	0.397846
3.026963	0.397109
3.027963	0.396373
3.028963	0.395636
3.029963	0.394901
3.030963	0.394166
3.031963	0.393431
3.032963	0.392698
3.033962	0.391964
3.034962	0.391231
3.035962	0.390499
3.036962	0.389767
3.037962	0.389035
3.038962	0.388305
3.039962	0.387574
3.040962	0.386844
3.041962	0.386115
3.042962	0.385386
3.043962	0.384658
3.044962	0.38393
3.045962	0.383203
3.046962	0.382476
3.047961	0.381751
3.048961	0.381024
3.049961	0.380299
3.050961	0.379575
3.051961	0.378851
3.052961	0.378127
3.053961	0.377404
3.054961	0.376682
3.055961	0.37596
3.056961	0.375238
3.057961	0.374517
3.058961	0.373797
3.059961	0.373077
3.060961	0.372358
3.06196	0.371639
3.06296	0.370921
3.06396	0.370203
3.06496	0.369486
3.06596	0.368769
3.06696	0.368053
3.06796	0.367337
3.06896	0.366623
3.06996	0.365908
3.07096	0.365194
3.07196	0.36448
3.07296	0.363768
3.07396	0.363055
3.07496	0.362343
3.075959	0.361632
3.076959	0.360921
3.077959	0.360211
3.078959	0.359501
3.079959	0.358792
3.080959	0.358084
3.081959	0.357376
3.082959	0.356668
3.083959	0.355961
3.084959	0.355254
3.085959	0.354549
3.086959	0.353843
3.087959	0.353138
3.088959	0.352434
3.089958	0.35173
3.090958	0.351027
3.091958	0.350324
3.092958	0.349622
3.093958	0.348921
3.094958	0.34822
3.095958	0.347519
3.096958	0.346819
3.097958	0.34612
3.098958	0.345421
3.099958	0.344723
3.100958	0.344025
3.101958	0.343328
3.102957	0.342631
3.103957	0.341935
3.104957	0.34124
3.105957	0.340545
3.106957	0.339851
3.107957	0.339157
3.108957	0.338463
3.109957	0.337771
3.110957	0.337079
3.111957	0.336387
3.112957	0.335696
3.113957	0.335005
3.114957	0.334315
3.115957	0.333626
3.116956	0.332937
3.117956	0.332249
3.118956	0.331561
3.119956	0.330874
3.120956	0.330187
3.121956	0.329501
3.122956	0.328816
3.123956	0.328131
3.124956	0.327447
3.125956	0.326763
3.126956	0.326079
3.127956	0.325397
3.128956	0.324715
3.129956	0.324033
3.130955	0.323352
3.131955	0.322672
3.132955	0.321992
3.133955	0.321313
3.134955	0.320634
3.135955	0.319956
3.136955	0.319278
3.137955	0.318601
3.138955	0.317925
3.139955	0.317249
3.140955	0.316573
3.141955	0.315899
3.142955	0.315225
3.143955	0.314551
3.144954	0.313878
3.145954	0.313206
3.146954	0.312534
3.147954	0.311863
3.148954	0.311192
3.149954	0.310521
3.150954	0.309852
3.151954	0.309183
3.152954	0.308514
3.153954	0.307847
3.154954	0.307179
3.155954	0.306512
3.156954	0.305847
3.157954	0.305181
3.158953	0.304516
3.159953	0.303852
3.160953	0.303188
3.161953	0.302525
3.162953	0.301862
3.163953	0.3012
3.164953	0.300538
3.165953	0.299878
3.166953	0.299217
3.167953	0.298557
3.168953	0.297898
3.169953	0.29724
3.170953	0.296582
3.171952	0.295924
3.172952	0.295268
3.173952	0.294611
3.174952	0.293956
3.175952	0.293301
3.176952	0.292646
3.177952	0.291992
3.178952	0.291339
3.179952	0.290686
3.180952	0.290034
3.181952	0.289383
3.182952	0.288732
3.183952	0.288082
3.184952	0.287432
3.185951	0.286783
3.186951	0.286134
3.187951	0.285486
3.188951	0.284839
3.189951	0.284192
3.190951	0.283546
3.191951	0.2829
3.192951	0.282255
3.193951	0.281611
3.194951	0.280967
3.195951	0.280324
3.196951	0.279681
3.197951	0.279039
3.198951	0.278398
3.19995	0.277757
3.20095	0.277117
3.20195	0.276477
3.20295	0.275838
3.20395	0.2752
3.20495	0.274562
3.20595	0.273925
3.20695	0.273289
3.20795	0.272653
3.20895	0.272017
3.20995	0.271382
3.21095	0.270748
3.21195	0.270114
3.21295	0.269482
3.213949	0.268849
3.214949	0.268218
3.215949	0.267586
3.216949	0.266956
3.217949	0.266326
3.218949	0.265697
3.219949	0.265068
3.220949	0.26444
3.221949	0.263812
3.222949	0.263186
3.223949	0.262559
3.224949	0.261934
3.225949	0.261309
3.226948	0.260684
3.227948	0.260061
3.228948	0.259437
3.229948	0.258815
3.230948	0.258193
3.231948	0.257571
3.232948	0.256951
3.233948	0.25633
3.234948	0.255711
3.235948	0.255092
3.236948	0.254474
3.237948	0.253856
3.238948	0.253239
3.239948	0.252623
3.240947	0.252007
3.241947	0.251392
3.242947	0.250777
3.243947	0.250163
3.244947	0.24955
3.245947	0.248937
3.246947	0.248325
3.247947	0.247714
3.248947	0.247103
3.249947	0.246493
3.250947	0.245883
3.251947	0.245274
3.252947	0.244666
3.253947	0.244058
3.254946	0.243451
3.255946	0.242845
3.256946	0.242239
3.257946	0.241634
3.258946	0.241029
3.259946	0.240425
3.260946	0.239822
3.261946	0.23922
3.262946	0.238617
3.263946	0.238016
3.264946	0.237415
3.265946	0.236815
3.266946	0.236216
3.267946	0.235617
3.268945	0.235018
3.269945	0.234421
3.270945	0.233824
3.271945	0.233228
3.272945	0.232632
3.273945	0.232037
3.274945	0.231442
3.275945	0.230849
3.276945	0.230256
3.277945	0.229663
3.278945	0.229071
3.279945	0.22848
3.280945	0.227889
3.281945	0.2273
3.282944	0.22671
3.283944	0.226122
3.284944	0.225534
3.285944	0.224946
3.286944	0.224359
3.287944	0.223773
3.288944	0.223188
3.289944	0.222603
3.290944	0.222019
3.291944	0.221435
3.292944	0.220853
3.293944	0.22027
3.294944	0.219689
3.295943	0.219108
3.296943	0.218528
3.297943	0.217948
3.298943	0.217369
3.299943	0.216791
3.300943	0.216213
3.301943	0.215636
3.302943	0.21506
3.303943	0.214484
3.304943	0.213909
3.305943	0.213334
3.306943	0.212761
3.307943	0.212188
3.308943	0.211615
3.309942	0.211043
3.310942	0.210472
3.311942	0.209902
3.312942	0.209332
3.313942	0.208763
3.314942	0.208194
3.315942	0.207626
3.316942	0.207059
3.317942	0.206493
3.318942	0.205927
3.319942	0.205361
3.320942	0.204797
3.321942	0.204233
3.322942	0.20367
3.323941	0.203107
3.324941	0.202545
3.325941	0.201984
3.326941	0.201423
3.327941	0.200863
3.328941	0.200304
3.329941	0.199745
3.330941	0.199187
3.331941	0.19863
3.332941	0.198074
3.333941	0.197518
3.334941	0.196962
3.335941	0.196408
3.336941	0.195854
3.33794	0.1953
3.33894	0.194748
3.33994	0.194196
3.34094	0.193645
3.34194	0.193094
3.34294	0.192544
3.34394	0.191995
3.34494	0.191446
3.34594	0.190898
3.34694	0.190351
3.34794	0.189805
3.34894	0.189259
3.34994	0.188714
3.35094	0.188169
3.351939	0.187625
3.352939	0.187082
3.353939	0.186539
3.354939	0.185997
3.355939	0.185456
3.356939	0.184916
3.357939	0.184376
3.358939	0.183837
3.359939	0.183298
3.360939	0.182761
3.361939	0.182224
3.362939	0.181687
3.363939	0.181151
3.364938	0.180616
3.365938	0.180082
3.366938	0.179548
3.367938	0.179015
3.368938	0.178483
3.369938	0.177951
3.370938	0.177421
3.371938	0.17689
3.372938	0.176361
3.373938	0.175832
3.374938	0.175304
3.375938	0.174776
3.376938	0.174249
3.377938	0.173723
3.378937	0.173198
3.379937	0.172673
3.380937	0.172149
3.381937	0.171626
3.382937	0.171103
3.383937	0.170581
3.384937	0.17006
3.385937	0.169539
3.386937	0.169019
3.387937	0.1685
3.388937	0.167981
3.389937	0.167463
3.390937	0.166946
3.391937	0.16643
3.392936	0.165914
3.393936	0.165399
3.394936	0.164885
3.395936	0.164371
3.396936	0.163858
3.397936	0.163346
3.398936	0.162834
3.399936	0.162323
3.400936	0.161813
3.401936	0.161304
3.402936	0.160795
3.403936	0.160287
3.404936	0.15978
3.405936	0.159273
3.406935	0.158767
3.407935	0.158262
3.408935	0.157757
3.409935	0.157254
3.410935	0.15675
3.411935	0.156248
3.412935	0.155746
3.413935	0.155245
3.414935	0.154745
3.415935	0.154245
3.416935	0.153746
3.417935	0.153248
3.418935	0.152751
3.419935	0.152254
3.420934	0.151758
3.421934	0.151263
3.422934	0.150768
3.423934	0.150274
3.424934	0.149781
3.425934	0.149288
3.426934	0.148796
3.427934	0.148305
3.428934	0.147815
3.429934	0.147325
3.430934	0.146836
3.431934	0.146348
3.432934	0.145861
3.433933	0.145374
3.434933	0.144888
3.435933	0.144403
3.436933	0.143918
3.437933	0.143434
3.438933	0.142951
3.439933	0.142468
3.440933	0.141987
3.441933	0.141506
3.442933	0.141025
3.443933	0.140546
3.444933	0.140067
3.445933	0.139589
3.446933	0.139111
3.447932	0.138635
3.448932	0.138159
3.449932	0.137683
3.450932	0.137209
3.451932	0.136735
3.452932	0.136262
3.453932	0.13579
3.454932	0.135318
3.455932	0.134847
3.456932	0.134377
3.457932	0.133907
3.458932	0.133439
3.459932	0.132971
3.460932	0.132503
3.461931	0.132037
3.462931	0.131571
3.463931	0.131106
3.464931	0.130642
3.465931	0.130178
3.466931	0.129715
3.467931	0.129253
3.468931	0.128792
3.469931	0.128331
3.470931	0.127871
3.471931	0.127412
3.472931	0.126954
3.473931	0.126496
3.474931	0.126039
3.47593	0.125583
3.47693	0.125127
3.47793	0.124672
3.47893	0.124218
3.47993	0.123765
3.48093	0.123312
3.48193	0.122861
3.48293	0.12241
3.48393	0.121959
3.48493	0.12151
3.48593	0.121061
3.48693	0.120613
3.48793	0.120165
3.48893	0.119719
3.489929	0.119273
3.490929	0.118828
3.491929	0.118384
3.492929	0.11794
3.493929	0.117497
3.494929	0.117055
3.495929	0.116613
3.496929	0.116173
3.497929	0.115733
3.498929	0.115294
3.499929	0.114855
3.500929	0.114418
3.501929	0.113981
3.502928	0.113545
3.503928	0.113109
3.504928	0.112675
3.505928	0.112241
3.506928	0.111808
3.507928	0.111375
3.508928	0.110944
3.509928	0.110513
3.510928	0.110083
3.511928	0.109653
3.512928	0.109225
3.513928	0.108797
3.514928	0.10837
3.515928	0.107943
3.516927	0.107518
3.517927	0.107093
3.518927	0.106669
3.519927	0.106246
3.520927	0.105823
3.521927	0.105401
3.522927	0.10498
3.523927	0.10456
3.524927	0.104141
3.525927	0.103722
3.526927	0.103304
3.527927	0.102887
3.528927	0.10247
3.529927	0.102054
3.530926	0.10164
3.531926	0.101226
3.532926	0.100812
3.533926	0.1004
3.534926	0.099988
3.535926	0.099577
3.536926	0.099166
3.537926	0.098757
3.538926	0.098348
3.539926	0.09794
3.540926	0.097533
3.541926	0.097126
3.542926	0.096721
3.543926	0.096316
3.544925	0.095911
3.545925	0.095508
3.546925	0.095105
3.547925	0.094704
3.548925	0.094303
3.549925	0.093902
3.550925	0.093503
3.551925	0.093104
3.552925	0.092706
3.553925	0.092309
3.554925	0.091912
3.555925	0.091517
3.556925	0.091122
3.557925	0.090728
3.558924	0.090335
3.559924	0.089942
3.560924	0.08955
3.561924	0.089159
3.562924	0.088769
3.563924	0.08838
3.564924	0.087991
3.565924	0.087603
3.566924	0.087216
3.567924	0.08683
3.568924	0.086445
3.569924	0.08606
3.570924	0.085676
3.571923	0.085293
3.572923	0.084911
3.573923	0.084529
3.574923	0.084148
3.575923	0.083768
3.576923	0.083389
3.577923	0.083011
3.578923	0.082633
3.579923	0.082256
3.580923	0.08188
3.581923	0.081505
3.582923	0.081131
3.583923	0.080757
3.584923	0.080384
3.585922	0.080012
3.586922	0.079641
3.587922	0.07927
3.588922	0.078901
3.589922	0.078532
3.590922	0.078164
3.591922	0.077796
3.592922	0.07743
3.593922	0.077064
3.594922	0.076699
3.595922	0.076335
3.596922	0.075972
3.597922	0.075609
3.598922	0.075247
3.599921	0.074886
3.600921	0.074526
3.601921	0.074167
3.602921	0.073808
3.603921	0.073451
3.604921	0.073094
3.605921	0.072738
3.606921	0.072382
3.607921	0.072028
3.608921	0.071674
3.609921	0.071321
3.610921	0.070969
3.611921	0.070618
3.612921	0.070267
3.61392	0.069918
3.61492	0.069569
3.61592	0.069221
3.61692	0.068873
3.61792	0.068527
3.61892	0.068181
3.61992	0.067837
3.62092	0.067492
3.62192	0.067149
3.62292	0.066807
3.62392	0.066465
3.62492	0.066124
3.62592	0.065785
3.62692	0.065445
3.627919	0.065107
3.628919	0.064769
3.629919	0.064433
3.630919	0.064097
3.631919	0.063762
3.632919	0.063428
3.633919	0.063094
3.634919	0.062761
3.635919	0.06243
3.636919	0.062099
3.637919	0.061768
3.638919	0.061439
3.639919	0.061111
3.640918	0.060783
3.641918	0.060456
3.642918	0.06013
3.643918	0.059805
3.644918	0.05948
3.645918	0.059157
3.646918	0.058834
3.647918	0.058512
3.648918	0.058191
3.649918	0.05787
3.650918	0.057551
3.651918	0.057232
3.652918	0.056914
3.653918	0.056597
3.654917	0.056281
3.655917	0.055966
3.656917	0.055651
3.657917	0.055338
3.658917	0.055025
3.659917	0.054713
3.660917	0.054401
3.661917	0.054091
3.662917	0.053781
3.663917	0.053473
3.664917	0.053165
3.665917	0.052858
3.666917	0.052551
3.667917	0.052246
3.668916	0.051942
3.669916	0.051638
3.670916	0.051335
3.671916	0.051033
3.672916	0.050732
3.673916	0.050431
3.674916	0.050132
3.675916	0.049833
3.676916	0.049535
3.677916	0.049238
3.678916	0.048942
3.679916	0.048647
3.680916	0.048352
3.681916	0.048058
3.682915	0.047766
3.683915	0.047474
3.684915	0.047182
3.685915	0.046892
3.686915	0.046603
3.687915	0.046314
3.688915	0.046026
3.689915	0.045739
3.690915	0.045453
3.691915	0.045168
3.692915	0.044884
3.693915	0.0446
3.694915	0.044317
3.695915	0.044035
3.696914	0.043754
3.697914	0.043474
3.698914	0.043195
3.699914	0.042916
3.700914	0.042639
3.701914	0.042362
3.702914	0.042086
3.703914	0.041811
3.704914	0.041537
3.705914	0.041264
3.706914	0.040991
3.707914	0.040719
3.708914	0.040449
3.709913	0.040179
3.710913	0.03991
3.711913	0.039641
3.712913	0.039374
3.713913	0.039107
3.714913	0.038842
3.715913	0.038577
3.716913	0.038313
3.717913	0.03805
3.718913	0.037788
3.719913	0.037526
3.720913	0.037266
3.721913	0.037006
3.722913	0.036747
3.723912	0.036489
3.724912	0.036232
3.725912	0.035976
3.726912	0.035721
3.727912	0.035466
3.728912	0.035213
3.729912	0.03496
3.730912	0.034708
3.731912	0.034457
3.732912	0.034207
3.733912	0.033958
3.734912	0.033709
3.735912	0.033462
3.736912	0.033215
3.737911	0.032969
3.738911	0.032724
3.739911	0.03248
3.740911	0.032237
3.741911	0.031995
3.742911	0.031753
3.743911	0.031513
3.744911	0.031273
3.745911	0.031034
3.746911	0.030796
3.747911	0.030559
3.748911	0.030323
3.749911	0.030087
3.750911	0.029853
3.75191	0.029619
3.75291	0.029387
3.75391	0.029155
3.75491	0.028924
3.75591	0.028694
3.75691	0.028464
3.75791	0.028236
3.75891	0.028009
3.75991	0.027782
3.76091	0.027556
3.76191	0.027331
3.76291	0.027108
3.76391	0.026884
3.76491	0.026662
3.765909	0.026441
3.766909	0.026221
3.767909	0.026001
3.768909	0.025782
3.769909	0.025565
3.770909	0.025348
3.771909	0.025132
3.772909	0.024917
3.773909	0.024702
3.774909	0.024489
3.775909	0.024277
3.776909	0.024065
3.777909	0.023854
3.778908	0.023645
3.779908	0.023436
3.780908	0.023228
3.781908	0.023021
3.782908	0.022814
3.783908	0.022609
3.784908	0.022405
3.785908	0.022201
3.786908	0.021998
3.787908	0.021797
3.788908	0.021596
3.789908	0.021396
3.790908	0.021197
3.791908	0.020999
3.792907	0.020801
3.793907	0.020605
3.794907	0.020409
3.795907	0.020215
3.796907	0.020021
3.797907	0.019828
3.798907	0.019636
3.799907	0.019445
3.800907	0.019255
3.801907	0.019066
3.802907	0.018878
3.803907	0.01869
3.804907	0.018504
3.805907	0.018318
3.806906	0.018134
3.807906	0.01795
3.808906	0.017767
3.809906	0.017585
3.810906	0.017404
3.811906	0.017224
3.812906	0.017045
3.813906	0.016866
3.814906	0.016689
3.815906	0.016512
3.816906	0.016337
3.817906	0.016162
3.818906	0.015988
3.819906	0.015815
3.820905	0.015643
3.821905	0.015472
3.822905	0.015302
3.823905	0.015133
3.824905	0.014964
3.825905	0.014797
3.826905	0.01463
3.827905	0.014465
3.828905	0.0143
3.829905	0.014136
3.830905	0.013973
3.831905	0.013811
3.832905	0.01365
3.833905	0.01349
3.834904	0.013331
3.835904	0.013173
3.836904	0.013015
3.837904	0.012859
3.838904	0.012703
3.839904	0.012549
3.840904	0.012395
3.841904	0.012242
3.842904	0.01209
3.843904	0.01194
3.844904	0.01179
3.845904	0.01164
3.846904	0.011492
3.847903	0.011345
3.848903	0.011199
3.849903	0.011053
3.850903	0.010909
3.851903	0.010765
3.852903	0.010623
3.853903	0.010481
3.854903	0.01034
3.855903	0.0102
3.856903	0.010062
3.857903	0.009924
3.858903	0.009786
3.859903	0.00965
3.860903	0.009515
3.861902	0.009381
3.862902	0.009248
3.863902	0.009115
3.864902	0.008984
3.865902	0.008853
3.866902	0.008724
3.867902	0.008595
3.868902	0.008467
3.869902	0.00834
3.870902	0.008215
3.871902	0.00809
3.872902	0.007966
3.873902	0.007843
3.874902	0.00772
3.875901	0.007599
3.876901	0.007479
3.877901	0.00736
3.878901	0.007241
3.879901	0.007124
3.880901	0.007007
3.881901	0.006892
3.882901	0.006777
3.883901	0.006664
3.884901	0.006551
3.885901	0.006439
3.886901	0.006328
3.887901	0.006218
3.888901	0.006109
3.8899	0.006001
3.8909	0.005894
3.8919	0.005788
3.8929	0.005683
3.8939	0.005579
3.8949	0.005476
3.8959	0.005373
3.8969	0.005272
3.8979	0.005171
3.8989	0.005072
3.8999	0.004973
3.9009	0.004876
3.9019	0.004779
3.9029	0.004683
3.903899	0.004589
3.904899	0.004495
3.905899	0.004402
3.906899	0.00431
3.907899	0.004219
3.908899	0.004129
3.909899	0.00404
3.910899	0.003952
3.911899	0.003865
3.912899	0.003779
3.913899	0.003694
3.914899	0.00361
3.915899	0.003526
3.916898	0.003444
3.917898	0.003363
3.918898	0.003282
3.919898	0.003203
3.920898	0.003124
3.921898	0.003047
3.922898	0.00297
3.923898	0.002895
3.924898	0.00282
3.925898	0.002746
3.926898	0.002674
3.927898	0.002602
3.928898	0.002531
3.929898	0.002461
3.930897	0.002392
3.931897	0.002325
3.932897	0.002258
3.933897	0.002192
3.934897	0.002127
3.935897	0.002063
3.936897	0.002
3.937897	0.001937
3.938897	0.001876
3.939897	0.001816
3.940897	0.001757
3.941897	0.001699
3.942897	0.001642
3.943897	0.001585
3.944896	0.00153
3.945896	0.001476
3.946896	0.001422
3.947896	0.00137
3.948896	0.001319
3.949896	0.001268
3.950896	0.001219
3.951896	0.00117
3.952896	0.001123
3.953896	0.001076
3.954896	0.001031
3.955896	0.000986
3.956896	0.000942
3.957896	0.0009
3.958895	0.000858
3.959895	0.000818
3.960895	0.000778
3.961895	0.000739
3.962895	0.000701
3.963895	0.000665
3.964895	0.000629
3.965895	0.000594
3.966895	0.00056
3.967895	0.000528
3.968895	0.000496
3.969895	0.000465
3.970895	0.000435
3.971895	0.000406
3.972894	0.000378
3.973894	0.000351
3.974894	0.000326
3.975894	0.000301
3.976894	0.000277
3.977894	0.000254
3.978894	0.000232
3.979894	0.000211
3.980894	0.000191
3.981894	0.000172
3.982894	0.000154
3.983894	0.000137
3.984894	0.000121
3.985893	0.000106
3.986893	0.000092
3.987893	0.000079
3.988893	0.000067
3.989893	0.000056
3.990893	0.000046
3.991893	0.000037
3.992893	0.000029
3.993893	0.000021
3.994893	0.000015
3.995893	0.00001
3.996893	0.000006
3.997893	0.000003
3.998893	0.000001
3.999892	0
4.000893	0
4.001893	0
4.002892	0
4.003892	0
4.004892	0
4.005892	0
4.006892	0
4.007892	0
4.008892	0
4.009892	0
4.010892	0
4.011892	0
4.012892	0
4.013892	0
4.014892	0
4.015892	0
4.016891	0
4.017891	0
4.018891	0
4.019891	0
4.020891	0
4.021891	0
4.022891	0
4.023891	0
4.024891	0
4.025891	0
4.026891	0
4.027891	0
4.028891	0
4.029891	0
4.03089	0
4.03189	0
4.03289	0
4.03389	0
4.03489	0
4.03589	0
4.03689	0
4.03789	0
4.03889	0
4.03989	0
4.04089	0
4.04189	0
4.04289	0
4.04389	0
4.044889	0
4.045889	0
4.046889	0
4.047889	0
4.048889	0
4.049889	0
4.050889	0
4.051889	0
4.052889	0
4.053889	0
4.054889	0
4.055889	0
4.056889	0
4.057889	0
4.058888	0
4.059888	0
4.060888	0
4.061888	0
4.062888	0
4.063888	0
4.064888	0
4.065888	0
4.066888	0
4.067888	0
4.068888	0
4.069888	0
4.070888	0
4.071887	0
4.072887	0
4.073887	0
4.074887	0
4.075887	0
4.076887	0
4.077887	0
4.078887	0
4.079887	0
4.080887	0
4.081887	0
4.082887	0
4.083887	0
4.084887	0
4.085886	0
4.086886	0
4.087886	0
4.088886	0
4.089886	0
4.090886	0
4.091886	0
4.092886	0
4.093886	0
4.094886	0
4.095886	0
4.096886	0
4.097886	0
4.098886	0
4.099885	0
4.100885	0
4.101885	0
4.102885	0
4.103885	0
4.104885	0
4.105885	0
4.106885	0
4.107885	0
4.108885	0
4.109885	0
4.110885	0
4.111885	0
4.112885	0
4.113884	0
4.114884	0
4.115884	0
4.116884	0
4.117884	0
4.118884	0
4.119884	0
4.120884	0
4.121884	0
4.122884	0
4.123884	0
4.124884	0
4.125884	0
4.126884	0
4.127883	0
4.128883	0
4.129883	0
4.130883	0
4.131883	0
4.132883	0
4.133883	0
4.134883	0
4.135883	0
4.136883	0
4.137883	0
4.138883	0
4.139883	0
4.140882	0
4.141882	0
4.142882	0
4.143882	0
4.144882	0
4.145882	0
4.146882	0
4.147882	0
4.148882	0
4.149882	0
4.150882	0
4.151882	0
4.152882	0
4.153882	0
4.154881	0
4.155881	0
4.156881	0
4.157881	0
4.158881	0
4.159881	0
4.160881	0
4.161881	0
4.162881	0
4.163881	0
4.164881	0
4.165881	0
4.166881	0
4.167881	0
4.16888	0
4.16988	0
4.17088	0
4.17188	0
4.17288	0
4.17388	0
4.17488	0
4.17588	0
4.17688	0
4.17788	0
4.17888	0
4.17988	0
4.18088	0
4.18188	0
4.182879	0
4.183879	0
4.184879	0
4.185879	0
4.186879	0
4.187879	0
4.188879	0
4.189879	0
4.190879	0
4.191879	0
4.192879	0
4.193879	0
4.194879	0
4.195879	0
4.196878	0
4.197878	0
4.198878	0
4.199878	0
4.200878	0
4.201878	0
4.202878	0
4.203878	0
4.204878	0
4.205878	0
4.206878	0
4.207878	0
4.208878	0
4.209877	0
4.210877	0
4.211877	0
4.212877	0
4.213877	0
4.214877	0
4.215877	0
4.216877	0
4.217877	0
4.218877	0
4.219877	0
4.220877	0
4.221877	0
4.222877	0
4.223876	0
4.224876	0
4.225876	0
4.226876	0
4.227876	0
4.228876	0
4.229876	0
4.230876	0
4.231876	0
4.232876	0
4.233876	0
4.234876	0
4.235876	0
4.236876	0
4.237875	0
4.238875	0
4.239875	0
4.240875	0
4.241875	0
4.242875	0
4.243875	0
4.244875	0
4.245875	0
4.246875	0
4.247875	0
4.248875	0
4.249875	0
4.250875	0
4.251874	0
4.252874	0
4.253874	0
4.254874	0
4.255874	0
4.256874	0
4.257874	0
4.258874	0
4.259874	0
4.260874	0
4.261874	0
4.262874	0
4.263874	0
4.264874	0
4.265873	0
4.266873	0
4.267873	0
4.268873	0
4.269873	0
4.270873	0
4.271873	0
4.272873	0
4.273873	0
4.274873	0
4.275873	0
4.276873	0
4.277873	0
4.278872	0
4.279872	0
4.280872	0
4.281872	0
4.282872	0
4.283872	0
4.284872	0
4.285872	0
4.286872	0
4.287872	0
4.288872	0
4.289872	0
4.290872	0
4.291872	0
4.292871	0
4.293871	0
4.294871	0
4.295871	0
4.296871	0
4.297871	0
4.298871	0
4.299871	0
4.300871	0
4.301871	0
4.302871	0
4.303871	0
4.304871	0
4.305871	0
4.30687	0
4.30787	0
4.30887	0
4.30987	0
4.31087	0
4.31187	0
4.31287	0
4.31387	0
4.31487	0
4.31587	0
4.31687	0
4.31787	0
4.31887	0
4.31987	0
4.320869	0
4.321869	0
4.322869	0
4.323869	0
4.324869	0
4.325869	0
4.326869	0
4.327869	0
4.328869	0
4.329869	0
4.330869	0
4.331869	0
4.332869	0
4.333869	0
4.334868	0
4.335868	0
4.336868	0
4.337868	0
4.338868	0
4.339868	0
4.340868	0
4.341868	0
4.342868	0
4.343868	0
4.344868	0
4.345868	0
4.346868	0
4.347867	0
4.348867	0
4.349867	0
4.350867	0
4.351867	0
4.352867	0
4.353867	0
4.354867	0
4.355867	0
4.356867	0
4.357867	0
4.358867	0
4.359867	0
4.360867	0
4.361866	0
4.362866	0
4.363866	0
4.364866	0
4.365866	0
4.366866	0
4.367866	0
4.368866	0
4.369866	0
4.370866	0
4.371866	0
4.372866	0
4.373866	0
4.374866	0
4.375865	0
4.376865	0
4.377865	0
4.378865	0
4.379865	0
4.380865	0
4.381865	0
4.382865	0
4.383865	0
4.384865	0
4.385865	0
4.386865	0
4.387865	0
4.388865	0
4.389864	0
4.390864	0
4.391864	0
4.392864	0
4.393864	0
4.394864	0
4.395864	0
4.396864	0
4.397864	0
4.398864	0
4.399864	0
4.400864	0
4.401864	0
4.402864	0
4.403863	0
4.404863	0
4.405863	0
4.406863	0
4.407863	0
4.408863	0
4.409863	0
4.410863	0
4.411863	0
4.412863	0
4.413863	0
4.414863	0
4.415863	0
4.416862	0
4.417862	0
4.418862	0
4.419862	0
4.420862	0
4.421862	0
4.422862	0
4.423862	0
4.424862	0
4.425862	0
4.426862	0
4.427862	0
4.428862	0
4.429862	0
4.430861	0
4.431861	0
4.432861	0
4.433861	0
4.434861	0
4.435861	0
4.436861	0
4.437861	0
4.438861	0
4.439861	0
4.440861	0
4.441861	0
4.442861	0
4.443861	0
4.44486	0
4.44586	0
4.44686	0
4.44786	0
4.44886	0
4.44986	0
4.45086	0
4.45186	0
4.45286	0
4.45386	0
4.45486	0
4.45586	0
4.45686	0
4.45786	0
4.458859	0
4.459859	0
4.460859	0
4.461859	0
4.462859	0
4.463859	0
4.464859	0
4.465859	0
4.466859	0
4.467859	0
4.468859	0
4.469859	0
4.470859	0
4.471859	0
4.472858	0
4.473858	0
4.474858	0
4.475858	0
4.476858	0
4.477858	0
4.478858	0
4.479858	0
4.480858	0
4.481858	0
4.482858	0
4.483858	0
4.484858	0
4.485857	0
4.486857	0
4.487857	0
4.488857	0
4.489857	0
4.490857	0
4.491857	0
4.492857	0
4.493857	0
4.494857	0
4.495857	0
4.496857	0
4.497857	0
4.498857	0
4.499856	0
4.500856	0
4.501856	0
4.502856	0
4.503856	0
4.504856	0
4.505856	0
4.506856	0
4.507856	0
4.508856	0
4.509856	0
4.510856	0
4.511856	0
4.512856	0
4.513855	0
4.514855	0
4.515855	0
4.516855	0
4.517855	0
4.518855	0
4.519855	0
4.520855	0
4.521855	0
4.522855	0
4.523855	0
4.524855	0
4.525855	0
4.526855	0
4.527854	0
4.528854	0
4.529854	0
4.530854	0
4.531854	0
4.532854	0
4.533854	0
4.534854	0
4.535854	0
4.536854	0
4.537854	0
4.538854	0
4.539854	0
4.540854	0
4.541853	0
4.542853	0
4.543853	0
4.544853	0
4.545853	0
4.546853	0
4.547853	0
4.548853	0
4.549853	0
4.550853	0
4.551853	0
4.552853	0
4.553853	0
4.554852	0
4.555852	0
4.556852	0
4.557852	0
4.558852	0
4.559852	0
4.560852	0
4.561852	0
4.562852	0
4.563852	0
4.564852	0
4.565852	0
4.566852	0
4.567852	0
4.568851	0
4.569851	0
4.570851	0
4.571851	0
4.572851	0
4.573851	0
4.574851	0
4.575851	0
4.576851	0
4.577851	0
4.578851	0
4.579851	0
4.580851	0
4.581851	0
4.58285	0
4.58385	0
4.58485	0
4.58585	0
4.58685	0
4.58785	0
4.58885	0
4.58985	0
4.59085	0
4.59185	0
4.59285	0
4.59385	0
4.59485	0
4.59585	0
4.596849	0
4.597849	0
4.598849	0
4.599849	0
4.600849	0
4.601849	0
4.602849	0
4.603849	0
4.604849	0
4.605849	0
4.606849	0
4.607849	0
4.608849	0
4.609848	0
4.610848	0
4.611848	0
4.612848	0
4.613848	0
4.614848	0
4.615848	0
4.616848	0
4.617848	0
4.618848	0
4.619848	0
4.620848	0
4.621848	0
4.622848	0
4.623847	0
4.624847	0
4.625847	0
4.626847	0
4.627847	0
4.628847	0
4.629847	0
4.630847	0
4.631847	0
4.632847	0
4.633847	0
4.634847	0
4.635847	0
4.636847	0
4.637846	0
4.638846	0
4.639846	0
4.640846	0
4.641846	0
4.642846	0
4.643846	0
4.644846	0
4.645846	0
4.646846	0
4.647846	0
4.648846	0
4.649846	0
4.650846	0
4.651845	0
4.652845	0
4.653845	0
4.654845	0
4.655845	0
4.656845	0
4.657845	0
4.658845	0
4.659845	0
4.660845	0
4.661845	0
4.662845	0
4.663845	0
4.664845	0
4.665844	0
4.666844	0
4.667844	0
4.668844	0
4.669844	0
4.670844	0
4.671844	0
4.672844	0
4.673844	0
4.674844	0
4.675844	0
4.676844	0
4.677844	0
4.678843	0
4.679843	0
4.680843	0
4.681843	0
4.682843	0
4.683843	0
4.684843	0
4.685843	0
4.686843	0
4.687843	0
4.688843	0
4.689843	0
4.690843	0
4.691843	0
4.692842	0
4.693842	0
4.694842	0
4.695842	0
4.696842	0
4.697842	0
4.698842	0
4.699842	0
4.700842	0
4.701842	0
4.702842	0
4.703842	0
4.704842	0
4.705842	0
4.706841	0
4.707841	0
4.708841	0
4.709841	0
4.710841	0
4.711841	0
4.712841	0
4.713841	0
4.714841	0
4.715841	0
4.716841	0
4.717841	0
4.718841	0
4.719841	0
4.72084	0
4.72184	0
4.72284	0
4.72384	0
4.72484	0
4.72584	0
4.72684	0
4.72784	0
4.72884	0
4.72984	0
4.73084	0
4.73184	0
4.73284	0
4.73384	0
4.734839	0
4.735839	0
4.736839	0
4.737839	0
4.738839	0
4.739839	0
4.740839	0
4.741839	0
4.742839	0
4.743839	0
4.744839	0
4.745839	0
4.746839	0
4.747838	0
4.748838	0
4.749838	0
4.750838	0
4.751838	0
4.752838	0
4.753838	0
4.754838	0
4.755838	0
4.756838	0
4.757838	0
4.758838	0
4.759838	0
4.760838	0
4.761837	0
4.762837	0
4.763837	0
4.764837	0
4.765837	0
4.766837	0
4.767837	0
4.768837	0
4.769837	0
4.770837	0
4.771837	0
4.772837	0
4.773837	0
4.774837	0
4.775836	0
4.776836	0
4.777836	0
4.778836	0
4.779836	0
4.780836	0
4.781836	0
4.782836	0
4.783836	0
4.784836	0
4.785836	0
4.786836	0
4.787836	0
4.788836	0
4.789835	0
4.790835	0
4.791835	0
4.792835	0
4.793835	0
4.794835	0
4.795835	0
4.796835	0
4.797835	0
4.798835	0
4.799835	0
4.800835	0
4.801835	0
4.802835	0
4.803834	0
4.804834	0
4.805834	0
4.806834	0
4.807834	0
4.808834	0
4.809834	0
4.810834	0
4.811834	0
4.812834	0
4.813834	0
4.814834	0
4.815834	0
4.816833	0
4.817833	0
4.818833	0
4.819833	0
4.820833	0
4.821833	0
4.822833	0
4.823833	0
4.824833	0
4.825833	0
4.826833	0
4.827833	0
4.828833	0
4.829833	0
4.830832	0
4.831832	0
4.832832	0
4.833832	0
4.834832	0
4.835832	0
4.836832	0
4.837832	0
4.838832	0
4.839832	0
4.840832	0
4.841832	0
4.842832	0
4.843832	0
4.844831	0
4.845831	0
4.846831	0
4.847831	0
4.848831	0
4.849831	0
4.850831	0
4.851831	0
4.852831	0
4.853831	0
4.854831	0
4.855831	0
4.856831	0
4.857831	0
4.85883	0
4.85983	0
4.86083	0
4.86183	0
4.86283	0
4.86383	0
4.86483	0
4.86583	0
4.86683	0
4.86783	0
4.86883	0
4.86983	0
4.87083	0
4.87183	0
4.872829	0
4.873829	0
4.874829	0
4.875829	0
4.876829	0
4.877829	0
4.878829	0
4.879829	0
4.880829	0
4.881829	0
4.882829	0
4.883829	0
4.884829	0
4.885828	0
4.886828	0
4.887828	0
4.888828	0
4.889828	0
4.890828	0
4.891828	0
4.892828	0
4.893828	0
4.894828	0
4.895828	0
4.896828	0
4.897828	0
4.898828	0
4.899827	0
4.900827	0
4.901827	0
4.902827	0
4.903827	0
4.904827	0
4.905827	0
4.906827	0
4.907827	0
4.908827	0
4.909827	0
4.910827	0
4.911827	0
4.912827	0
4.913826	0
4.914826	0
4.915826	0
4.916826	0
4.917826	0
4.918826	0
4.919826	0
4.920826	0
4.921826	0
4.922826	0
4.923826	0
4.924826	0
4.925826	0
4.926826	0
4.927825	0
4.928825	0
4.929825	0
4.930825	0
4.931825	0
4.932825	0
4.933825	0
4.934825	0
4.935825	0
4.936825	0
4.937825	0
4.938825	0
4.939825	0
4.940825	0
4.941824	0
4.942824	0
4.943824	0
4.944824	0
4.945824	0
4.946824	0
4.947824	0
4.948824	0
4.949824	0
4.950824	0
4.951824	0
4.952824	0
4.953824	0
4.954823	0
4.955823	0
4.956823	0
4.957823	0
4.958823	0
4.959823	0
4.960823	0
4.961823	0
4.962823	0
4.963823	0
4.964823	0
4.965823	0
4.966823	0
4.967823	0
4.968822	0
4.969822	0
4.970822	0
4.971822	0
4.972822	0
4.973822	0
4.974822	0
4.975822	0
4.976822	0
4.977822	0
4.978822	0
4.979822	0
4.980822	0
4.981822	0
4.982821	0
4.983821	0
4.984821	0
4.985821	0
4.986821	0
4.987821	0
4.988821	0
4.989821	0
4.990821	0
4.991821	0
4.992821	0
4.993821	0
4.994821	0
4.995821	0
4.99682	0
4.99782	0
4.99882	0
4.99982	0
