0.000100
0.000191
0.000279
0.000364
0.000448
0.000529
0.000609
0.000687
0.000764
0.000840
0.000915
0.000988
0.001060
0.001132
0.001202
0.001272
0.001341
0.001408
0.001476
0.001542
0.001607
0.001672
0.001736
0.001800
0.001862
0.001925
0.001986
0.002047
0.002107
0.002167
0.002226
0.002285
0.002343
0.002400
0.002457
0.002514
0.002570
0.002625
0.002680
0.002735
0.002789
0.002843
0.002896
0.002949
0.003001
0.003053
0.003104
0.003155
0.003206
0.003256
0.003306
0.003356
0.003405
0.003454
0.003502
0.003550
0.003598
0.003645
0.003692
0.003739
0.003785
0.003831
0.003877
0.003922
0.003967
0.004012
0.004057
0.004101
0.004144
0.004188
0.004231
0.004274
0.004317
0.004359
0.004401
0.004443
0.004484
0.004526
0.004567
0.004607
0.004648
0.004688
0.004728
0.004767
0.004807
0.004846
0.004885
0.004924
0.004962
0.005000
0.005038
0.005076
0.005113
0.005150
0.005188
0.005224
0.005261
0.005297
0.005333
0.005369
0.005405
0.005440
0.005476
0.005511
0.005546
0.005580
0.005615
0.005649
0.005683
0.005717
0.005750
0.005784
0.005817
0.005850
0.005883
0.005916
0.005948
0.005981
0.006013
0.006045
0.006076
0.006108
0.006139
0.006171
0.006202
0.006233
0.006263
0.006294
0.006324
0.006354
0.006384
0.006414
0.006444
0.006474
0.006503
0.006532
0.006561
0.006590
0.006619
0.006647
0.006676
0.006704
0.006732
0.006760
0.006788
0.006816
0.006843
0.006871
0.006898
0.006925
0.006952
0.006979
0.007006
0.007032
0.007059
0.007085
0.007111
0.007137
0.007163
0.007189
0.007214
0.007240
0.007265
0.007290
0.007315
0.007340
0.007365
0.007390
0.007414
0.007439
0.007463
0.007487
0.007511
0.007535
0.007559
0.007583
0.007606
0.007630
0.007653
0.007676
0.007699
0.007722
0.007745
0.007768
0.007790
0.007813
0.007835
0.007858
0.007880
0.007902
0.007924
0.007946
0.007968
0.007989
0.008011
0.008032
0.008054
0.008075
0.008096
0.008117
0.008138
0.008159
0.008180
0.008200
0.008221
0.008241
0.008261
0.008282
0.008302
0.008322
0.008342
0.008362
0.008381
0.008401
0.008421
0.008440
0.008459
0.008479
0.008498
0.008517
0.008536
0.008555
0.008574
0.008592
0.008611
0.008630
0.008648
0.008666
0.008685
0.008703
0.008721
0.008739
0.008757
0.008775
0.008793
0.008810
0.008828
0.008846
0.008863
0.008880
0.008898
0.008915
0.008932
0.008949
0.008966
0.008983
0.009000
0.009017
0.009033
0.009050
0.009066
0.009083
0.009099
0.009115
0.009132
0.009148
0.009164
0.009180
0.009196
0.009212
0.009227
0.009243
0.009259
0.009274
0.009290
0.009305
0.009320
0.009336
0.009351
0.009366
0.009381
0.009396
0.009411
0.009426
0.009441
0.009455
0.009470
0.009485
0.009499
0.009514
0.009528
0.009542
0.009557
0.009571
0.009585
0.009599
0.009613
0.009627
0.009641
0.009655
0.009668
0.009682
0.009696
0.009709
0.009723
0.009736
0.009750
0.009763
0.009776
0.009790
0.009803
0.009816
0.009829
0.009842
0.009855
0.009868
0.009880
0.009893
0.009906
0.009919
0.009931
0.009944
0.009956
0.009969
0.009981
0.009993
0.010006
0.010018
0.010030
0.010042
0.010054
0.010066
0.010078
0.010090
0.010102
0.010114
0.010125
0.010137
0.010149
0.010160
0.010172
0.010183
0.010195
0.010206
0.010217
0.010229
0.010240
0.010251
0.010262
0.010273
0.010284
0.010295
0.010306
0.010317
0.010328
0.010339
0.010350
0.010360
0.010371
0.010382
0.010392
0.010403
0.010413
0.010424
0.010434
0.010444
0.010455
0.010465
0.010475
0.010485
0.010495
0.010506
0.010516
0.010526
0.010536
0.010545
0.010555
0.010565
0.010575
0.010585
0.010594
0.010604
0.010614
0.010623
0.010633
0.010642
0.010652
0.010661
0.010671
0.010680
0.010689
0.010698
0.010708
0.010717
0.010726
0.010735
0.010744
0.010753
0.010762
0.010771
0.010780
0.010789
0.010798
0.010807
0.010815
0.010824
0.010833
0.010841
0.010850
0.010859
0.010867
0.010876
0.010884
0.010893
0.010901
0.010909
0.010918
0.010926
0.010934
0.010942
0.010951
0.010959
0.010967
0.010975
0.010983
0.010991
0.010999
0.011007
0.011015
0.011023
0.011031
0.011039
0.011046
0.011054
0.011062
0.011070
0.011077
0.011085
0.011092
0.011100
0.011107
0.011115
0.011122
0.011130
0.011137
0.011145
0.011152
0.011159
0.011167
0.011174
0.011181
0.011188
0.011195
0.011203
0.011210
0.011217
0.011224
0.011231
0.011238
0.011245
0.011252
0.011259
0.011266
0.011272
0.011279
0.011286
0.011293
0.011299
0.011306
0.011313
0.011320
0.011326
0.011333
0.011339
0.011346
0.011352
0.011359
0.011365
0.011372
0.011378
0.011385
0.011391
0.011397
0.011404
0.011410
0.011416
0.011422
0.011428
0.011435
0.011441
0.011447
0.011453
0.011459
0.011465
0.011471
0.011477
0.011483
0.011489
0.011495
0.011501
0.011507
0.011513
0.011518
0.011524
0.011530
0.011536
0.011542
0.011547
0.011553
0.011559
0.011564
0.011570
0.011575
0.011581
0.011587
0.011592
0.011598
0.011603
0.011609
0.011614
0.011619
0.011625
0.011630
0.011636
0.011641
0.011646
0.011651
0.011657
0.011662
0.011667
0.011672
0.011678
0.011683
0.011688
0.011693
0.011698
0.011703
0.011708
0.011713
0.011718
0.011723
0.011728
0.011733
0.011738
0.011743
0.011748
0.011753
0.011758
0.011762
0.011767
0.011772
0.011777
0.011782
0.011786
0.011791
0.011796
0.011800
0.011805
0.011810
0.011814
0.011819
0.011824
0.011828
0.011833
0.011837
0.011842
0.011846
0.011851
0.011855
0.011860
0.011864
0.011868
0.011873
0.011877
0.011882
0.011886
0.011890
0.011894
0.011899
0.011903
0.011907
0.011911
0.011916
0.011920
0.011924
0.011928
0.011932
0.011937
0.011941
0.011945
0.011949
0.011953
0.011957
0.011961
0.011965
0.011969
0.011973
0.011977
0.011981
0.011985
0.011989
0.011993
0.011996
0.012000
0.012004
0.012008
0.012012
0.012016
0.012019
0.012023
0.012027
0.012031
0.012035
0.012038
0.012042
0.012046
0.012049
0.012053
0.012057
0.012060
0.012064
0.012067
0.012071
0.012075
0.012078
0.012082
0.012085
0.012089
0.012092
0.012096
0.012099
0.012103
0.012106
0.012110
0.012113
0.012116
0.012120
0.012123
0.012127
0.012130
0.012133
0.012137
0.012140
0.012143
0.012146
0.012150
0.012153
0.012156
0.012159
0.012163
0.012166
0.012169
0.012172
0.012175
0.012179
0.012182
0.012185
0.012188
0.012191
0.012194
0.012197
0.012200
0.012203
0.012206
0.012209
0.012213
0.012216
0.012219
0.012222
0.012224
0.012227
0.012230
0.012233
0.012236
0.012239
0.012242
0.012245
0.012248
0.012251
0.012254
0.012256
0.012259
0.012262
0.012265
0.012268
0.012271
0.012273
0.012276
0.012279
0.012282
0.012284
0.012287
0.012290
0.012292
0.012295
0.012298
0.012300
0.012303
0.012306
0.012308
0.012311
0.012314
0.012316
0.012319
0.012321
0.012324
0.012327
0.012329
0.012332
0.012334
0.012337
0.012339
0.012342
0.012344
0.012347
0.012349
0.012352
0.012354
0.012357
0.012359
0.012362
0.012364
0.012366
0.012369
0.012371
0.012374
0.012376
0.012378
0.012381
0.012383
0.012385
0.012388
0.012390
0.012392
0.012395
0.012397
0.012399
0.012401
0.012404
0.012406
0.012408
0.012410
0.012413
0.012415
0.012417
0.012419
0.012421
0.012424
0.012426
0.012428
0.012430
0.012432
0.012434
0.012437
0.012439
0.012441
0.012443
0.012445
0.012447
0.012449
0.012451
0.012453
0.012455
0.012457
0.012459
0.012462
0.012464
0.012466
0.012468
0.012470
0.012472
0.012474
0.012476
0.012477
0.012479
0.012481
0.012483
0.012485
0.012487
0.012489
0.012491
0.012493
0.012495
0.012497
0.012499
0.012501
0.012502
0.012504
0.012506
0.012508
0.012510
0.012512
0.012514
0.012515
0.012517
0.012519
0.012521
0.012523
0.012524
0.012526
0.012528
0.012530
0.012531
0.012533
0.012535
0.012537
0.012538
0.012540
0.012542
0.012544
0.012545
0.012547
0.012549
0.012550
0.012552
0.012554
0.012555
0.012557
0.012559
0.012560
0.012562
0.012564
0.012565
0.012567
0.012568
0.012570
0.012572
0.012573
0.012575
0.012576
0.012578
0.012580
0.012581
0.012583
0.012584
0.012586
0.012587
0.012589
0.012590
0.012592
0.012593
0.012595
0.012596
0.012598
0.012599
0.012601
0.012602
0.012604
0.012605
0.012607
0.012608
0.012610
0.012611
0.012613
0.012614
0.012615
0.012617
0.012618
0.012620
0.012621
0.012622
0.012624
0.012625
0.012627
0.012628
0.012629
0.012631
0.012632
0.012633
0.012635
0.012636
0.012638
0.012639
0.012640
0.012642
0.012643
0.012644
0.012645
0.012647
0.012648
0.012649
0.012651
0.012652
0.012653
0.012654
0.012656
0.012657
0.012658
0.012660
0.012661
0.012662
0.012663
0.012665
0.012666
0.012667
0.012668
0.012669
0.012671
0.012672
0.012673
0.012674
0.012675
0.012677
0.012678
0.012679
0.012680
0.012681
0.012682
0.012684
0.012685
0.012686
0.012687
0.012688
0.012689
0.012691
0.012692
0.012693
0.012694
0.012695
0.012696
0.012697
0.012698
0.012699
0.012701
0.012702
0.012703
0.012704
0.012705
0.012706
0.012707
0.012708
0.012709
0.012710
0.012711
0.012712
0.012713
0.012714
0.012715
0.012716
0.012717
0.012719
0.012720
0.012721
0.012722
0.012723
0.012724
0.012725
0.012726
0.012727
0.012728
0.012729
0.012730
0.012731
0.012731
0.012732
0.012733
0.012734
0.012735
0.012736
0.012737
0.012738
0.012739
0.012740
0.012741
0.012742
0.012743
0.012744
0.012745
0.012746
0.012747
0.012747
0.012748
0.012749
0.012750
0.012751
0.012752
0.012753
0.012754
0.012755
0.012756
0.012756
0.012757
0.012758
0.012759
0.012760
0.012761
0.012762
0.012762
0.012763
0.012764
0.012765
0.012766
0.012767
0.012768
0.012768
0.012769
0.012770
0.012771
0.012772
0.012772
0.012773
0.012774
0.012775
0.012776
0.012776
0.012777
0.012778
0.012779
0.012780
0.012780
0.012781
0.012782
0.012783
0.012784
0.012784
0.012785
0.012786
0.012787
0.012787
0.012788
0.012789
0.012790
0.012790
0.012791
0.012792
0.012793
0.012793
0.012794
0.012795
0.012795
0.012796
0.012797
0.012798
0.012798
0.012799
0.012800
0.012800
0.012801
0.012802
0.012803
0.012803
0.012804
0.012805
0.012805
0.012806
0.012807
0.012807
0.012808
0.012809
0.012809
0.012810
0.012811
0.012811
0.012812
0.012813
0.012813
0.012814
0.012815
0.012815
0.012816
0.012817
0.012817
0.012818
0.012819
0.012819
0.012820
0.012820
0.012821
0.012822
0.012822
0.012823
0.012824
0.012824
0.012825
0.012825
0.012826
0.012827
0.012827
0.012828
0.012828
0.012829
0.012830
0.012830
0.012831
0.012831
0.012832
0.012832
0.012833
0.012834
0.012834
0.012835
0.012835
0.012836
0.012836
0.012837
0.012838
0.012838
0.012839
0.012839
0.012840
0.012840
0.012841
0.012841
0.012842
0.012843
0.012843
0.012844
0.012844
0.012845
0.012845
0.012846
0.012846
0.012847
0.012847
0.012848
0.012848
0.012849
0.012849
0.012850
0.012850
0.012851
0.012851
0.012852
0.012852
0.012853
0.012853
0.012854
0.012854
0.012855
0.012855
0.012856
0.012856
0.012857
0.012857
0.012858
0.012858
0.012859
0.012859
0.012860
0.012860
0.012861
0.012861
0.012862
0.012862
0.012863
0.012863
0.012863
0.012864
0.012864
0.012865
0.012865
0.012866
0.012866
0.012867
0.012867
0.012868
0.012868
0.012868
0.012869
0.012869
0.012870
0.012870
0.012871
0.012871
0.012871
0.012872
0.012872
0.012873
0.012873
0.012874
0.012874
0.012874
0.012875
0.012875
0.012876
0.012876
0.012877
0.012877
0.012877
0.012878
0.012878
0.012879
0.012879
0.012879
0.012880
0.012880
0.012881
0.012881
0.012881
0.012882
0.012882
0.012882
0.012883
0.012883
0.012884
0.012884
0.012884
0.012885
0.012885
0.012886
0.012886
0.012886
0.012887
0.012887
0.012887
0.012888
0.012888
0.012888
0.012889
0.012889
0.012890
0.012890
0.012890
0.012891
0.012891
0.012891
0.012892
0.012892
0.012892
0.012893
0.012893
0.012893
0.012894
0.012894
0.012894
0.012895
0.012895
0.012895
0.012896
0.012896
0.012896
0.012897
0.012897
0.012897
0.012898
0.012898
0.012898
0.012899
0.012899
0.012899
0.012900
0.012900
0.012900
0.012901
0.012901
0.012901
0.012902
0.012902
0.012902
0.012903
0.012903
0.012903
0.012903
0.012904
0.012904
0.012904
0.012905
0.012905
0.012905
0.012906
0.012906
0.012906
0.012906
0.012907
0.012907
0.012907
0.012908
0.012908
0.012908
0.012908
0.012909
0.012909
0.012909
0.012910
0.012910
0.012910
0.012910
0.012911
0.012911
0.012911
0.012912
0.012912
0.012912
0.012912
0.012913
0.012913
0.012913
0.012913
0.012914
0.012914
0.012914
0.012914
0.012915
0.012915
0.012915
0.012915
0.012916
0.012916
0.012916
0.012917
0.012917
0.012917
0.012917
0.012918
0.012918
0.012918
0.012918
0.012919
0.012919
0.012919
0.012919
0.012920
0.012920
0.012920
0.012920
0.012920
0.012921
0.012921
0.012921
0.012921
0.012922
0.012922
0.012922
0.012922
0.012923
0.012923
0.012923
0.012923
0.012923
0.012924
0.012924
0.012924
0.012924
0.012925
0.012925
0.012925
0.012925
0.012925
0.012926
0.012926
0.012926
0.012926
0.012927
0.012927
0.012927
0.012927
0.012927
0.012928
0.012928
0.012928
0.012928
0.012928
0.012929
0.012929
0.012929
0.012929
0.012930
0.012930
0.012930
0.012930
0.012930
0.012931
0.012931
0.012931
0.012931
0.012931
0.012932
0.012932
0.012932
0.012932
0.012932
0.012932
0.012933
0.012933
0.012933
0.012933
0.012933
0.012934
0.012934
0.012934
0.012934
0.012934
0.012935
0.012935
0.012935
0.012935
0.012935
0.012935
0.012936
0.012936
0.012936
0.012936
0.012936
0.012937
0.012937
0.012937
0.012937
0.012937
0.012937
0.012938
0.012938
0.012938
0.012938
0.012938
0.012938
0.012939
0.012939
0.012939
0.012939
0.012939
0.012939
0.012940
0.012940
0.012940
0.012940
0.012940
0.012940
0.012941
0.012941
0.012941
0.012941
0.012941
0.012941
0.012942
0.012942
0.012942
0.012942
0.012942
0.012942
0.012942
0.012943
0.012943
0.012943
0.012943
0.012943
0.012943
0.012944
0.012944
0.012944
0.012944
0.012944
0.012944
0.012944
0.012945
0.012945
0.012945
0.012945
0.012945
0.012945
0.012945
0.012946
0.012946
0.012946
0.012946
0.012946
0.012946
0.012946
0.012947
0.012947
0.012947
0.012947
0.012947
0.012947
0.012947
0.012948
0.012948
0.012948
0.012948
0.012948
0.012948
0.012948
0.012948
0.012949
0.012949
0.012949
0.012949
0.012949
0.012949
0.012949
0.012949
0.012950
0.012950
0.012950
0.012950
0.012950
0.012950
0.012950
0.012950
0.012951
0.012951
0.012951
0.012951
0.012951
0.012951
0.012951
0.012951
0.012952
0.012952
0.012952
0.012952
0.012952
0.012952
0.012952
0.012952
0.012952
0.012953
0.012953
0.012953
0.012953
0.012953
0.012953
0.012953
0.012953
0.012954
0.012954
0.012954
0.012954
0.012954
0.012954
0.012954
0.012954
0.012954
0.012954
0.012955
0.012955
0.012955
0.012955
0.012955
0.012955
0.012955
0.012955
0.012955
0.012956
0.012956
0.012956
0.012956
0.012956
0.012956
0.012956
0.012956
0.012956
