0.00
0.45
0.87
1.24
1.58
1.90
2.18
2.43
2.67
2.88
3.07
3.25
3.41
3.55
3.68
3.80
3.91
4.01
4.10
4.18
4.26
4.32
4.39
4.44
4.49
4.54
4.58
4.62
4.65
4.68
4.71
4.74
4.76
4.78
4.80
4.82
4.84
4.85
4.87
4.88
4.89
4.90
4.91
4.92
4.92
4.93
4.94
4.94
4.95
4.95
4.96
4.96
4.96
4.97
4.97
4.97
4.98
4.98
4.98
4.98
4.98
4.99
4.99
4.99
4.99
4.99
4.99
4.99
4.99
4.99
4.99
4.99
4.99
5.00
5.00
5.00
5.00
5.00
5.00
5.00
5.00
5.00
5.00
5.00
5.00
5.00
5.00
5.00
5.00
5.00
5.00
5.00
5.00
5.00
5.00
5.00
5.00
5.00
5.00
5.00
