 0.0000  0.000000
 0.0010  0.500000
 0.0020  0.950000
 0.0030  1.355000
 0.0040  1.719500
 0.0050  2.047550
 0.0060  2.342795
 0.0070  2.608515
 0.0080  2.847664
 0.0090  3.062898
 0.0100  3.256608
 0.0110  3.430947
 0.0120  3.587852
 0.0130  3.729067
 0.0140  3.856160
 0.0150  3.970544
 0.0160  4.073490
 0.0170  4.166141
 0.0180  4.249527
 0.0190  4.324574
 0.0200  4.392117
 0.0210  4.452905
 0.0220  4.507615
 0.0230  4.556853
 0.0240  4.601168
 0.0250  4.641051
 0.0260  4.676946
 0.0270  4.709251
 0.0280  4.738326
 0.0290  4.764494
 0.0300  4.788044
 0.0310  4.809240
 0.0320  4.828316
 0.0330  4.845484
 0.0340  4.860936
 0.0350  4.874842
 0.0360  4.887358
 0.0370  4.898622
 0.0380  4.908760
 0.0390  4.917884
 0.0400  4.926096
 0.0410  4.933486
 0.0420  4.940137
 0.0430  4.946124
 0.0440  4.951511
 0.0450  4.956360
 0.0460  4.960724
 0.0470  4.964652
 0.0480  4.968187
 0.0490  4.971368
 0.0500  4.974231
 0.0510  4.976808
 0.0520  4.979127
 0.0530  4.981214
 0.0540  4.983093
 0.0550  4.984784
 0.0560  4.986305
 0.0570  4.987675
 0.0580  4.988907
 0.0590  4.990017
 0.0600  4.991015
 0.0610  4.991913
 0.0620  4.992722
 0.0630  4.993450
 0.0640  4.994105
 0.0650  4.994694
 0.0660  4.995225
 0.0670  4.995702
 0.0680  4.996132
 0.0690  4.996519
 0.0700  4.996867
 0.0710  4.997180
 0.0720  4.997462
 0.0730  4.997716
 0.0740  4.997945
 0.0750  4.998150
 0.0760  4.998335
 0.0770  4.998502
 0.0780  4.998651
 0.0790  4.998786
 0.0800  4.998908
 0.0810  4.999017
 0.0820  4.999115
 0.0830  4.999204
 0.0840  4.999283
 0.0850  4.999355
 0.0860  4.999419
 0.0870  4.999478
 0.0880  4.999530
 0.0890  4.999577
 0.0900  4.999619
 0.0910  4.999657
 0.0920  4.999691
 0.0930  4.999722
 0.0940  4.999750
 0.0950  4.999775
 0.0960  4.999798
 0.0970  4.999818
 0.0980  4.999836
 0.0990  4.999852
 0.1000  4.999867
 0.1010  4.999880
 0.1020  4.999892
 0.1030  4.999903
 0.1040  4.999913
 0.1050  4.999922
 0.1060  4.999929
 0.1070  4.999936
 0.1080  4.999943
 0.1090  4.999949
 0.1100  4.999954
 0.1110  4.999958
 0.1120  4.999962
 0.1130  4.999966
 0.1140  4.999970
 0.1150  4.999973
 0.1160  4.999975
 0.1170  4.999978
 0.1180  4.999980
 0.1190  4.999982
 0.1200  4.999984
 0.1210  4.999985
 0.1220  4.999987
 0.1230  4.999988
 0.1240  4.999989
 0.1250  4.999990
 0.1260  4.999991
 0.1270  4.999992
 0.1280  4.999993
 0.1290  4.999994
 0.1300  4.999994
 0.1310  4.999995
 0.1320  4.999995
 0.1330  4.999996
 0.1340  4.999996
 0.1350  4.999997
 0.1360  4.999997
 0.1370  4.999997
 0.1380  4.999998
 0.1390  4.999998
 0.1400  4.999998
 0.1410  4.999998
 0.1420  4.999998
 0.1430  4.999999
 0.1440  4.999999
 0.1450  4.999999
 0.1460  4.999999
 0.1470  4.999999
 0.1480  4.999999
 0.1490  4.999999
 0.1500  4.999999
 0.1510  4.999999
 0.1520  4.999999
 0.1530  5.000000
 0.1540  5.000000
 0.1550  5.000000
 0.1560  5.000000
 0.1570  5.000000
 0.1580  5.000000
 0.1590  5.000000
 0.1600  5.000000
 0.1610  5.000000
 0.1620  5.000000
 0.1630  5.000000
 0.1640  5.000000
 0.1650  5.000000
 0.1660  5.000000
 0.1670  5.000000
 0.1680  5.000000
 0.1690  5.000000
 0.1700  5.000000
 0.1710  5.000000
 0.1720  5.000000
 0.1730  5.000000
 0.1740  5.000000
 0.1750  5.000000
 0.1760  5.000000
 0.1770  5.000000
 0.1780  5.000000
 0.1790  5.000000
 0.1800  5.000000
 0.1810  5.000000
 0.1820  5.000000
 0.1830  5.000000
 0.1840  5.000000
 0.1850  5.000000
 0.1860  5.000000
 0.1870  5.000000
 0.1880  5.000000
 0.1890  5.000000
 0.1900  5.000000
 0.1910  5.000000
 0.1920  5.000000
 0.1930  5.000000
 0.1940  5.000000
 0.1950  5.000000
 0.1960  5.000000
 0.1970  5.000000
 0.1980  5.000000
 0.1990  5.000000
 0.2000  5.000000
