vc	time
0	0.001
0.05	0.002
0.0995	0.003
0.148505	0.004
0.19702	0.005
0.24505	0.006
0.292599	0.007
0.339673	0.008
0.386277	0.009
0.432414	0.01
0.47809	0.011
0.523309	0.012
0.568076	0.013
0.612395	0.014
0.656271	0.015
0.699708	0.016
0.742711	0.017
0.785284	0.018
0.827431	0.019
0.869157	0.02
0.910465	0.021
0.951361	0.022
0.991847	0.023
1.031929	0.024
1.071609	0.025
1.110893	0.026
1.149784	0.027
1.188287	0.028
1.226404	0.029
1.26414	0.03
1.301498	0.031
1.338483	0.032
1.375099	0.033
1.411348	0.034
1.447234	0.035
1.482762	0.036
1.517934	0.037
1.552755	0.038
1.587227	0.039
1.621355	0.04
1.655141	0.041
1.68859	0.042
1.721704	0.043
1.754487	0.044
1.786942	0.045
1.819073	0.046
1.850882	0.047
1.882373	0.048
1.913549	0.049
1.944414	0.05
1.97497	0.051
2.00522	0.052
2.035168	0.053
2.064816	0.054
2.094168	0.055
2.123226	0.056
2.151994	0.057
2.180474	0.058
2.208669	0.059
2.236583	0.06
2.264217	0.061
2.291574	0.062
2.318659	0.063
2.345472	0.064
2.372018	0.065
2.398298	0.066
2.424314	0.067
2.450071	0.068
2.475571	0.069
2.500815	0.07
2.525807	0.071
2.550549	0.072
2.575043	0.073
2.599293	0.074
2.6233	0.075
2.647067	0.076
2.670596	0.077
2.69389	0.078
2.716951	0.079
2.739781	0.08
2.762383	0.081
2.78476	0.082
2.806912	0.083
2.828843	0.084
2.850554	0.085
2.872049	0.086
2.893328	0.087
2.914395	0.088
2.935251	0.089
2.955899	0.09
2.97634	0.091
2.996576	0.092
3.016611	0.093
3.036444	0.094
3.05608	0.095
3.075519	0.096
3.094764	0.097
3.113816	0.098
3.132678	0.099
3.151351	0.1
3.169838	0.101
3.188139	0.102
3.206258	0.103
3.224195	0.104
3.241954	0.105
3.259534	0.106
3.276939	0.107
3.294169	0.108
3.311228	0.109
3.328115	0.11
3.344834	0.111
3.361386	0.112
3.377772	0.113
3.393994	0.114
3.410054	0.115
3.425954	0.116
3.441694	0.117
3.457277	0.118
3.472704	0.119
3.487977	0.12
3.503097	0.121
3.518066	0.122
3.532886	0.123
3.547557	0.124
3.562081	0.125
3.576461	0.126
3.590696	0.127
3.604789	0.128
3.618741	0.129
3.632554	0.13
3.646228	0.131
3.659766	0.132
3.673168	0.133
3.686436	0.134
3.699572	0.135
3.712576	0.136
3.725451	0.137
3.738196	0.138
3.750814	0.139
3.763306	0.14
3.775673	0.141
3.787916	0.142
3.800037	0.143
3.812037	0.144
3.823916	0.145
3.835677	0.146
3.84732	0.147
3.858847	0.148
3.870259	0.149
3.881556	0.15
3.89274	0.151
3.903813	0.152
3.914775	0.153
3.925627	0.154
3.936371	0.155
3.947007	0.156
3.957537	0.157
3.967962	0.158
3.978282	0.159
3.988499	0.16
3.998614	0.161
4.008628	0.162
4.018542	0.163
4.028357	0.164
4.038074	0.165
4.047693	0.166
4.057216	0.167
4.066644	0.168
4.075977	0.169
4.085217	0.17
4.094365	0.171
4.103422	0.172
4.112388	0.173
4.121264	0.174
4.130051	0.175
4.138751	0.176
4.147363	0.177
4.15589	0.178
4.16433	0.179
4.172687	0.18
4.18096	0.181
4.189151	0.182
4.197259	0.183
4.205287	0.184
4.213234	0.185
4.221102	0.186
4.228891	0.187
4.236602	0.188
4.244236	0.189
4.251794	0.19
4.259276	0.191
4.266683	0.192
4.274016	0.193
4.281276	0.194
4.288464	0.195
4.295579	0.196
4.302623	0.197
4.309597	0.198
4.316501	0.199
4.323336	0.2
4.330103	0.201
4.336802	0.202
4.343434	0.203
4.349999	0.204
4.3565	0.205
4.362935	0.206
4.369305	0.207
4.375612	0.208
4.381856	0.209
4.388037	0.21
4.394157	0.211
4.400215	0.212
4.406213	0.213
4.412151	0.214
4.418029	0.215
4.423849	0.216
4.429611	0.217
4.435315	0.218
4.440961	0.219
4.446552	0.22
4.452086	0.221
4.457566	0.222
4.46299	0.223
4.46836	0.224
4.473677	0.225
4.47894	0.226
4.48415	0.227
4.489309	0.228
4.494416	0.229
4.499472	0.23
4.504477	0.231
4.509432	0.232
4.514338	0.233
4.519195	0.234
4.524003	0.235
4.528762	0.236
4.533475	0.237
4.53814	0.238
4.542759	0.239
4.547331	0.24
4.551858	0.241
4.556339	0.242
4.560776	0.243
4.565168	0.244
4.569516	0.245
4.573821	0.246
4.578083	0.247
4.582302	0.248
4.586479	0.249
4.590614	0.25
4.594708	0.251
4.598761	0.252
4.602774	0.253
4.606746	0.254
4.610678	0.255
4.614572	0.256
4.618426	0.257
4.622241	0.258
4.626019	0.259
4.629759	0.26
4.633461	0.261
4.637127	0.262
4.640756	0.263
4.644348	0.264
4.647905	0.265
4.651426	0.266
4.654912	0.267
4.658362	0.268
4.661779	0.269
4.665161	0.27
4.668509	0.271
4.671824	0.272
4.675106	0.273
4.678355	0.274
4.681571	0.275
4.684756	0.276
4.687908	0.277
4.691029	0.278
4.694119	0.279
4.697178	0.28
4.700206	0.281
4.703204	0.282
4.706172	0.283
4.70911	0.284
4.712019	0.285
4.714899	0.286
4.71775	0.287
4.720572	0.288
4.723366	0.289
4.726132	0.29
4.728871	0.291
4.731582	0.292
4.734266	0.293
4.736924	0.294
4.739554	0.295
4.742159	0.296
4.744737	0.297
4.74729	0.298
4.749817	0.299
4.752319	0.3
4.754796	0.301
4.757247	0.302
4.759675	0.303
4.762078	0.304
4.764458	0.305
4.766813	0.306
4.769145	0.307
4.771453	0.308
4.773739	0.309
4.776001	0.31
4.778242	0.311
4.780459	0.312
4.782655	0.313
4.784828	0.314
4.78698	0.314999
4.78911	0.315999
4.791219	0.316999
4.793306	0.317999
4.795373	0.318999
4.79742	0.319999
4.799445	0.320999
4.801451	0.321999
4.803436	0.322999
4.805402	0.323999
4.807348	0.324999
4.809274	0.325999
4.811182	0.326999
4.81307	0.327999
4.814939	0.328999
4.81679	0.329999
4.818622	0.330999
4.820436	0.331999
4.822231	0.332999
4.824009	0.333999
4.825769	0.334999
4.827511	0.335999
4.829236	0.336999
4.830944	0.337999
4.832634	0.338999
4.834308	0.339999
4.835965	0.340999
4.837605	0.341999
4.839229	0.342999
4.840837	0.343999
4.842429	0.344999
4.844005	0.345999
4.845564	0.346999
4.847109	0.347999
4.848638	0.348999
4.850151	0.349999
4.85165	0.350999
4.853133	0.351999
4.854602	0.352999
4.856056	0.353999
4.857495	0.354999
4.858921	0.355999
4.860332	0.356999
4.861728	0.357999
4.863111	0.358999
4.86448	0.359999
4.865835	0.360999
4.867177	0.361999
4.868505	0.362999
4.869821	0.363999
4.871122	0.364999
4.872411	0.365999
4.873687	0.366999
4.87495	0.367999
4.876201	0.368999
4.877439	0.369999
4.878664	0.370999
4.879878	0.371999
4.881079	0.372999
4.882268	0.373999
4.883445	0.374999
4.884611	0.375999
4.885765	0.376999
4.886907	0.377999
4.888038	0.378999
4.889158	0.379999
4.890266	0.380999
4.891364	0.381999
4.89245	0.382999
4.893525	0.383999
4.89459	0.384999
4.895644	0.385999
4.896688	0.386999
4.897721	0.387999
4.898744	0.388999
4.899756	0.389999
4.900759	0.390999
4.901751	0.391998
4.902733	0.392998
4.903706	0.393998
4.904669	0.394998
4.905622	0.395998
4.906566	0.396998
4.9075	0.397998
4.908425	0.398998
4.90934	0.399998
4.910247	0.400998
4.911144	0.401998
4.912033	0.402998
4.912912	0.403998
4.913783	0.404998
4.914645	0.405998
4.915499	0.406998
4.916344	0.407998
4.91718	0.408998
4.918008	0.409998
4.918828	0.410998
4.91964	0.411998
4.920443	0.412998
4.921238	0.413998
4.922026	0.414998
4.922806	0.415998
4.923578	0.416998
4.924342	0.417998
4.925099	0.418998
4.925848	0.419998
4.926589	0.420998
4.927324	0.421998
4.928051	0.422998
4.92877	0.423998
4.929482	0.424998
4.930188	0.425998
4.930886	0.426998
4.931577	0.427998
4.932261	0.428998
4.932939	0.429998
4.933609	0.430998
4.934273	0.431998
4.93493	0.432998
4.935581	0.433998
4.936225	0.434998
4.936862	0.435998
4.937494	0.436998
4.938119	0.437998
4.938738	0.438998
4.939351	0.439998
4.939957	0.440998
4.940557	0.441998
4.941152	0.442998
4.941741	0.443998
4.942323	0.444998
4.9429	0.445998
4.943471	0.446998
4.944036	0.447998
4.944596	0.448998
4.94515	0.449998
4.945699	0.450998
4.946242	0.451998
4.946779	0.452998
4.947311	0.453998
4.947838	0.454998
4.94836	0.455998
4.948876	0.456998
4.949388	0.457998
4.949893	0.458998
4.950395	0.459998
4.950891	0.460998
4.951382	0.461998
4.951868	0.462998
4.952349	0.463998
4.952826	0.464998
4.953297	0.465998
4.953764	0.466998
4.954226	0.467998
4.954684	0.468998
4.955137	0.469997
4.955586	0.470997
4.95603	0.471997
4.95647	0.472997
4.956905	0.473997
4.957336	0.474997
4.957763	0.475997
4.958185	0.476997
4.958603	0.477997
4.959017	0.478997
4.959427	0.479997
4.959833	0.480997
4.960234	0.481997
4.960632	0.482997
4.961026	0.483997
4.961415	0.484997
4.961801	0.485997
4.962183	0.486997
4.962561	0.487997
4.962935	0.488997
4.963306	0.489997
4.963673	0.490997
4.964036	0.491997
4.964396	0.492997
4.964752	0.493997
4.965105	0.494997
4.965454	0.495997
4.965799	0.496997
4.966141	0.497997
4.966479	0.498997
4.966815	0.499997
4.967146	0.500997
