0	0
0,001	0
0,002	0
0,003	0
0,004	0
0,005	0
0,006	0
0,007	0
0,008	0
0,009	0
0,01	0
0,011	0
0,012	0
0,013	0
0,014	0
0,015	0
0,016	0
0,017	0
0,018	0
0,019	0
0,02	0
0,021	0
0,022	0
0,023	0
0,024	0
0,025	0
0,026	0
0,027	0
0,028	0
0,029	0
0,03	0
0,031	0
0,032	0
0,033	0
0,034	0
0,035	0
0,036	0
0,037	0
0,038	0
0,039	0
0,04	0
0,041	0
0,042	0
0,043	0
0,044	0
0,045	0
0,046	0
0,047	0
0,048	0
0,049	0
0,05	0
0,051	0
0,052	0
0,053	0
0,054	0
0,055	0
0,056	0
0,057	0
0,058	0
0,059	0
0,06	0
0,061	0
0,062	0
0,063	0
0,064	0
0,065	0
0,066	0
0,067	0
0,068	0
0,069	0
0,07	0
0,071	0
0,072	0
0,073	0
0,074	0
0,075	0
0,076	0
0,077	0
0,078	0
0,079	0
0,08	0
0,081	0
0,082	0
0,083	0
0,084	0
0,085	0
0,086	0
0,087	0
0,088	0
0,089	0
0,09	0
0,091	0
0,092	0
0,093	0
0,094	0
0,095	0
0,096	0
0,097	0
0,098	0
0,099	0
0,1	0
0,101	0
0,102	0
0,103	0
0,104	0
0,105	0
0,106	0
0,107	0
0,108	0
0,109	0
0,11	0
0,111	0
0,112	0
0,113	0
0,114	0
0,115	0
0,116	0
0,117	0
0,118	0
0,119	0
0,12	0
0,121	0
0,122	0
0,123	0
0,124	0
0,125	0
0,126	0
0,127	0
0,128	0
0,129	0
0,13	0
0,131	0
0,132	0
0,133	0
0,134	0
0,135	0
0,136	0
0,137	0
0,138	0
0,139	0
0,14	0
0,141	0
0,142	0
0,143	0
0,144	0
0,145	0
0,146	0
0,147	0
0,148	0
0,149	0
0,15	0
0,151	0
0,152	0
0,153	0
0,154	0
0,155	0
0,156	0
0,157	0
0,158	0
0,159	0
0,16	0
0,161	0
0,162	0
0,163	0
0,164	0
0,165	0
0,166	0
0,167	0
0,168	0
0,169	0
0,17	0
0,171	0
0,172	0
0,173	0
0,174	0
0,175	0
0,176	0
0,177	0
0,178	0
0,179	0
0,18	0
0,181	0
0,182	0
0,183	0
0,184	0
0,185	0
0,186	0
0,187	0
0,188	0
0,189	0
0,19	0
0,191	0
0,192	0
0,193	0
0,194	0
0,195	0
0,196	0
0,197	0
0,198	0
0,199	0
0,2	0
0,201	0
0,202	0
0,203	0
0,204	0
0,205	0
0,206	0
0,207	0
0,208	0
0,209	0
0,21	0
0,211	0
0,212	0
0,213	0
0,214	0
0,215	0
0,216	0
0,217	0
0,218	0
0,219	0
0,22	0
0,221	0
0,222	0
0,223	0
0,224	0
0,225	0
0,226	0
0,227	0
0,228	0
0,229	0
0,23	0
0,231	0
0,232	0
0,233	0
0,234	0
0,235	0
0,236	0
0,237	0
0,238	0
0,239	0
0,24	0
0,241	0
0,242	0
0,243	0
0,244	0
0,245	0
0,246	0
0,247	0
0,248	0
0,249	0
0,25	0
0,251	0
0,252	0
0,253	0
0,254	0
0,255	0
0,256	0
0,257	0
0,258	0
0,259	0
0,26	0
0,261	0
0,262	0
0,263	0
0,264	0
0,265	0
0,266	0
0,267	0
0,268	0
0,269	0
0,27	0
0,271	0
0,272	0
0,273	0
0,274	0
0,275	0
0,276	0
0,277	0
0,278	0
0,279	0
0,28	0
0,281	0
0,282	0
0,283	0
0,284	0
0,285	0
0,286	0
0,287	0
0,288	0
0,289	0
0,29	0
0,291	0
0,292	0
0,293	0
0,294	0
0,295	0
0,296	0
0,297	0
0,298	0
0,299	0
0,3	0
0,301	0
0,302	0
0,303	0
0,304	0
0,305	0
0,306	0
0,307	0
0,308	0
0,309	0
0,31	0
0,311	0
0,312	0
0,313	0
0,314	0
0,314999	0
0,315999	0
0,316999	0
0,317999	0
0,318999	0
0,319999	0
0,320999	0
0,321999	0
0,322999	0
0,323999	0
0,324999	0
0,325999	0
0,326999	0
0,327999	0
0,328999	0
0,329999	0
0,330999	0
0,331999	0
0,332999	0
0,333999	0
0,334999	0
0,335999	0
0,336999	0
0,337999	0
0,338999	0
0,339999	0
0,340999	0
0,341999	0
0,342999	0
0,343999	0
0,344999	0
0,345999	0
0,346999	0
0,347999	0
0,348999	0
0,349999	0
0,350999	0
0,351999	0
0,352999	0
0,353999	0
0,354999	0
0,355999	0
0,356999	0
0,357999	0
0,358999	0
0,359999	0
0,360999	0
0,361999	0
0,362999	0
0,363999	0
0,364999	0
0,365999	0
0,366999	0
0,367999	0
0,368999	0
0,369999	0
0,370999	0
0,371999	0
0,372999	0
0,373999	0
0,374999	0
0,375999	0
0,376999	0
0,377999	0
0,378999	0
0,379999	0
0,380999	0
0,381999	0
0,382999	0
0,383999	0
0,384999	0
0,385999	0
0,386999	0
0,387999	0
0,388999	0
0,389999	0
0,390999	0
0,391998	0
0,392998	0
0,393998	0
0,394998	0
0,395998	0
0,396998	0
0,397998	0
0,398998	0
0,399998	0
0,400998	0
0,401998	0
0,402998	0
0,403998	0
0,404998	0
0,405998	0
0,406998	0
0,407998	0
0,408998	0
0,409998	0
0,410998	0
0,411998	0
0,412998	0
0,413998	0
0,414998	0
0,415998	0
0,416998	0
0,417998	0
0,418998	0
0,419998	0
0,420998	0
0,421998	0
0,422998	0
0,423998	0
0,424998	0
0,425998	0
0,426998	0
0,427998	0
0,428998	0
0,429998	0
0,430998	0
0,431998	0
0,432998	0
0,433998	0
0,434998	0
0,435998	0
0,436998	0
0,437998	0
0,438998	0
0,439998	0
0,440998	0
0,441998	0
0,442998	0
0,443998	0
0,444998	0
0,445998	0
0,446998	0
0,447998	0
0,448998	0
0,449998	0
0,450998	0
0,451998	0
0,452998	0
0,453998	0
0,454998	0
0,455998	0
0,456998	0
0,457998	0
0,458998	0
0,459998	0
0,460998	0
0,461998	0
0,462998	0
0,463998	0
0,464998	0
0,465998	0
0,466998	0
0,467998	0
0,468998	0
0,469997	0
0,470997	0
0,471997	0
0,472997	0
0,473997	0
0,474997	0
0,475997	0
0,476997	0
0,477997	0
0,478997	0
0,479997	0
0,480997	0
0,481997	0
0,482997	0
0,483997	0
0,484997	0
0,485997	0
0,486997	0
0,487997	0
0,488997	0
0,489997	0
0,490997	0
0,491997	0
0,492997	0
0,493997	0
0,494997	0
0,495997	0
0,496997	0
0,497997	0
0,498997	0
0,499997	0
0,500997	0
0,501997	0
0,502997	0
0,503997	0
0,504997	0
0,505997	0
0,506997	0
0,507997	0
0,508997	0
0,509997	0
0,510997	0
0,511997	0
0,512997	0
0,513997	0
0,514997	0
0,515997	0
0,516997	0
0,517997	0
0,518997	0
0,519997	0
0,520997	0
0,521997	0
0,522997	0
0,523997	0
0,524997	0
0,525997	0
0,526997	0
0,527997	0
0,528997	0
0,529997	0
0,530997	0
0,531997	0
0,532997	0
0,533997	0
0,534997	0
0,535997	0
0,536997	0
0,537997	0
0,538997	0
0,539997	0
0,540997	0
0,541997	0
0,542997	0
0,543997	0
0,544997	0
0,545997	0
0,546997	0
0,547997	0
0,548997	0
0,549996	0
0,550996	0
0,551996	0
0,552996	0
0,553996	0
0,554996	0
0,555996	0
0,556996	0
0,557996	0
0,558996	0
0,559996	0
0,560996	0
0,561996	0
0,562996	0
0,563996	0
0,564996	0
0,565996	0
0,566996	0
0,567996	0
0,568996	0
0,569996	0
0,570996	0
0,571996	0
0,572996	0
0,573996	0
0,574996	0
0,575996	0
0,576996	0
0,577996	0
0,578996	0
0,579996	0
0,580996	0
0,581996	0
0,582996	0
0,583996	0
0,584996	0
0,585996	0
0,586996	0
0,587996	0
0,588996	0
0,589996	0
0,590996	0
0,591996	0
0,592996	0
0,593996	0
0,594996	0
0,595996	0
0,596996	0
0,597996	0
0,598996	0
0,599996	0
0,600996	0
0,601996	0
0,602996	0
0,603996	0
0,604996	0
0,605996	0
0,606996	0
0,607996	0
0,608996	0
0,609996	0
0,610996	0
0,611996	0
0,612996	0
0,613996	0
0,614996	0
0,615996	0
0,616996	0
0,617996	0
0,618996	0
0,619996	0
0,620996	0
0,621996	0
0,622996	0
0,623996	0
0,624996	0
0,625996	0
0,626996	0
0,627995	0
0,628995	0
0,629995	0
0,630995	0
0,631995	0
0,632995	0
0,633995	0
0,634995	0
0,635995	0
0,636995	0
0,637995	0
0,638995	0
0,639995	0
0,640995	0
0,641995	0
0,642995	0
0,643995	0
0,644995	0
0,645995	0
0,646995	0
0,647995	0
0,648995	0
0,649995	0
0,650995	0
0,651995	0
0,652995	0
0,653995	0
0,654995	0
0,655995	0
0,656995	0
0,657995	0
0,658995	0
0,659995	0
0,660995	0
0,661995	0
0,662995	0
0,663995	0
0,664995	0
0,665995	0
0,666995	0
0,667995	0
0,668995	0
0,669995	0
0,670995	0
0,671995	0
0,672995	0
0,673995	0
0,674995	0
0,675995	0
0,676995	0
0,677995	0
0,678995	0
0,679995	0
0,680995	0
0,681995	0
0,682995	0
0,683995	0
0,684995	0
0,685995	0
0,686995	0
0,687995	0
0,688995	0
0,689995	0
0,690995	0
0,691995	0
0,692995	0
0,693995	0
0,694995	0
0,695995	0
0,696995	0
0,697995	0
0,698995	0
0,699995	0
0,700995	0
0,701995	0
0,702995	0
0,703995	0
0,704994	0
0,705994	0
0,706994	0
0,707994	0
0,708994	0
0,709994	0
0,710994	0
0,711994	0
0,712994	0
0,713994	0
0,714994	0
0,715994	0
0,716994	0
0,717994	0
0,718994	0
0,719994	0
0,720994	0
0,721994	0
0,722994	0
0,723994	0
0,724994	0
0,725994	0
0,726994	0
0,727994	0
0,728994	0
0,729994	0
0,730994	0
0,731994	0
0,732994	0
0,733994	0
0,734994	0
0,735994	0
0,736994	0
0,737994	0
0,738994	0
0,739994	0
0,740994	0
0,741994	0
0,742994	0
0,743994	0
0,744994	0
0,745994	0
0,746994	0
0,747994	0
0,748994	0
0,749994	0
0,750994	0
0,751994	0
0,752994	0
0,753994	0
0,754994	0
0,755994	0
0,756994	0
0,757994	0
0,758994	0
0,759994	0
0,760994	0
0,761994	0
0,762994	0
0,763994	0
0,764994	0
0,765994	0
0,766994	0
0,767994	0
0,768994	0
0,769994	0
0,770994	0
0,771994	0
0,772994	0
0,773994	0
0,774994	0
0,775994	0
0,776994	0
0,777994	0
0,778994	0
0,779994	0
0,780994	0
0,781994	0
0,782993	0
0,783993	0
0,784993	0
0,785993	0
0,786993	0
0,787993	0
0,788993	0
0,789993	0
0,790993	0
0,791993	0
0,792993	0
0,793993	0
0,794993	0
0,795993	0
0,796993	0
0,797993	0
0,798993	0
0,799993	0
0,800993	0
0,801993	0
0,802993	0
0,803993	0
0,804993	0
0,805993	0
0,806993	0
0,807993	0
0,808993	0
0,809993	0
0,810993	0
0,811993	0
0,812993	0
0,813993	0
0,814993	0
0,815993	0
0,816993	0
0,817993	0
0,818993	0
0,819993	0
0,820993	0
0,821993	0
0,822993	0
0,823993	0
0,824993	0
0,825993	0
0,826993	0
0,827993	0
0,828993	0
0,829993	0
0,830993	0
0,831993	0
0,832993	0
0,833993	0
0,834993	0
0,835993	0
0,836993	0
0,837993	0
0,838993	0
0,839993	0
0,840993	0
0,841993	0
0,842993	0
0,843993	0
0,844993	0
0,845993	0
0,846993	0
0,847993	0
0,848993	0
0,849993	0
0,850993	0
0,851993	0
0,852993	0
0,853993	0
0,854993	0
0,855993	0
0,856993	0
0,857993	0
0,858993	0
0,859993	0
0,860992	0
0,861992	0
0,862992	0
0,863992	0
0,864992	0
0,865992	0
0,866992	0
0,867992	0
0,868992	0
0,869992	0
0,870992	0
0,871992	0
0,872992	0
0,873992	0
0,874992	0
0,875992	0
0,876992	0
0,877992	0
0,878992	0
0,879992	0
0,880992	0
0,881992	0
0,882992	0
0,883992	0
0,884992	0
0,885992	0
0,886992	0
0,887992	0
0,888992	0
0,889992	0
0,890992	0
0,891992	0
0,892992	0
0,893992	0
0,894992	0
0,895992	0
0,896992	0
0,897992	0
0,898992	0
0,899992	0
0,900992	0
0,901992	0
0,902992	0
0,903992	0
0,904992	0
0,905992	0
0,906992	0
0,907992	0
0,908992	0
0,909992	0
0,910992	0
0,911992	0
0,912992	0
0,913992	0
0,914992	0
0,915992	0
0,916992	0
0,917992	0
0,918992	0
0,919992	0
0,920992	0
0,921992	0
0,922992	0
0,923992	0
0,924992	0
0,925992	0
0,926992	0
0,927992	0
0,928992	0
0,929992	0
0,930992	0
0,931992	0
0,932992	0
0,933992	0
0,934992	0
0,935992	0
0,936992	0
0,937991	0
0,938991	0
0,939991	0
0,940991	0
0,941991	0
0,942991	0
0,943991	0
0,944991	0
0,945991	0
0,946991	0
0,947991	0
0,948991	0
0,949991	0
0,950991	0
0,951991	0
0,952991	0
0,953991	0
0,954991	0
0,955991	0
0,956991	0
0,957991	0
0,958991	0
0,959991	0
0,960991	0
0,961991	0
0,962991	0
0,963991	0
0,964991	0
0,965991	0
0,966991	0
0,967991	0
0,968991	0
0,969991	0
0,970991	0
0,971991	0
0,972991	0
0,973991	0
0,974991	0
0,975991	0
0,976991	0
0,977991	0
0,978991	0
0,979991	0
0,980991	0
0,981991	0
0,982991	0
0,983991	0
0,984991	0
0,985991	0
0,986991	0
0,987991	0
0,988991	0
0,989991	0
0,990991	0
0,991991	0
0,992991	0
0,993991	0
0,994991	0
0,995991	0
0,996991	0
0,997991	0
0,998991	0
0,999991	0
1,000991	0
1,001991	0,000001
1,002991	0,000003
1,003991	0,000005
1,004991	0,000007
1,005991	0,00001
1,006991	0,000014
1,007991	0,000018
1,008991	0,000022
1,009991	0,000027
1,010991	0,000033
1,011991	0,000039
1,012991	0,000045
1,013991	0,000052
1,014991	0,00006
1,015991	0,000068
1,016991	0,000076
1,017992	0,000085
1,018992	0,000094
1,019992	0,000104
1,020992	0,000115
1,021992	0,000126
1,022992	0,000137
1,023992	0,000149
1,024992	0,000161
1,025992	0,000174
1,026992	0,000187
1,027992	0,000201
1,028992	0,000215
1,029992	0,00023
1,030992	0,000245
1,031992	0,000261
1,032992	0,000277
1,033992	0,000294
1,034992	0,000311
1,035992	0,000329
1,036992	0,000347
1,037992	0,000366
1,038993	0,000385
1,039993	0,000405
1,040993	0,000425
1,041993	0,000445
1,042993	0,000466
1,043993	0,000488
1,044993	0,00051
1,045993	0,000532
1,046993	0,000555
1,047993	0,000579
1,048993	0,000603
1,049993	0,000627
1,050993	0,000652
1,051993	0,000677
1,052993	0,000703
1,053993	0,000729
1,054993	0,000756
1,055993	0,000783
1,056993	0,000811
1,057993	0,000839
1,058993	0,000868
1,059994	0,000897
1,060994	0,000926
1,061994	0,000956
1,062994	0,000987
1,063994	0,001018
1,064994	0,001049
1,065994	0,001081
1,066994	0,001114
1,067994	0,001147
1,068994	0,00118
1,069994	0,001214
1,070994	0,001248
1,071994	0,001283
1,072994	0,001318
1,073994	0,001353
1,074994	0,00139
1,075994	0,001426
1,076994	0,001463
1,077994	0,001501
1,078994	0,001539
1,079994	0,001577
1,080994	0,001616
1,081995	0,001655
1,082995	0,001695
1,083995	0,001735
1,084995	0,001776
1,085995	0,001817
1,086995	0,001859
1,087995	0,001901
1,088995	0,001943
1,089995	0,001986
1,090995	0,00203
1,091995	0,002074
1,092995	0,002118
1,093995	0,002163
1,094995	0,002208
1,095995	0,002254
1,096995	0,0023
1,097995	0,002347
1,098995	0,002394
1,099995	0,002441
1,100995	0,002489
1,101995	0,002538
1,102996	0,002587
1,103996	0,002636
1,104996	0,002686
1,105996	0,002736
1,106996	0,002787
1,107996	0,002838
1,108996	0,002889
1,109996	0,002941
1,110996	0,002994
1,111996	0,003047
1,112996	0,0031
1,113996	0,003154
1,114996	0,003208
1,115996	0,003263
1,116996	0,003318
1,117996	0,003373
1,118996	0,003429
1,119996	0,003486
1,120996	0,003543
1,121996	0,0036
1,122996	0,003658
1,123996	0,003716
1,124997	0,003774
1,125997	0,003833
1,126997	0,003893
1,127997	0,003953
1,128997	0,004013
1,129997	0,004074
1,130997	0,004135
1,131997	0,004197
1,132997	0,004259
1,133997	0,004322
1,134997	0,004385
1,135997	0,004448
1,136997	0,004512
1,137997	0,004576
1,138997	0,004641
1,139997	0,004706
1,140997	0,004772
1,141997	0,004838
1,142997	0,004904
1,143997	0,004971
1,144997	0,005038
1,145998	0,005106
1,146998	0,005174
1,147998	0,005242
1,148998	0,005311
1,149998	0,005381
1,150998	0,005451
1,151998	0,005521
1,152998	0,005592
1,153998	0,005663
1,154998	0,005734
1,155998	0,005806
1,156998	0,005879
1,157998	0,005951
1,158998	0,006025
1,159998	0,006098
1,160998	0,006172
1,161998	0,006247
1,162998	0,006322
1,163998	0,006397
1,164998	0,006473
1,165998	0,006549
1,166999	0,006625
1,167999	0,006702
1,168999	0,00678
1,169999	0,006858
1,170999	0,006936
1,171999	0,007015
1,172999	0,007094
1,173999	0,007173
1,174999	0,007253
1,175999	0,007333
1,176999	0,007414
1,177999	0,007495
1,178999	0,007577
1,179999	0,007659
1,180999	0,007741
1,181999	0,007824
1,182999	0,007907
1,183999	0,00799
1,184999	0,008074
1,185999	0,008159
1,186999	0,008244
1,187999	0,008329
1,189	0,008414
1,19	0,008501
1,191	0,008587
1,192	0,008674
1,193	0,008761
1,194	0,008849
1,195	0,008937
1,196	0,009025
1,197	0,009114
1,198	0,009203
1,199	0,009293
1,2	0,009383
1,201	0,009473
1,202	0,009564
1,203	0,009655
1,204	0,009747
1,205	0,009839
1,206	0,009932
1,207	0,010024
1,208	0,010118
1,209	0,010211
1,210001	0,010305
1,211001	0,0104
1,212001	0,010495
1,213001	0,01059
1,214001	0,010685
1,215001	0,010781
1,216001	0,010878
1,217001	0,010975
1,218001	0,011072
1,219001	0,011169
1,220001	0,011267
1,221001	0,011366
1,222001	0,011464
1,223001	0,011563
1,224001	0,011663
1,225001	0,011763
1,226001	0,011863
1,227001	0,011964
1,228001	0,012065
1,229001	0,012166
1,230001	0,012268
1,231001	0,01237
1,232002	0,012473
1,233002	0,012576
1,234002	0,012679
1,235002	0,012783
1,236002	0,012887
1,237002	0,012992
1,238002	0,013097
1,239002	0,013202
1,240002	0,013308
1,241002	0,013414
1,242002	0,01352
1,243002	0,013627
1,244002	0,013734
1,245002	0,013842
1,246002	0,01395
1,247002	0,014058
1,248002	0,014167
1,249002	0,014276
1,250002	0,014385
1,251002	0,014495
1,252002	0,014605
1,253003	0,014716
1,254003	0,014827
1,255003	0,014938
1,256003	0,01505
1,257003	0,015162
1,258003	0,015274
1,259003	0,015387
1,260003	0,0155
1,261003	0,015613
1,262003	0,015727
1,263003	0,015842
1,264003	0,015956
1,265003	0,016071
1,266003	0,016187
1,267003	0,016302
1,268003	0,016419
1,269003	0,016535
1,270003	0,016652
1,271003	0,016769
1,272003	0,016887
1,273003	0,017005
1,274004	0,017123
1,275004	0,017242
1,276004	0,017361
1,277004	0,01748
1,278004	0,0176
1,279004	0,01772
1,280004	0,01784
1,281004	0,017961
1,282004	0,018082
1,283004	0,018204
1,284004	0,018326
1,285004	0,018448
1,286004	0,018571
1,287004	0,018694
1,288004	0,018817
1,289004	0,018941
1,290004	0,019065
1,291004	0,019189
1,292004	0,019314
1,293004	0,019439
1,294004	0,019564
1,295004	0,01969
1,296005	0,019816
1,297005	0,019943
1,298005	0,02007
1,299005	0,020197
1,300005	0,020325
1,301005	0,020453
1,302005	0,020581
1,303005	0,02071
1,304005	0,020838
1,305005	0,020968
1,306005	0,021097
1,307005	0,021227
1,308005	0,021358
1,309005	0,021489
1,310005	0,02162
1,311005	0,021751
1,312005	0,021883
1,313005	0,022015
1,314005	0,022147
1,315005	0,02228
1,316005	0,022413
1,317006	0,022547
1,318006	0,02268
1,319006	0,022815
1,320006	0,022949
1,321006	0,023084
1,322006	0,023219
1,323006	0,023355
1,324006	0,02349
1,325006	0,023627
1,326006	0,023763
1,327006	0,0239
1,328006	0,024037
1,329006	0,024175
1,330006	0,024312
1,331006	0,024451
1,332006	0,024589
1,333006	0,024728
1,334006	0,024867
1,335006	0,025007
1,336006	0,025147
1,337006	0,025287
1,338006	0,025427
1,339007	0,025568
1,340007	0,025709
1,341007	0,025851
1,342007	0,025993
1,343007	0,026135
1,344007	0,026277
1,345007	0,02642
1,346007	0,026563
1,347007	0,026707
1,348007	0,026851
1,349007	0,026995
1,350007	0,027139
1,351007	0,027284
1,352007	0,027429
1,353007	0,027575
1,354007	0,02772
1,355007	0,027867
1,356007	0,028013
1,357007	0,02816
1,358007	0,028307
1,359007	0,028454
1,360008	0,028602
1,361008	0,02875
1,362008	0,028898
1,363008	0,029047
1,364008	0,029196
1,365008	0,029345
1,366008	0,029495
1,367008	0,029645
1,368008	0,029795
1,369008	0,029945
1,370008	0,030096
1,371008	0,030247
1,372008	0,030399
1,373008	0,030551
1,374008	0,030703
1,375008	0,030855
1,376008	0,031008
1,377008	0,031161
1,378008	0,031315
1,379008	0,031468
1,380008	0,031622
1,381009	0,031777
1,382009	0,031931
1,383009	0,032086
1,384009	0,032241
1,385009	0,032397
1,386009	0,032553
1,387009	0,032709
1,388009	0,032865
1,389009	0,033022
1,390009	0,033179
1,391009	0,033337
1,392009	0,033494
1,393009	0,033652
1,394009	0,03381
1,395009	0,033969
1,396009	0,034128
1,397009	0,034287
1,398009	0,034447
1,399009	0,034606
1,400009	0,034767
1,401009	0,034927
1,402009	0,035088
1,40301	0,035249
1,40401	0,03541
1,40501	0,035572
1,40601	0,035733
1,40701	0,035896
1,40801	0,036058
1,40901	0,036221
1,41001	0,036384
1,41101	0,036547
1,41201	0,036711
1,41301	0,036875
1,41401	0,037039
1,41501	0,037204
1,41601	0,037369
1,41701	0,037534
1,41801	0,037699
1,41901	0,037865
1,42001	0,038031
1,42101	0,038197
1,42201	0,038364
1,42301	0,038531
1,424011	0,038698
1,425011	0,038865
1,426011	0,039033
1,427011	0,039201
1,428011	0,039369
1,429011	0,039538
1,430011	0,039707
1,431011	0,039876
1,432011	0,040046
1,433011	0,040215
1,434011	0,040385
1,435011	0,040556
1,436011	0,040726
1,437011	0,040897
1,438011	0,041068
1,439011	0,04124
1,440011	0,041411
1,441011	0,041583
1,442011	0,041756
1,443011	0,041928
1,444011	0,042101
1,445011	0,042274
1,446012	0,042448
1,447012	0,042621
1,448012	0,042795
1,449012	0,042969
1,450012	0,043144
1,451012	0,043319
1,452012	0,043494
1,453012	0,043669
1,454012	0,043845
1,455012	0,04402
1,456012	0,044197
1,457012	0,044373
1,458012	0,04455
1,459012	0,044727
1,460012	0,044904
1,461012	0,045081
1,462012	0,045259
1,463012	0,045437
1,464012	0,045615
1,465012	0,045794
1,466012	0,045973
1,467013	0,046152
1,468013	0,046331
1,469013	0,046511
1,470013	0,046691
1,471013	0,046871
1,472013	0,047051
1,473013	0,047232
1,474013	0,047413
1,475013	0,047594
1,476013	0,047776
1,477013	0,047957
1,478013	0,048139
1,479013	0,048322
1,480013	0,048504
1,481013	0,048687
1,482013	0,04887
1,483013	0,049053
1,484013	0,049237
1,485013	0,049421
1,486013	0,049605
1,487013	0,049789
1,488014	0,049974
1,489014	0,050159
1,490014	0,050344
1,491014	0,050529
1,492014	0,050715
1,493014	0,0509
1,494014	0,051087
1,495014	0,051273
1,496014	0,05146
1,497014	0,051646
1,498014	0,051834
1,499014	0,052021
1,500014	0,052209
1,501014	0,052396
1,502014	0,052585
1,503014	0,052773
1,504014	0,052962
1,505014	0,05315
1,506014	0,05334
1,507014	0,053529
1,508014	0,053719
1,509014	0,053908
1,510015	0,054099
1,511015	0,054289
1,512015	0,054479
1,513015	0,05467
1,514015	0,054861
1,515015	0,055053
1,516015	0,055244
1,517015	0,055436
1,518015	0,055628
1,519015	0,05582
1,520015	0,056013
1,521015	0,056206
1,522015	0,056399
1,523015	0,056592
1,524015	0,056786
1,525015	0,056979
1,526015	0,057173
1,527015	0,057367
1,528015	0,057562
1,529015	0,057757
1,530015	0,057951
1,531016	0,058147
1,532016	0,058342
1,533016	0,058538
1,534016	0,058733
1,535016	0,05893
1,536016	0,059126
1,537016	0,059322
1,538016	0,059519
1,539016	0,059716
1,540016	0,059913
1,541016	0,060111
1,542016	0,060309
1,543016	0,060506
1,544016	0,060705
1,545016	0,060903
1,546016	0,061102
1,547016	0,0613
1,548016	0,0615
1,549016	0,061699
1,550016	0,061898
1,551016	0,062098
1,552016	0,062298
1,553017	0,062498
1,554017	0,062699
1,555017	0,062899
1,556017	0,0631
1,557017	0,063301
1,558017	0,063503
1,559017	0,063704
1,560017	0,063906
1,561017	0,064108
1,562017	0,06431
1,563017	0,064512
1,564017	0,064715
1,565017	0,064918
1,566017	0,065121
1,567017	0,065324
1,568017	0,065528
1,569017	0,065731
1,570017	0,065935
1,571017	0,066139
1,572017	0,066344
1,573017	0,066548
1,574018	0,066753
1,575018	0,066958
1,576018	0,067163
1,577018	0,067369
1,578018	0,067574
1,579018	0,06778
1,580018	0,067986
1,581018	0,068192
1,582018	0,068399
1,583018	0,068606
1,584018	0,068813
1,585018	0,06902
1,586018	0,069227
1,587018	0,069434
1,588018	0,069642
1,589018	0,06985
1,590018	0,070058
1,591018	0,070267
1,592018	0,070475
1,593018	0,070684
1,594018	0,070893
1,595019	0,071102
1,596019	0,071311
1,597019	0,071521
1,598019	0,071731
1,599019	0,07194
1,600019	0,072151
1,601019	0,072361
1,602019	0,072571
1,603019	0,072782
1,604019	0,072993
1,605019	0,073204
1,606019	0,073416
1,607019	0,073627
1,608019	0,073839
1,609019	0,074051
1,610019	0,074263
1,611019	0,074475
1,612019	0,074688
1,613019	0,074901
1,614019	0,075114
1,615019	0,075327
1,616019	0,07554
1,61702	0,075753
1,61802	0,075967
1,61902	0,076181
1,62002	0,076395
1,62102	0,076609
1,62202	0,076824
1,62302	0,077038
1,62402	0,077253
1,62502	0,077468
1,62602	0,077683
1,62702	0,077899
1,62802	0,078114
1,62902	0,07833
1,63002	0,078546
1,63102	0,078762
1,63202	0,078978
1,63302	0,079195
1,63402	0,079412
1,63502	0,079628
1,63602	0,079846
1,63702	0,080063
1,638021	0,08028
1,639021	0,080498
1,640021	0,080715
1,641021	0,080933
1,642021	0,081152
1,643021	0,08137
1,644021	0,081588
1,645021	0,081807
1,646021	0,082026
1,647021	0,082245
1,648021	0,082464
1,649021	0,082683
1,650021	0,082903
1,651021	0,083123
1,652021	0,083343
1,653021	0,083563
1,654021	0,083783
1,655021	0,084003
1,656021	0,084224
1,657021	0,084445
1,658021	0,084665
1,659021	0,084887
1,660022	0,085108
1,661022	0,085329
1,662022	0,085551
1,663022	0,085773
1,664022	0,085995
1,665022	0,086217
1,666022	0,086439
1,667022	0,086661
1,668022	0,086884
1,669022	0,087107
1,670022	0,08733
1,671022	0,087553
1,672022	0,087776
1,673022	0,088
1,674022	0,088223
1,675022	0,088447
1,676022	0,088671
1,677022	0,088895
1,678022	0,089119
1,679022	0,089344
1,680022	0,089568
1,681023	0,089793
1,682023	0,090018
1,683023	0,090243
1,684023	0,090468
1,685023	0,090694
1,686023	0,090919
1,687023	0,091145
1,688023	0,091371
1,689023	0,091597
1,690023	0,091823
1,691023	0,092049
1,692023	0,092275
1,693023	0,092502
1,694023	0,092729
1,695023	0,092956
1,696023	0,093183
1,697023	0,09341
1,698023	0,093637
1,699023	0,093865
1,700023	0,094093
1,701023	0,094321
1,702024	0,094549
1,703024	0,094777
1,704024	0,095005
1,705024	0,095233
1,706024	0,095462
1,707024	0,095691
1,708024	0,095919
1,709024	0,096148
1,710024	0,096378
1,711024	0,096607
1,712024	0,096836
1,713024	0,097066
1,714024	0,097296
1,715024	0,097526
1,716024	0,097756
1,717024	0,097986
1,718024	0,098216
1,719024	0,098446
1,720024	0,098677
1,721024	0,098908
1,722024	0,099139
1,723024	0,09937
1,724025	0,099601
1,725025	0,099832
1,726025	0,100064
1,727025	0,100295
1,728025	0,100527
1,729025	0,100759
1,730025	0,10099
1,731025	0,101223
1,732025	0,101455
1,733025	0,101687
1,734025	0,10192
1,735025	0,102152
1,736025	0,102385
1,737025	0,102618
1,738025	0,102851
1,739025	0,103084
1,740025	0,103317
1,741025	0,103551
1,742025	0,103784
1,743025	0,104018
1,744025	0,104252
1,745026	0,104486
1,746026	0,10472
1,747026	0,104954
1,748026	0,105188
1,749026	0,105423
1,750026	0,105657
1,751026	0,105892
1,752026	0,106127
1,753026	0,106362
1,754026	0,106597
1,755026	0,106832
1,756026	0,107067
1,757026	0,107303
1,758026	0,107538
1,759026	0,107774
1,760026	0,10801
1,761026	0,108246
1,762026	0,108482
1,763026	0,108718
1,764026	0,108954
1,765026	0,109191
1,766026	0,109427
1,767027	0,109664
1,768027	0,1099
1,769027	0,110137
1,770027	0,110374
1,771027	0,110611
1,772027	0,110849
1,773027	0,111086
1,774027	0,111323
1,775027	0,111561
1,776027	0,111799
1,777027	0,112036
1,778027	0,112274
1,779027	0,112512
1,780027	0,11275
1,781027	0,112988
1,782027	0,113227
1,783027	0,113465
1,784027	0,113704
1,785027	0,113942
1,786027	0,114181
1,787027	0,11442
1,788028	0,114659
1,789028	0,114898
1,790028	0,115137
1,791028	0,115377
1,792028	0,115616
1,793028	0,115855
1,794028	0,116095
1,795028	0,116335
1,796028	0,116574
1,797028	0,116814
1,798028	0,117054
1,799028	0,117295
1,800028	0,117535
1,801028	0,117775
1,802028	0,118015
1,803028	0,118256
1,804028	0,118496
1,805028	0,118737
1,806028	0,118978
1,807028	0,119219
1,808028	0,11946
1,809029	0,119701
1,810029	0,119942
1,811029	0,120183
1,812029	0,120425
1,813029	0,120666
1,814029	0,120908
1,815029	0,121149
1,816029	0,121391
1,817029	0,121633
1,818029	0,121875
1,819029	0,122117
1,820029	0,122359
1,821029	0,122601
1,822029	0,122844
1,823029	0,123086
1,824029	0,123328
1,825029	0,123571
1,826029	0,123814
1,827029	0,124056
1,828029	0,124299
1,829029	0,124542
1,830029	0,124785
1,83103	0,125028
1,83203	0,125271
1,83303	0,125515
1,83403	0,125758
1,83503	0,126001
1,83603	0,126245
1,83703	0,126488
1,83803	0,126732
1,83903	0,126976
1,84003	0,127219
1,84103	0,127463
1,84203	0,127707
1,84303	0,127951
1,84403	0,128195
1,84503	0,12844
1,84603	0,128684
1,84703	0,128928
1,84803	0,129173
1,84903	0,129417
1,85003	0,129662
1,85103	0,129907
1,852031	0,130151
1,853031	0,130396
1,854031	0,130641
1,855031	0,130886
1,856031	0,131131
1,857031	0,131376
1,858031	0,131621
1,859031	0,131866
1,860031	0,132112
1,861031	0,132357
1,862031	0,132603
1,863031	0,132848
1,864031	0,133094
1,865031	0,133339
1,866031	0,133585
1,867031	0,133831
1,868031	0,134077
1,869031	0,134323
1,870031	0,134569
1,871031	0,134815
1,872031	0,135061
1,873031	0,135307
1,874032	0,135553
1,875032	0,1358
1,876032	0,136046
1,877032	0,136293
1,878032	0,136539
1,879032	0,136786
1,880032	0,137032
1,881032	0,137279
1,882032	0,137526
1,883032	0,137772
1,884032	0,138019
1,885032	0,138266
1,886032	0,138513
1,887032	0,13876
1,888032	0,139007
1,889032	0,139254
1,890032	0,139502
1,891032	0,139749
1,892032	0,139996
1,893032	0,140244
1,894032	0,140491
1,895033	0,140738
1,896033	0,140986
1,897033	0,141234
1,898033	0,141481
1,899033	0,141729
1,900033	0,141977
1,901033	0,142224
1,902033	0,142472
1,903033	0,14272
1,904033	0,142968
1,905033	0,143216
1,906033	0,143464
1,907033	0,143712
1,908033	0,14396
1,909033	0,144208
1,910033	0,144456
1,911033	0,144705
1,912033	0,144953
1,913033	0,145201
1,914033	0,14545
1,915033	0,145698
1,916034	0,145947
1,917034	0,146195
1,918034	0,146444
1,919034	0,146692
1,920034	0,146941
1,921034	0,14719
1,922034	0,147438
1,923034	0,147687
1,924034	0,147936
1,925034	0,148185
1,926034	0,148433
1,927034	0,148682
1,928034	0,148931
1,929034	0,14918
1,930034	0,149429
1,931034	0,149678
1,932034	0,149928
1,933034	0,150177
1,934034	0,150426
1,935034	0,150675
1,936034	0,150924
1,937034	0,151173
1,938035	0,151423
1,939035	0,151672
1,940035	0,151921
1,941035	0,152171
1,942035	0,15242
1,943035	0,152669
1,944035	0,152919
1,945035	0,153169
1,946035	0,153418
1,947035	0,153667
1,948035	0,153917
1,949035	0,154167
1,950035	0,154416
1,951035	0,154666
1,952035	0,154916
1,953035	0,155165
1,954035	0,155415
1,955035	0,155665
1,956035	0,155914
1,957035	0,156164
1,958035	0,156414
1,959036	0,156664
1,960036	0,156914
1,961036	0,157163
1,962036	0,157413
1,963036	0,157663
1,964036	0,157913
1,965036	0,158163
1,966036	0,158413
1,967036	0,158663
1,968036	0,158913
1,969036	0,159163
1,970036	0,159413
1,971036	0,159663
1,972036	0,159913
1,973036	0,160163
1,974036	0,160413
1,975036	0,160663
1,976036	0,160914
1,977036	0,161164
1,978036	0,161414
1,979036	0,161664
1,980036	0,161914
1,981037	0,162164
1,982037	0,162414
1,983037	0,162665
1,984037	0,162915
1,985037	0,163165
1,986037	0,163415
1,987037	0,163665
1,988037	0,163916
1,989037	0,164166
1,990037	0,164416
1,991037	0,164666
1,992037	0,164916
1,993037	0,165167
1,994037	0,165417
1,995037	0,165667
1,996037	0,165917
1,997037	0,166168
1,998037	0,166418
1,999037	0,166668
2,000037	0,166918
2,001037	0,167169
2,002037	0,167419
2,003037	0,167669
2,004037	0,167919
2,005037	0,16817
2,006037	0,16842
2,007037	0,16867
2,008037	0,16892
2,009037	0,169171
2,010037	0,169421
2,011037	0,169671
2,012037	0,169922
2,013036	0,170172
2,014036	0,170422
2,015036	0,170672
2,016036	0,170923
2,017036	0,171173
2,018036	0,171423
2,019036	0,171674
2,020036	0,171924
2,021036	0,172174
2,022036	0,172425
2,023036	0,172675
2,024036	0,172925
2,025036	0,173175
2,026036	0,173426
2,027035	0,173676
2,028035	0,173926
2,029035	0,174177
2,030035	0,174427
2,031035	0,174677
2,032035	0,174927
2,033035	0,175178
2,034035	0,175428
2,035035	0,175678
2,036035	0,175928
2,037035	0,176179
2,038035	0,176429
2,039035	0,176679
2,040035	0,17693
2,041034	0,17718
2,042034	0,17743
2,043034	0,17768
2,044034	0,177931
2,045034	0,178181
2,046034	0,178431
2,047034	0,178682
2,048034	0,178932
2,049034	0,179182
2,050034	0,179432
2,051034	0,179683
2,052034	0,179933
2,053034	0,180183
2,054034	0,180433
2,055033	0,180684
2,056033	0,180934
2,057033	0,181184
2,058033	0,181435
2,059033	0,181685
2,060033	0,181935
2,061033	0,182185
2,062033	0,182436
2,063033	0,182686
2,064033	0,182936
2,065033	0,183187
2,066033	0,183437
2,067033	0,183687
2,068033	0,183937
2,069032	0,184188
2,070032	0,184438
2,071032	0,184688
2,072032	0,184938
2,073032	0,185189
2,074032	0,185439
2,075032	0,185689
2,076032	0,18594
2,077032	0,18619
2,078032	0,18644
2,079032	0,18669
2,080032	0,186941
2,081032	0,187191
2,082031	0,187441
2,083031	0,187692
2,084031	0,187942
2,085031	0,188192
2,086031	0,188443
2,087031	0,188693
2,088031	0,188943
2,089031	0,189193
2,090031	0,189444
2,091031	0,189694
2,092031	0,189944
2,093031	0,190194
2,094031	0,190445
2,095031	0,190695
2,09603	0,190945
2,09703	0,191195
2,09803	0,191446
2,09903	0,191696
2,10003	0,191946
2,10103	0,192197
2,10203	0,192447
2,10303	0,192697
2,10403	0,192947
2,10503	0,193198
2,10603	0,193448
2,10703	0,193698
2,10803	0,193949
2,10903	0,194199
2,110029	0,194449
2,111029	0,194699
2,112029	0,19495
2,113029	0,1952
2,114029	0,19545
2,115029	0,1957
2,116029	0,195951
2,117029	0,196201
2,118029	0,196451
2,119029	0,196702
2,120029	0,196952
2,121029	0,197202
2,122029	0,197452
2,123029	0,197703
2,124028	0,197953
2,125028	0,198203
2,126028	0,198454
2,127028	0,198704
2,128028	0,198954
2,129028	0,199205
2,130028	0,199455
2,131028	0,199705
2,132028	0,199955
2,133028	0,200206
2,134028	0,200456
2,135028	0,200706
2,136028	0,200956
2,137028	0,201207
2,138027	0,201457
2,139027	0,201707
2,140027	0,201957
2,141027	0,202208
2,142027	0,202458
2,143027	0,202708
2,144027	0,202959
2,145027	0,203209
2,146027	0,203459
2,147027	0,203709
2,148027	0,20396
2,149027	0,20421
2,150027	0,20446
2,151026	0,204711
2,152026	0,204961
2,153026	0,205211
2,154026	0,205461
2,155026	0,205712
2,156026	0,205962
2,157026	0,206212
2,158026	0,206462
2,159026	0,206713
2,160026	0,206963
2,161026	0,207213
2,162026	0,207464
2,163026	0,207714
2,164026	0,207964
2,165025	0,208214
2,166025	0,208465
2,167025	0,208715
2,168025	0,208965
2,169025	0,209216
2,170025	0,209466
2,171025	0,209716
2,172025	0,209966
2,173025	0,210217
2,174025	0,210467
2,175025	0,210717
2,176025	0,210967
2,177025	0,211218
2,178025	0,211468
2,179024	0,211718
2,180024	0,211969
2,181024	0,212219
2,182024	0,212469
2,183024	0,21272
2,184024	0,21297
2,185024	0,21322
2,186024	0,21347
2,187024	0,213721
2,188024	0,213971
2,189024	0,214221
2,190024	0,214471
2,191024	0,214722
2,192024	0,214972
2,193023	0,215222
2,194023	0,215473
2,195023	0,215723
2,196023	0,215973
2,197023	0,216224
2,198023	0,216474
2,199023	0,216724
2,200023	0,216974
2,201023	0,217224
2,202023	0,217475
2,203023	0,217725
2,204023	0,217975
2,205023	0,218226
2,206023	0,218476
2,207022	0,218726
2,208022	0,218976
2,209022	0,219227
2,210022	0,219477
2,211022	0,219727
2,212022	0,219978
2,213022	0,220228
2,214022	0,220478
2,215022	0,220728
2,216022	0,220979
2,217022	0,221229
2,218022	0,221479
2,219022	0,221729
2,220021	0,22198
2,221021	0,22223
2,222021	0,22248
2,223021	0,222731
2,224021	0,222981
2,225021	0,223231
2,226021	0,223481
2,227021	0,223732
2,228021	0,223982
2,229021	0,224232
2,230021	0,224483
2,231021	0,224733
2,232021	0,224983
2,233021	0,225233
2,23402	0,225484
2,23502	0,225734
2,23602	0,225984
2,23702	0,226234
2,23802	0,226485
2,23902	0,226735
2,24002	0,226985
2,24102	0,227236
2,24202	0,227486
2,24302	0,227736
2,24402	0,227986
2,24502	0,228237
2,24602	0,228487
2,24702	0,228737
2,248019	0,228988
2,249019	0,229238
2,250019	0,229488
2,251019	0,229738
2,252019	0,229989
2,253019	0,230239
2,254019	0,230489
2,255019	0,23074
2,256019	0,23099
2,257019	0,23124
2,258019	0,23149
2,259019	0,231741
2,260019	0,231991
2,261019	0,232241
2,262018	0,232491
2,263018	0,232742
2,264018	0,232992
2,265018	0,233242
2,266018	0,233493
2,267018	0,233743
2,268018	0,233993
2,269018	0,234243
2,270018	0,234494
2,271018	0,234744
2,272018	0,234994
2,273018	0,235244
2,274018	0,235495
2,275017	0,235745
2,276017	0,235995
2,277017	0,236246
2,278017	0,236496
2,279017	0,236746
2,280017	0,236996
2,281017	0,237247
2,282017	0,237497
2,283017	0,237747
2,284017	0,237998
2,285017	0,238248
2,286017	0,238498
2,287017	0,238748
2,288017	0,238999
2,289016	0,239249
2,290016	0,239499
2,291016	0,239749
2,292016	0,24
2,293016	0,24025
2,294016	0,2405
2,295016	0,240751
2,296016	0,241001
2,297016	0,241251
2,298016	0,241501
2,299016	0,241752
2,300016	0,242002
2,301016	0,242252
2,302016	0,242503
2,303015	0,242753
2,304015	0,243003
2,305015	0,243253
2,306015	0,243504
2,307015	0,243754
2,308015	0,244004
2,309015	0,244255
2,310015	0,244505
2,311015	0,244755
2,312015	0,245005
2,313015	0,245256
2,314015	0,245506
2,315015	0,245756
2,316015	0,246006
2,317014	0,246257
2,318014	0,246507
2,319014	0,246757
2,320014	0,247008
2,321014	0,247258
2,322014	0,247508
2,323014	0,247758
2,324014	0,248009
2,325014	0,248259
2,326014	0,248509
2,327014	0,24876
2,328014	0,24901
2,329014	0,24926
2,330014	0,24951
2,331013	0,249761
2,332013	0,250011
2,333013	0,250261
2,334013	0,250511
2,335013	0,250762
2,336013	0,251012
2,337013	0,251262
2,338013	0,251513
2,339013	0,251763
2,340013	0,252013
2,341013	0,252263
2,342013	0,252514
2,343013	0,252764
2,344012	0,253014
2,345012	0,253264
2,346012	0,253515
2,347012	0,253765
2,348012	0,254015
2,349012	0,254266
2,350012	0,254516
2,351012	0,254766
2,352012	0,255016
2,353012	0,255267
2,354012	0,255517
2,355012	0,255767
2,356012	0,256018
2,357012	0,256268
2,358011	0,256518
2,359011	0,256768
2,360011	0,257019
2,361011	0,257269
2,362011	0,257519
2,363011	0,257769
2,364011	0,25802
2,365011	0,25827
2,366011	0,25852
2,367011	0,258771
2,368011	0,259021
2,369011	0,259271
2,370011	0,259521
2,371011	0,259772
2,37201	0,260022
2,37301	0,260272
2,37401	0,260522
2,37501	0,260773
2,37601	0,261023
2,37701	0,261273
2,37801	0,261524
2,37901	0,261774
2,38001	0,262024
2,38101	0,262274
2,38201	0,262525
2,38301	0,262775
2,38401	0,263025
2,38501	0,263276
2,386009	0,263526
2,387009	0,263776
2,388009	0,264026
2,389009	0,264277
2,390009	0,264527
2,391009	0,264777
2,392009	0,265027
2,393009	0,265278
2,394009	0,265528
2,395009	0,265778
2,396009	0,266029
2,397009	0,266279
2,398009	0,266529
2,399009	0,266779
2,400008	0,26703
2,401008	0,26728
2,402008	0,26753
2,403008	0,26778
2,404008	0,268031
2,405008	0,268281
2,406008	0,268531
2,407008	0,268782
2,408008	0,269032
2,409008	0,269282
2,410008	0,269532
2,411008	0,269783
2,412008	0,270033
2,413007	0,270283
2,414007	0,270533
2,415007	0,270784
2,416007	0,271034
2,417007	0,271284
2,418007	0,271535
2,419007	0,271785
2,420007	0,272035
2,421007	0,272285
2,422007	0,272536
2,423007	0,272786
2,424007	0,273036
2,425007	0,273287
2,426007	0,273537
2,427006	0,273787
2,428006	0,274037
2,429006	0,274287
2,430006	0,274538
2,431006	0,274788
2,432006	0,275038
2,433006	0,275289
2,434006	0,275539
2,435006	0,275789
2,436006	0,27604
2,437006	0,27629
2,438006	0,27654
2,439006	0,27679
2,440006	0,277041
2,441005	0,277291
2,442005	0,277541
2,443005	0,277791
2,444005	0,278042
2,445005	0,278292
2,446005	0,278542
2,447005	0,278792
2,448005	0,279043
2,449005	0,279293
2,450005	0,279543
2,451005	0,279794
2,452005	0,280044
2,453005	0,280294
2,454005	0,280544
2,455004	0,280795
2,456004	0,281045
2,457004	0,281295
2,458004	0,281546
2,459004	0,281796
2,460004	0,282046
2,461004	0,282296
2,462004	0,282546
2,463004	0,282797
2,464004	0,283047
2,465004	0,283297
2,466004	0,283548
2,467004	0,283798
2,468004	0,284048
2,469003	0,284298
2,470003	0,284549
2,471003	0,284799
2,472003	0,285049
2,473003	0,2853
2,474003	0,28555
2,475003	0,2858
2,476003	0,28605
2,477003	0,286301
2,478003	0,286551
2,479003	0,286801
2,480003	0,287052
2,481003	0,287302
2,482002	0,287552
2,483002	0,287802
2,484002	0,288053
2,485002	0,288303
2,486002	0,288553
2,487002	0,288804
2,488002	0,289054
2,489002	0,289304
2,490002	0,289554
2,491002	0,289805
2,492002	0,290055
2,493002	0,290305
2,494002	0,290555
2,495002	0,290806
2,496001	0,291056
2,497001	0,291306
2,498001	0,291556
2,499001	0,291807
2,500001	0,292057
2,501001	0,292307
2,502001	0,292558
2,503001	0,292808
2,504001	0,293058
2,505001	0,293308
2,506001	0,293559
2,507001	0,293809
2,508001	0,294059
2,509001	0,294309
2,51	0,29456
2,511	0,29481
2,512	0,29506
2,513	0,295311
2,514	0,295561
2,515	0,295811
2,516	0,296062
2,517	0,296312
2,518	0,296562
2,519	0,296812
2,52	0,297062
2,521	0,297313
2,522	0,297563
2,523	0,297813
2,523999	0,298063
2,524999	0,298314
2,525999	0,298564
2,526999	0,298814
2,527999	0,299065
2,528999	0,299315
2,529999	0,299565
2,530999	0,299815
2,531999	0,300066
2,532999	0,300316
2,533999	0,300566
2,534999	0,300816
2,535999	0,301067
2,536999	0,301317
2,537998	0,301567
2,538998	0,301818
2,539998	0,302068
2,540998	0,302318
2,541998	0,302568
2,542998	0,302819
2,543998	0,303069
2,544998	0,303319
2,545998	0,303569
2,546998	0,30382
2,547998	0,30407
2,548998	0,30432
2,549998	0,304571
2,550997	0,304821
2,551997	0,305071
2,552997	0,305321
2,553997	0,305572
2,554997	0,305822
2,555997	0,306072
2,556997	0,306323
2,557997	0,306573
2,558997	0,306823
2,559997	0,307073
2,560997	0,307324
2,561997	0,307574
2,562997	0,307824
2,563997	0,308074
2,564996	0,308325
2,565996	0,308575
2,566996	0,308825
2,567996	0,309075
2,568996	0,309326
2,569996	0,309576
2,570996	0,309826
2,571996	0,310076
2,572996	0,310327
2,573996	0,310577
2,574996	0,310827
2,575996	0,311078
2,576996	0,311328
2,577996	0,311578
2,578995	0,311828
2,579995	0,312079
2,580995	0,312329
2,581995	0,312579
2,582995	0,31283
2,583995	0,31308
2,584995	0,31333
2,585995	0,31358
2,586995	0,313831
2,587995	0,314081
2,588995	0,314331
2,589995	0,314581
2,590995	0,314832
2,591995	0,315082
2,592994	0,315332
2,593994	0,315583
2,594994	0,315833
2,595994	0,316083
2,596994	0,316333
2,597994	0,316584
2,598994	0,316834
2,599994	0,317084
2,600994	0,317334
2,601994	0,317585
2,602994	0,317835
2,603994	0,318085
2,604994	0,318335
2,605994	0,318586
2,606993	0,318836
2,607993	0,319086
2,608993	0,319337
2,609993	0,319587
2,610993	0,319837
2,611993	0,320087
2,612993	0,320338
2,613993	0,320588
2,614993	0,320838
2,615993	0,321088
2,616993	0,321339
2,617993	0,321589
2,618993	0,321839
2,619992	0,322089
2,620992	0,32234
2,621992	0,32259
2,622992	0,32284
2,623992	0,323091
2,624992	0,323341
2,625992	0,323591
2,626992	0,323841
2,627992	0,324092
2,628992	0,324342
2,629992	0,324592
2,630992	0,324842
2,631992	0,325093
2,632992	0,325343
2,633991	0,325593
2,634991	0,325843
2,635991	0,326094
2,636991	0,326344
2,637991	0,326594
2,638991	0,326845
2,639991	0,327095
2,640991	0,327345
2,641991	0,327595
2,642991	0,327845
2,643991	0,328096
2,644991	0,328346
2,645991	0,328596
2,646991	0,328847
2,64799	0,329097
2,64899	0,329347
2,64999	0,329597
2,65099	0,329848
2,65199	0,330098
2,65299	0,330348
2,65399	0,330598
2,65499	0,330849
2,65599	0,331099
2,65699	0,331349
2,65799	0,331599
2,65899	0,33185
2,65999	0,3321
2,66099	0,33235
2,661989	0,332601
2,662989	0,332851
2,663989	0,333101
2,664989	0,333351
2,665989	0,333602
2,666989	0,333852
2,667989	0,334102
2,668989	0,334352
2,669989	0,334603
2,670989	0,334853
2,671989	0,335103
2,672989	0,335354
2,673989	0,335604
2,674989	0,335854
2,675988	0,336104
2,676988	0,336355
2,677988	0,336605
2,678988	0,336855
2,679988	0,337105
2,680988	0,337356
2,681988	0,337606
2,682988	0,337856
2,683988	0,338107
2,684988	0,338357
2,685988	0,338607
2,686988	0,338857
2,687988	0,339108
2,688987	0,339358
2,689987	0,339608
2,690987	0,339859
2,691987	0,340109
2,692987	0,340359
2,693987	0,340609
2,694987	0,34086
2,695987	0,34111
2,696987	0,34136
2,697987	0,34161
2,698987	0,34186
2,699987	0,342111
2,700987	0,342361
2,701987	0,342611
2,702986	0,342862
2,703986	0,343112
2,704986	0,343362
2,705986	0,343612
2,706986	0,343863
2,707986	0,344113
2,708986	0,344363
2,709986	0,344613
2,710986	0,344864
2,711986	0,345114
2,712986	0,345364
2,713986	0,345615
2,714986	0,345865
2,715986	0,346115
2,716985	0,346365
2,717985	0,346615
2,718985	0,346866
2,719985	0,347116
2,720985	0,347366
2,721985	0,347617
2,722985	0,347867
2,723985	0,348117
2,724985	0,348367
2,725985	0,348618
2,726985	0,348868
2,727985	0,349118
2,728985	0,349369
2,729985	0,349619
2,730984	0,349869
2,731984	0,350119
2,732984	0,35037
2,733984	0,35062
2,734984	0,35087
2,735984	0,35112
2,736984	0,35137
2,737984	0,351621
2,738984	0,351871
2,739984	0,352121
2,740984	0,352372
2,741984	0,352622
2,742984	0,352872
2,743984	0,353122
2,744983	0,353373
2,745983	0,353623
2,746983	0,353873
2,747983	0,354124
2,748983	0,354374
2,749983	0,354624
2,750983	0,354874
2,751983	0,355125
2,752983	0,355375
2,753983	0,355625
2,754983	0,355875
2,755983	0,356126
2,756983	0,356376
2,757982	0,356626
2,758982	0,356876
2,759982	0,357127
2,760982	0,357377
2,761982	0,357627
2,762982	0,357878
2,763982	0,358128
2,764982	0,358378
2,765982	0,358628
2,766982	0,358878
2,767982	0,359129
2,768982	0,359379
2,769982	0,359629
2,770982	0,359879
2,771981	0,36013
2,772981	0,36038
2,773981	0,36063
2,774981	0,36088
2,775981	0,361131
2,776981	0,361381
2,777981	0,361631
2,778981	0,361881
2,779981	0,362132
2,780981	0,362382
2,781981	0,362632
2,782981	0,362883
2,783981	0,363133
2,784981	0,363383
2,78598	0,363634
2,78698	0,363884
2,78798	0,364134
2,78898	0,364384
2,78998	0,364634
2,79098	0,364885
2,79198	0,365135
2,79298	0,365385
2,79398	0,365636
2,79498	0,365886
2,79598	0,366136
2,79698	0,366386
2,79798	0,366637
2,79898	0,366887
2,799979	0,367137
2,800979	0,367387
2,801979	0,367638
2,802979	0,367888
2,803979	0,368138
2,804979	0,368388
2,805979	0,368639
2,806979	0,368889
2,807979	0,369139
2,808979	0,369389
2,809979	0,36964
2,810979	0,36989
2,811979	0,370141
2,812979	0,37039
2,813978	0,370641
2,814978	0,370891
2,815978	0,371141
2,816978	0,371392
2,817978	0,371642
2,818978	0,371892
2,819978	0,372143
2,820978	0,372393
2,821978	0,372643
2,822978	0,372893
2,823978	0,373143
2,824978	0,373394
2,825978	0,373644
2,826977	0,373894
2,827977	0,374144
2,828977	0,374395
2,829977	0,374645
2,830977	0,374895
2,831977	0,375146
2,832977	0,375396
2,833977	0,375646
2,834977	0,375896
2,835977	0,376147
2,836977	0,376397
2,837977	0,376647
2,838977	0,376897
2,839977	0,377148
2,840976	0,377398
2,841976	0,377648
2,842976	0,377898
2,843976	0,378148
2,844976	0,378399
2,845976	0,378649
2,846976	0,378899
2,847976	0,37915
2,848976	0,3794
2,849976	0,37965
2,850976	0,3799
2,851976	0,380151
2,852976	0,380401
2,853976	0,380651
2,854975	0,380901
2,855975	0,381152
2,856975	0,381402
2,857975	0,381652
2,858975	0,381903
2,859975	0,382152
2,860975	0,382403
2,861975	0,382653
2,862975	0,382904
2,863975	0,383154
2,864975	0,383404
2,865975	0,383654
2,866975	0,383905
2,867975	0,384155
2,868974	0,384405
2,869974	0,384655
2,870974	0,384905
2,871974	0,385156
2,872974	0,385406
2,873974	0,385656
2,874974	0,385906
2,875974	0,386157
2,876974	0,386407
2,877974	0,386657
2,878974	0,386908
2,879974	0,387158
2,880974	0,387408
2,881974	0,387658
2,882973	0,387908
2,883973	0,388159
2,884973	0,388409
2,885973	0,38866
2,886973	0,38891
2,887973	0,38916
2,888973	0,38941
2,889973	0,389661
2,890973	0,389911
2,891973	0,390161
2,892973	0,390411
2,893973	0,390661
2,894973	0,390912
2,895972	0,391162
2,896972	0,391412
2,897972	0,391663
2,898972	0,391913
2,899972	0,392163
2,900972	0,392413
2,901972	0,392664
2,902972	0,392914
2,903972	0,393164
2,904972	0,393414
2,905972	0,393665
2,906972	0,393915
2,907972	0,394165
2,908972	0,394415
2,909971	0,394666
2,910971	0,394916
2,911971	0,395166
2,912971	0,395416
2,913971	0,395666
2,914971	0,395917
2,915971	0,396167
2,916971	0,396417
2,917971	0,396668
2,918971	0,396918
2,919971	0,397168
2,920971	0,397418
2,921971	0,397669
2,922971	0,397919
2,92397	0,398169
2,92497	0,398419
2,92597	0,39867
2,92697	0,39892
2,92797	0,39917
2,92897	0,39942
2,92997	0,399671
2,93097	0,399921
2,93197	0,400171
2,93297	0,400421
2,93397	0,400671
2,93497	0,400922
2,93597	0,401172
2,93697	0,401422
2,937969	0,401673
2,938969	0,401923
2,939969	0,402173
2,940969	0,402423
2,941969	0,402674
2,942969	0,402924
2,943969	0,403174
2,944969	0,403424
2,945969	0,403675
2,946969	0,403925
2,947969	0,404175
2,948969	0,404425
2,949969	0,404676
2,950969	0,404926
2,951968	0,405176
2,952968	0,405426
2,953968	0,405677
2,954968	0,405927
2,955968	0,406177
2,956968	0,406427
2,957968	0,406678
2,958968	0,406928
2,959968	0,407178
2,960968	0,407428
2,961968	0,407679
2,962968	0,407929
2,963968	0,408179
2,964967	0,40843
2,965967	0,40868
2,966967	0,40893
2,967967	0,40918
2,968967	0,40943
2,969967	0,409681
2,970967	0,409931
2,971967	0,410181
2,972967	0,410432
2,973967	0,410682
2,974967	0,410932
2,975967	0,411182
2,976967	0,411432
2,977967	0,411683
2,978966	0,411933
2,979966	0,412183
2,980966	0,412433
2,981966	0,412684
2,982966	0,412934
2,983966	0,413184
2,984966	0,413434
2,985966	0,413685
2,986966	0,413935
2,987966	0,414185
2,988966	0,414435
2,989966	0,414686
2,990966	0,414936
2,991966	0,415186
2,992965	0,415437
2,993965	0,415687
2,994965	0,415937
2,995965	0,416187
2,996965	0,416437
2,997965	0,416688
2,998965	0,416938
2,999965	0,417188
3,000965	0,416438
3,001965	0,415688
3,002965	0,414939
3,003965	0,41419
3,004965	0,413442
3,005965	0,412694
3,006964	0,411947
3,007964	0,4112
3,008964	0,410454
3,009964	0,409709
3,010964	0,408963
3,011964	0,408219
3,012964	0,407474
3,013964	0,406731
3,014964	0,405987
3,015964	0,405245
3,016964	0,404503
3,017964	0,403761
3,018964	0,40302
3,019964	0,402279
3,020963	0,401539
3,021963	0,400799
3,022963	0,40006
3,023963	0,399322
3,024963	0,398584
3,025963	0,397846
3,026963	0,397109
3,027963	0,396373
3,028963	0,395636
3,029963	0,394901
3,030963	0,394166
3,031963	0,393431
3,032963	0,392698
3,033962	0,391964
3,034962	0,391231
3,035962	0,390499
3,036962	0,389767
3,037962	0,389035
3,038962	0,388305
3,039962	0,387574
3,040962	0,386844
3,041962	0,386115
3,042962	0,385386
3,043962	0,384658
3,044962	0,38393
3,045962	0,383203
3,046962	0,382476
3,047961	0,381751
3,048961	0,381024
3,049961	0,380299
3,050961	0,379575
3,051961	0,378851
3,052961	0,378127
3,053961	0,377404
3,054961	0,376682
3,055961	0,37596
3,056961	0,375238
3,057961	0,374517
3,058961	0,373797
3,059961	0,373077
3,060961	0,372358
3,06196	0,371639
3,06296	0,370921
3,06396	0,370203
3,06496	0,369486
3,06596	0,368769
3,06696	0,368053
3,06796	0,367337
3,06896	0,366623
3,06996	0,365908
3,07096	0,365194
3,07196	0,36448
3,07296	0,363768
3,07396	0,363055
3,07496	0,362343
3,075959	0,361632
3,076959	0,360921
3,077959	0,360211
3,078959	0,359501
3,079959	0,358792
3,080959	0,358084
3,081959	0,357376
3,082959	0,356668
3,083959	0,355961
3,084959	0,355254
3,085959	0,354549
3,086959	0,353843
3,087959	0,353138
3,088959	0,352434
3,089958	0,35173
3,090958	0,351027
3,091958	0,350324
3,092958	0,349622
3,093958	0,348921
3,094958	0,34822
3,095958	0,347519
3,096958	0,346819
3,097958	0,34612
3,098958	0,345421
3,099958	0,344723
3,100958	0,344025
3,101958	0,343328
3,102957	0,342631
3,103957	0,341935
3,104957	0,34124
3,105957	0,340545
3,106957	0,339851
3,107957	0,339157
3,108957	0,338463
3,109957	0,337771
3,110957	0,337079
3,111957	0,336387
3,112957	0,335696
3,113957	0,335005
3,114957	0,334315
3,115957	0,333626
3,116956	0,332937
3,117956	0,332249
3,118956	0,331561
3,119956	0,330874
3,120956	0,330187
3,121956	0,329501
3,122956	0,328816
3,123956	0,328131
3,124956	0,327447
3,125956	0,326763
3,126956	0,326079
3,127956	0,325397
3,128956	0,324715
3,129956	0,324033
3,130955	0,323352
3,131955	0,322672
3,132955	0,321992
3,133955	0,321313
3,134955	0,320634
3,135955	0,319956
3,136955	0,319278
3,137955	0,318601
3,138955	0,317925
3,139955	0,317249
3,140955	0,316573
3,141955	0,315899
3,142955	0,315225
3,143955	0,314551
3,144954	0,313878
3,145954	0,313206
3,146954	0,312534
3,147954	0,311863
3,148954	0,311192
3,149954	0,310521
3,150954	0,309852
3,151954	0,309183
3,152954	0,308514
3,153954	0,307847
3,154954	0,307179
3,155954	0,306512
3,156954	0,305847
3,157954	0,305181
3,158953	0,304516
3,159953	0,303852
3,160953	0,303188
3,161953	0,302525
3,162953	0,301862
3,163953	0,3012
3,164953	0,300538
3,165953	0,299878
3,166953	0,299217
3,167953	0,298557
3,168953	0,297898
3,169953	0,29724
3,170953	0,296582
3,171952	0,295924
3,172952	0,295268
3,173952	0,294611
3,174952	0,293956
3,175952	0,293301
3,176952	0,292646
3,177952	0,291992
3,178952	0,291339
3,179952	0,290686
3,180952	0,290034
3,181952	0,289383
3,182952	0,288732
3,183952	0,288082
3,184952	0,287432
3,185951	0,286783
3,186951	0,286134
3,187951	0,285486
3,188951	0,284839
3,189951	0,284192
3,190951	0,283546
3,191951	0,2829
3,192951	0,282255
3,193951	0,281611
3,194951	0,280967
3,195951	0,280324
3,196951	0,279681
3,197951	0,279039
3,198951	0,278398
3,19995	0,277757
3,20095	0,277117
3,20195	0,276477
3,20295	0,275838
3,20395	0,2752
3,20495	0,274562
3,20595	0,273925
3,20695	0,273289
3,20795	0,272653
3,20895	0,272017
3,20995	0,271382
3,21095	0,270748
3,21195	0,270114
3,21295	0,269482
3,213949	0,268849
3,214949	0,268218
3,215949	0,267586
3,216949	0,266956
3,217949	0,266326
3,218949	0,265697
3,219949	0,265068
3,220949	0,26444
3,221949	0,263812
3,222949	0,263186
3,223949	0,262559
3,224949	0,261934
3,225949	0,261309
3,226948	0,260684
3,227948	0,260061
3,228948	0,259437
3,229948	0,258815
3,230948	0,258193
3,231948	0,257571
3,232948	0,256951
3,233948	0,25633
3,234948	0,255711
3,235948	0,255092
3,236948	0,254474
3,237948	0,253856
3,238948	0,253239
3,239948	0,252623
3,240947	0,252007
3,241947	0,251392
3,242947	0,250777
3,243947	0,250163
3,244947	0,24955
3,245947	0,248937
3,246947	0,248325
3,247947	0,247714
3,248947	0,247103
3,249947	0,246493
3,250947	0,245883
3,251947	0,245274
3,252947	0,244666
3,253947	0,244058
3,254946	0,243451
3,255946	0,242845
3,256946	0,242239
3,257946	0,241634
3,258946	0,241029
3,259946	0,240425
3,260946	0,239822
3,261946	0,23922
3,262946	0,238617
3,263946	0,238016
3,264946	0,237415
3,265946	0,236815
3,266946	0,236216
3,267946	0,235617
3,268945	0,235018
3,269945	0,234421
3,270945	0,233824
3,271945	0,233228
3,272945	0,232632
3,273945	0,232037
3,274945	0,231442
3,275945	0,230849
3,276945	0,230256
3,277945	0,229663
3,278945	0,229071
3,279945	0,22848
3,280945	0,227889
3,281945	0,2273
3,282944	0,22671
3,283944	0,226122
3,284944	0,225534
3,285944	0,224946
3,286944	0,224359
3,287944	0,223773
3,288944	0,223188
3,289944	0,222603
3,290944	0,222019
3,291944	0,221435
3,292944	0,220853
3,293944	0,22027
3,294944	0,219689
3,295943	0,219108
3,296943	0,218528
3,297943	0,217948
3,298943	0,217369
3,299943	0,216791
3,300943	0,216213
3,301943	0,215636
3,302943	0,21506
3,303943	0,214484
3,304943	0,213909
3,305943	0,213334
3,306943	0,212761
3,307943	0,212188
3,308943	0,211615
3,309942	0,211043
3,310942	0,210472
3,311942	0,209902
3,312942	0,209332
3,313942	0,208763
3,314942	0,208194
3,315942	0,207626
3,316942	0,207059
3,317942	0,206493
3,318942	0,205927
3,319942	0,205361
3,320942	0,204797
3,321942	0,204233
3,322942	0,20367
3,323941	0,203107
3,324941	0,202545
3,325941	0,201984
3,326941	0,201423
3,327941	0,200863
3,328941	0,200304
3,329941	0,199745
3,330941	0,199187
3,331941	0,19863
3,332941	0,198074
3,333941	0,197518
3,334941	0,196962
3,335941	0,196408
3,336941	0,195854
3,33794	0,1953
3,33894	0,194748
3,33994	0,194196
3,34094	0,193645
3,34194	0,193094
3,34294	0,192544
3,34394	0,191995
3,34494	0,191446
3,34594	0,190898
3,34694	0,190351
3,34794	0,189805
3,34894	0,189259
3,34994	0,188714
3,35094	0,188169
3,351939	0,187625
3,352939	0,187082
3,353939	0,186539
3,354939	0,185997
3,355939	0,185456
3,356939	0,184916
3,357939	0,184376
3,358939	0,183837
3,359939	0,183298
3,360939	0,182761
3,361939	0,182224
3,362939	0,181687
3,363939	0,181151
3,364938	0,180616
3,365938	0,180082
3,366938	0,179548
3,367938	0,179015
3,368938	0,178483
3,369938	0,177951
3,370938	0,177421
3,371938	0,17689
3,372938	0,176361
3,373938	0,175832
3,374938	0,175304
3,375938	0,174776
3,376938	0,174249
3,377938	0,173723
3,378937	0,173198
3,379937	0,172673
3,380937	0,172149
3,381937	0,171626
3,382937	0,171103
3,383937	0,170581
3,384937	0,17006
3,385937	0,169539
3,386937	0,169019
3,387937	0,1685
3,388937	0,167981
3,389937	0,167463
3,390937	0,166946
3,391937	0,16643
3,392936	0,165914
3,393936	0,165399
3,394936	0,164885
3,395936	0,164371
3,396936	0,163858
3,397936	0,163346
3,398936	0,162834
3,399936	0,162323
3,400936	0,161813
3,401936	0,161304
3,402936	0,160795
3,403936	0,160287
3,404936	0,15978
3,405936	0,159273
3,406935	0,158767
3,407935	0,158262
3,408935	0,157757
3,409935	0,157254
3,410935	0,15675
3,411935	0,156248
3,412935	0,155746
3,413935	0,155245
3,414935	0,154745
3,415935	0,154245
3,416935	0,153746
3,417935	0,153248
3,418935	0,152751
3,419935	0,152254
3,420934	0,151758
3,421934	0,151263
3,422934	0,150768
3,423934	0,150274
3,424934	0,149781
3,425934	0,149288
3,426934	0,148796
3,427934	0,148305
3,428934	0,147815
3,429934	0,147325
3,430934	0,146836
3,431934	0,146348
3,432934	0,145861
3,433933	0,145374
3,434933	0,144888
3,435933	0,144403
3,436933	0,143918
3,437933	0,143434
3,438933	0,142951
3,439933	0,142468
3,440933	0,141987
3,441933	0,141506
3,442933	0,141025
3,443933	0,140546
3,444933	0,140067
3,445933	0,139589
3,446933	0,139111
3,447932	0,138635
3,448932	0,138159
3,449932	0,137683
3,450932	0,137209
3,451932	0,136735
3,452932	0,136262
3,453932	0,13579
3,454932	0,135318
3,455932	0,134847
3,456932	0,134377
3,457932	0,133907
3,458932	0,133439
3,459932	0,132971
3,460932	0,132503
3,461931	0,132037
3,462931	0,131571
3,463931	0,131106
3,464931	0,130642
3,465931	0,130178
3,466931	0,129715
3,467931	0,129253
3,468931	0,128792
3,469931	0,128331
3,470931	0,127871
3,471931	0,127412
3,472931	0,126954
3,473931	0,126496
3,474931	0,126039
3,47593	0,125583
3,47693	0,125127
3,47793	0,124672
3,47893	0,124218
3,47993	0,123765
3,48093	0,123312
3,48193	0,122861
3,48293	0,12241
3,48393	0,121959
3,48493	0,12151
3,48593	0,121061
3,48693	0,120613
3,48793	0,120165
3,48893	0,119719
3,489929	0,119273
3,490929	0,118828
3,491929	0,118384
3,492929	0,11794
3,493929	0,117497
3,494929	0,117055
3,495929	0,116613
3,496929	0,116173
3,497929	0,115733
3,498929	0,115294
3,499929	0,114855
3,500929	0,114418
3,501929	0,113981
3,502928	0,113545
3,503928	0,113109
3,504928	0,112675
3,505928	0,112241
3,506928	0,111808
3,507928	0,111375
3,508928	0,110944
3,509928	0,110513
3,510928	0,110083
3,511928	0,109653
3,512928	0,109225
3,513928	0,108797
3,514928	0,10837
3,515928	0,107943
3,516927	0,107518
3,517927	0,107093
3,518927	0,106669
3,519927	0,106246
3,520927	0,105823
3,521927	0,105401
3,522927	0,10498
3,523927	0,10456
3,524927	0,104141
3,525927	0,103722
3,526927	0,103304
3,527927	0,102887
3,528927	0,10247
3,529927	0,102054
3,530926	0,10164
3,531926	0,101226
3,532926	0,100812
3,533926	0,1004
3,534926	0,099988
3,535926	0,099577
3,536926	0,099166
3,537926	0,098757
3,538926	0,098348
3,539926	0,09794
3,540926	0,097533
3,541926	0,097126
3,542926	0,096721
3,543926	0,096316
3,544925	0,095911
3,545925	0,095508
3,546925	0,095105
3,547925	0,094704
3,548925	0,094303
3,549925	0,093902
3,550925	0,093503
3,551925	0,093104
3,552925	0,092706
3,553925	0,092309
3,554925	0,091912
3,555925	0,091517
3,556925	0,091122
3,557925	0,090728
3,558924	0,090335
3,559924	0,089942
3,560924	0,08955
3,561924	0,089159
3,562924	0,088769
3,563924	0,08838
3,564924	0,087991
3,565924	0,087603
3,566924	0,087216
3,567924	0,08683
3,568924	0,086445
3,569924	0,08606
3,570924	0,085676
3,571923	0,085293
3,572923	0,084911
3,573923	0,084529
3,574923	0,084148
3,575923	0,083768
3,576923	0,083389
3,577923	0,083011
3,578923	0,082633
3,579923	0,082256
3,580923	0,08188
3,581923	0,081505
3,582923	0,081131
3,583923	0,080757
3,584923	0,080384
3,585922	0,080012
3,586922	0,079641
3,587922	0,07927
3,588922	0,078901
3,589922	0,078532
3,590922	0,078164
3,591922	0,077796
3,592922	0,07743
3,593922	0,077064
3,594922	0,076699
3,595922	0,076335
3,596922	0,075972
3,597922	0,075609
3,598922	0,075247
3,599921	0,074886
3,600921	0,074526
3,601921	0,074167
3,602921	0,073808
3,603921	0,073451
3,604921	0,073094
3,605921	0,072738
3,606921	0,072382
3,607921	0,072028
3,608921	0,071674
3,609921	0,071321
3,610921	0,070969
3,611921	0,070618
3,612921	0,070267
3,61392	0,069918
3,61492	0,069569
3,61592	0,069221
3,61692	0,068873
3,61792	0,068527
3,61892	0,068181
3,61992	0,067837
3,62092	0,067492
3,62192	0,067149
3,62292	0,066807
3,62392	0,066465
3,62492	0,066124
3,62592	0,065785
3,62692	0,065445
3,627919	0,065107
3,628919	0,064769
3,629919	0,064433
3,630919	0,064097
3,631919	0,063762
3,632919	0,063428
3,633919	0,063094
3,634919	0,062761
3,635919	0,06243
3,636919	0,062099
3,637919	0,061768
3,638919	0,061439
3,639919	0,061111
3,640918	0,060783
3,641918	0,060456
3,642918	0,06013
3,643918	0,059805
3,644918	0,05948
3,645918	0,059157
3,646918	0,058834
3,647918	0,058512
3,648918	0,058191
3,649918	0,05787
3,650918	0,057551
3,651918	0,057232
3,652918	0,056914
3,653918	0,056597
3,654917	0,056281
3,655917	0,055966
3,656917	0,055651
3,657917	0,055338
3,658917	0,055025
3,659917	0,054713
3,660917	0,054401
3,661917	0,054091
3,662917	0,053781
3,663917	0,053473
3,664917	0,053165
3,665917	0,052858
3,666917	0,052551
3,667917	0,052246
3,668916	0,051942
3,669916	0,051638
3,670916	0,051335
3,671916	0,051033
3,672916	0,050732
3,673916	0,050431
3,674916	0,050132
3,675916	0,049833
3,676916	0,049535
3,677916	0,049238
3,678916	0,048942
3,679916	0,048647
3,680916	0,048352
3,681916	0,048058
3,682915	0,047766
3,683915	0,047474
3,684915	0,047182
3,685915	0,046892
3,686915	0,046603
3,687915	0,046314
3,688915	0,046026
3,689915	0,045739
3,690915	0,045453
3,691915	0,045168
3,692915	0,044884
3,693915	0,0446
3,694915	0,044317
3,695915	0,044035
3,696914	0,043754
3,697914	0,043474
3,698914	0,043195
3,699914	0,042916
3,700914	0,042639
3,701914	0,042362
3,702914	0,042086
3,703914	0,041811
3,704914	0,041537
3,705914	0,041264
3,706914	0,040991
3,707914	0,040719
3,708914	0,040449
3,709913	0,040179
3,710913	0,03991
3,711913	0,039641
3,712913	0,039374
3,713913	0,039107
3,714913	0,038842
3,715913	0,038577
3,716913	0,038313
3,717913	0,03805
3,718913	0,037788
3,719913	0,037526
3,720913	0,037266
3,721913	0,037006
3,722913	0,036747
3,723912	0,036489
3,724912	0,036232
3,725912	0,035976
3,726912	0,035721
3,727912	0,035466
3,728912	0,035213
3,729912	0,03496
3,730912	0,034708
3,731912	0,034457
3,732912	0,034207
3,733912	0,033958
3,734912	0,033709
3,735912	0,033462
3,736912	0,033215
3,737911	0,032969
3,738911	0,032724
3,739911	0,03248
3,740911	0,032237
3,741911	0,031995
3,742911	0,031753
3,743911	0,031513
3,744911	0,031273
3,745911	0,031034
3,746911	0,030796
3,747911	0,030559
3,748911	0,030323
3,749911	0,030087
3,750911	0,029853
3,75191	0,029619
3,75291	0,029387
3,75391	0,029155
3,75491	0,028924
3,75591	0,028694
3,75691	0,028464
3,75791	0,028236
3,75891	0,028009
3,75991	0,027782
3,76091	0,027556
3,76191	0,027331
3,76291	0,027108
3,76391	0,026884
3,76491	0,026662
3,765909	0,026441
3,766909	0,026221
3,767909	0,026001
3,768909	0,025782
3,769909	0,025565
3,770909	0,025348
3,771909	0,025132
3,772909	0,024917
3,773909	0,024702
3,774909	0,024489
3,775909	0,024277
3,776909	0,024065
3,777909	0,023854
3,778908	0,023645
3,779908	0,023436
3,780908	0,023228
3,781908	0,023021
3,782908	0,022814
3,783908	0,022609
3,784908	0,022405
3,785908	0,022201
3,786908	0,021998
3,787908	0,021797
3,788908	0,021596
3,789908	0,021396
3,790908	0,021197
3,791908	0,020999
3,792907	0,020801
3,793907	0,020605
3,794907	0,020409
3,795907	0,020215
3,796907	0,020021
3,797907	0,019828
3,798907	0,019636
3,799907	0,019445
3,800907	0,019255
3,801907	0,019066
3,802907	0,018878
3,803907	0,01869
3,804907	0,018504
3,805907	0,018318
3,806906	0,018134
3,807906	0,01795
3,808906	0,017767
3,809906	0,017585
3,810906	0,017404
3,811906	0,017224
3,812906	0,017045
3,813906	0,016866
3,814906	0,016689
3,815906	0,016512
3,816906	0,016337
3,817906	0,016162
3,818906	0,015988
3,819906	0,015815
3,820905	0,015643
3,821905	0,015472
3,822905	0,015302
3,823905	0,015133
3,824905	0,014964
3,825905	0,014797
3,826905	0,01463
3,827905	0,014465
3,828905	0,0143
3,829905	0,014136
3,830905	0,013973
3,831905	0,013811
3,832905	0,01365
3,833905	0,01349
3,834904	0,013331
3,835904	0,013173
3,836904	0,013015
3,837904	0,012859
3,838904	0,012703
3,839904	0,012549
3,840904	0,012395
3,841904	0,012242
3,842904	0,01209
3,843904	0,01194
3,844904	0,01179
3,845904	0,01164
3,846904	0,011492
3,847903	0,011345
3,848903	0,011199
3,849903	0,011053
3,850903	0,010909
3,851903	0,010765
3,852903	0,010623
3,853903	0,010481
3,854903	0,01034
3,855903	0,0102
3,856903	0,010062
3,857903	0,009924
3,858903	0,009786
3,859903	0,00965
3,860903	0,009515
3,861902	0,009381
3,862902	0,009248
3,863902	0,009115
3,864902	0,008984
3,865902	0,008853
3,866902	0,008724
3,867902	0,008595
3,868902	0,008467
3,869902	0,00834
3,870902	0,008215
3,871902	0,00809
3,872902	0,007966
3,873902	0,007843
3,874902	0,00772
3,875901	0,007599
3,876901	0,007479
3,877901	0,00736
3,878901	0,007241
3,879901	0,007124
3,880901	0,007007
3,881901	0,006892
3,882901	0,006777
3,883901	0,006664
3,884901	0,006551
3,885901	0,006439
3,886901	0,006328
3,887901	0,006218
3,888901	0,006109
3,8899	0,006001
3,8909	0,005894
3,8919	0,005788
3,8929	0,005683
3,8939	0,005579
3,8949	0,005476
3,8959	0,005373
3,8969	0,005272
3,8979	0,005171
3,8989	0,005072
3,8999	0,004973
3,9009	0,004876
3,9019	0,004779
3,9029	0,004683
3,903899	0,004589
3,904899	0,004495
3,905899	0,004402
3,906899	0,00431
3,907899	0,004219
3,908899	0,004129
3,909899	0,00404
3,910899	0,003952
3,911899	0,003865
3,912899	0,003779
3,913899	0,003694
3,914899	0,00361
3,915899	0,003526
3,916898	0,003444
3,917898	0,003363
3,918898	0,003282
3,919898	0,003203
3,920898	0,003124
3,921898	0,003047
3,922898	0,00297
3,923898	0,002895
3,924898	0,00282
3,925898	0,002746
3,926898	0,002674
3,927898	0,002602
3,928898	0,002531
3,929898	0,002461
3,930897	0,002392
3,931897	0,002325
3,932897	0,002258
3,933897	0,002192
3,934897	0,002127
3,935897	0,002063
3,936897	0,002
3,937897	0,001937
3,938897	0,001876
3,939897	0,001816
3,940897	0,001757
3,941897	0,001699
3,942897	0,001642
3,943897	0,001585
3,944896	0,00153
3,945896	0,001476
3,946896	0,001422
3,947896	0,00137
3,948896	0,001319
3,949896	0,001268
3,950896	0,001219
3,951896	0,00117
3,952896	0,001123
3,953896	0,001076
3,954896	0,001031
3,955896	0,000986
3,956896	0,000942
3,957896	0,0009
3,958895	0,000858
3,959895	0,000818
3,960895	0,000778
3,961895	0,000739
3,962895	0,000701
3,963895	0,000665
3,964895	0,000629
3,965895	0,000594
3,966895	0,00056
3,967895	0,000528
3,968895	0,000496
3,969895	0,000465
3,970895	0,000435
3,971895	0,000406
3,972894	0,000378
3,973894	0,000351
3,974894	0,000326
3,975894	0,000301
3,976894	0,000277
3,977894	0,000254
3,978894	0,000232
3,979894	0,000211
3,980894	0,000191
3,981894	0,000172
3,982894	0,000154
3,983894	0,000137
3,984894	0,000121
3,985893	0,000106
3,986893	0,000092
3,987893	0,000079
3,988893	0,000067
3,989893	0,000056
3,990893	0,000046
3,991893	0,000037
3,992893	0,000029
3,993893	0,000021
3,994893	0,000015
3,995893	0,00001
3,996893	0,000006
3,997893	0,000003
3,998893	0,000001
3,999892	0
4,000893	0
4,001893	0
4,002892	0
4,003892	0
4,004892	0
4,005892	0
4,006892	0
4,007892	0
4,008892	0
4,009892	0
4,010892	0
4,011892	0
4,012892	0
4,013892	0
4,014892	0
4,015892	0
4,016891	0
4,017891	0
4,018891	0
4,019891	0
4,020891	0
4,021891	0
4,022891	0
4,023891	0
4,024891	0
4,025891	0
4,026891	0
4,027891	0
4,028891	0
4,029891	0
4,03089	0
4,03189	0
4,03289	0
4,03389	0
4,03489	0
4,03589	0
4,03689	0
4,03789	0
4,03889	0
4,03989	0
4,04089	0
4,04189	0
4,04289	0
4,04389	0
4,044889	0
4,045889	0
4,046889	0
4,047889	0
4,048889	0
4,049889	0
4,050889	0
4,051889	0
4,052889	0
4,053889	0
4,054889	0
4,055889	0
4,056889	0
4,057889	0
4,058888	0
4,059888	0
4,060888	0
4,061888	0
4,062888	0
4,063888	0
4,064888	0
4,065888	0
4,066888	0
4,067888	0
4,068888	0
4,069888	0
4,070888	0
4,071887	0
4,072887	0
4,073887	0
4,074887	0
4,075887	0
4,076887	0
4,077887	0
4,078887	0
4,079887	0
4,080887	0
4,081887	0
4,082887	0
4,083887	0
4,084887	0
4,085886	0
4,086886	0
4,087886	0
4,088886	0
4,089886	0
4,090886	0
4,091886	0
4,092886	0
4,093886	0
4,094886	0
4,095886	0
4,096886	0
4,097886	0
4,098886	0
4,099885	0
4,100885	0
4,101885	0
4,102885	0
4,103885	0
4,104885	0
4,105885	0
4,106885	0
4,107885	0
4,108885	0
4,109885	0
4,110885	0
4,111885	0
4,112885	0
4,113884	0
4,114884	0
4,115884	0
4,116884	0
4,117884	0
4,118884	0
4,119884	0
4,120884	0
4,121884	0
4,122884	0
4,123884	0
4,124884	0
4,125884	0
4,126884	0
4,127883	0
4,128883	0
4,129883	0
4,130883	0
4,131883	0
4,132883	0
4,133883	0
4,134883	0
4,135883	0
4,136883	0
4,137883	0
4,138883	0
4,139883	0
4,140882	0
4,141882	0
4,142882	0
4,143882	0
4,144882	0
4,145882	0
4,146882	0
4,147882	0
4,148882	0
4,149882	0
4,150882	0
4,151882	0
4,152882	0
4,153882	0
4,154881	0
4,155881	0
4,156881	0
4,157881	0
4,158881	0
4,159881	0
4,160881	0
4,161881	0
4,162881	0
4,163881	0
4,164881	0
4,165881	0
4,166881	0
4,167881	0
4,16888	0
4,16988	0
4,17088	0
4,17188	0
4,17288	0
4,17388	0
4,17488	0
4,17588	0
4,17688	0
4,17788	0
4,17888	0
4,17988	0
4,18088	0
4,18188	0
4,182879	0
4,183879	0
4,184879	0
4,185879	0
4,186879	0
4,187879	0
4,188879	0
4,189879	0
4,190879	0
4,191879	0
4,192879	0
4,193879	0
4,194879	0
4,195879	0
4,196878	0
4,197878	0
4,198878	0
4,199878	0
4,200878	0
4,201878	0
4,202878	0
4,203878	0
4,204878	0
4,205878	0
4,206878	0
4,207878	0
4,208878	0
4,209877	0
4,210877	0
4,211877	0
4,212877	0
4,213877	0
4,214877	0
4,215877	0
4,216877	0
4,217877	0
4,218877	0
4,219877	0
4,220877	0
4,221877	0
4,222877	0
4,223876	0
4,224876	0
4,225876	0
4,226876	0
4,227876	0
4,228876	0
4,229876	0
4,230876	0
4,231876	0
4,232876	0
4,233876	0
4,234876	0
4,235876	0
4,236876	0
4,237875	0
4,238875	0
4,239875	0
4,240875	0
4,241875	0
4,242875	0
4,243875	0
4,244875	0
4,245875	0
4,246875	0
4,247875	0
4,248875	0
4,249875	0
4,250875	0
4,251874	0
4,252874	0
4,253874	0
4,254874	0
4,255874	0
4,256874	0
4,257874	0
4,258874	0
4,259874	0
4,260874	0
4,261874	0
4,262874	0
4,263874	0
4,264874	0
4,265873	0
4,266873	0
4,267873	0
4,268873	0
4,269873	0
4,270873	0
4,271873	0
4,272873	0
4,273873	0
4,274873	0
4,275873	0
4,276873	0
4,277873	0
4,278872	0
4,279872	0
4,280872	0
4,281872	0
4,282872	0
4,283872	0
4,284872	0
4,285872	0
4,286872	0
4,287872	0
4,288872	0
4,289872	0
4,290872	0
4,291872	0
4,292871	0
4,293871	0
4,294871	0
4,295871	0
4,296871	0
4,297871	0
4,298871	0
4,299871	0
4,300871	0
4,301871	0
4,302871	0
4,303871	0
4,304871	0
4,305871	0
4,30687	0
4,30787	0
4,30887	0
4,30987	0
4,31087	0
4,31187	0
4,31287	0
4,31387	0
4,31487	0
4,31587	0
4,31687	0
4,31787	0
4,31887	0
4,31987	0
4,320869	0
4,321869	0
4,322869	0
4,323869	0
4,324869	0
4,325869	0
4,326869	0
4,327869	0
4,328869	0
4,329869	0
4,330869	0
4,331869	0
4,332869	0
4,333869	0
4,334868	0
4,335868	0
4,336868	0
4,337868	0
4,338868	0
4,339868	0
4,340868	0
4,341868	0
4,342868	0
4,343868	0
4,344868	0
4,345868	0
4,346868	0
4,347867	0
4,348867	0
4,349867	0
4,350867	0
4,351867	0
4,352867	0
4,353867	0
4,354867	0
4,355867	0
4,356867	0
4,357867	0
4,358867	0
4,359867	0
4,360867	0
4,361866	0
4,362866	0
4,363866	0
4,364866	0
4,365866	0
4,366866	0
4,367866	0
4,368866	0
4,369866	0
4,370866	0
4,371866	0
4,372866	0
4,373866	0
4,374866	0
4,375865	0
4,376865	0
4,377865	0
4,378865	0
4,379865	0
4,380865	0
4,381865	0
4,382865	0
4,383865	0
4,384865	0
4,385865	0
4,386865	0
4,387865	0
4,388865	0
4,389864	0
4,390864	0
4,391864	0
4,392864	0
4,393864	0
4,394864	0
4,395864	0
4,396864	0
4,397864	0
4,398864	0
4,399864	0
4,400864	0
4,401864	0
4,402864	0
4,403863	0
4,404863	0
4,405863	0
4,406863	0
4,407863	0
4,408863	0
4,409863	0
4,410863	0
4,411863	0
4,412863	0
4,413863	0
4,414863	0
4,415863	0
4,416862	0
4,417862	0
4,418862	0
4,419862	0
4,420862	0
4,421862	0
4,422862	0
4,423862	0
4,424862	0
4,425862	0
4,426862	0
4,427862	0
4,428862	0
4,429862	0
4,430861	0
4,431861	0
4,432861	0
4,433861	0
4,434861	0
4,435861	0
4,436861	0
4,437861	0
4,438861	0
4,439861	0
4,440861	0
4,441861	0
4,442861	0
4,443861	0
4,44486	0
4,44586	0
4,44686	0
4,44786	0
4,44886	0
4,44986	0
4,45086	0
4,45186	0
4,45286	0
4,45386	0
4,45486	0
4,45586	0
4,45686	0
4,45786	0
4,458859	0
4,459859	0
4,460859	0
4,461859	0
4,462859	0
4,463859	0
4,464859	0
4,465859	0
4,466859	0
4,467859	0
4,468859	0
4,469859	0
4,470859	0
4,471859	0
4,472858	0
4,473858	0
4,474858	0
4,475858	0
4,476858	0
4,477858	0
4,478858	0
4,479858	0
4,480858	0
4,481858	0
4,482858	0
4,483858	0
4,484858	0
4,485857	0
4,486857	0
4,487857	0
4,488857	0
4,489857	0
4,490857	0
4,491857	0
4,492857	0
4,493857	0
4,494857	0
4,495857	0
4,496857	0
4,497857	0
4,498857	0
4,499856	0
4,500856	0
4,501856	0
4,502856	0
4,503856	0
4,504856	0
4,505856	0
4,506856	0
4,507856	0
4,508856	0
4,509856	0
4,510856	0
4,511856	0
4,512856	0
4,513855	0
4,514855	0
4,515855	0
4,516855	0
4,517855	0
4,518855	0
4,519855	0
4,520855	0
4,521855	0
4,522855	0
4,523855	0
4,524855	0
4,525855	0
4,526855	0
4,527854	0
4,528854	0
4,529854	0
4,530854	0
4,531854	0
4,532854	0
4,533854	0
4,534854	0
4,535854	0
4,536854	0
4,537854	0
4,538854	0
4,539854	0
4,540854	0
4,541853	0
4,542853	0
4,543853	0
4,544853	0
4,545853	0
4,546853	0
4,547853	0
4,548853	0
4,549853	0
4,550853	0
4,551853	0
4,552853	0
4,553853	0
4,554852	0
4,555852	0
4,556852	0
4,557852	0
4,558852	0
4,559852	0
4,560852	0
4,561852	0
4,562852	0
4,563852	0
4,564852	0
4,565852	0
4,566852	0
4,567852	0
4,568851	0
4,569851	0
4,570851	0
4,571851	0
4,572851	0
4,573851	0
4,574851	0
4,575851	0
4,576851	0
4,577851	0
4,578851	0
4,579851	0
4,580851	0
4,581851	0
4,58285	0
4,58385	0
4,58485	0
4,58585	0
4,58685	0
4,58785	0
4,58885	0
4,58985	0
4,59085	0
4,59185	0
4,59285	0
4,59385	0
4,59485	0
4,59585	0
4,596849	0
4,597849	0
4,598849	0
4,599849	0
4,600849	0
4,601849	0
4,602849	0
4,603849	0
4,604849	0
4,605849	0
4,606849	0
4,607849	0
4,608849	0
4,609848	0
4,610848	0
4,611848	0
4,612848	0
4,613848	0
4,614848	0
4,615848	0
4,616848	0
4,617848	0
4,618848	0
4,619848	0
4,620848	0
4,621848	0
4,622848	0
4,623847	0
4,624847	0
4,625847	0
4,626847	0
4,627847	0
4,628847	0
4,629847	0
4,630847	0
4,631847	0
4,632847	0
4,633847	0
4,634847	0
4,635847	0
4,636847	0
4,637846	0
4,638846	0
4,639846	0
4,640846	0
4,641846	0
4,642846	0
4,643846	0
4,644846	0
4,645846	0
4,646846	0
4,647846	0
4,648846	0
4,649846	0
4,650846	0
4,651845	0
4,652845	0
4,653845	0
4,654845	0
4,655845	0
4,656845	0
4,657845	0
4,658845	0
4,659845	0
4,660845	0
4,661845	0
4,662845	0
4,663845	0
4,664845	0
4,665844	0
4,666844	0
4,667844	0
4,668844	0
4,669844	0
4,670844	0
4,671844	0
4,672844	0
4,673844	0
4,674844	0
4,675844	0
4,676844	0
4,677844	0
4,678843	0
4,679843	0
4,680843	0
4,681843	0
4,682843	0
4,683843	0
4,684843	0
4,685843	0
4,686843	0
4,687843	0
4,688843	0
4,689843	0
4,690843	0
4,691843	0
4,692842	0
4,693842	0
4,694842	0
4,695842	0
4,696842	0
4,697842	0
4,698842	0
4,699842	0
4,700842	0
4,701842	0
4,702842	0
4,703842	0
4,704842	0
4,705842	0
4,706841	0
4,707841	0
4,708841	0
4,709841	0
4,710841	0
4,711841	0
4,712841	0
4,713841	0
4,714841	0
4,715841	0
4,716841	0
4,717841	0
4,718841	0
4,719841	0
4,72084	0
4,72184	0
4,72284	0
4,72384	0
4,72484	0
4,72584	0
4,72684	0
4,72784	0
4,72884	0
4,72984	0
4,73084	0
4,73184	0
4,73284	0
4,73384	0
4,734839	0
4,735839	0
4,736839	0
4,737839	0
4,738839	0
4,739839	0
4,740839	0
4,741839	0
4,742839	0
4,743839	0
4,744839	0
4,745839	0
4,746839	0
4,747838	0
4,748838	0
4,749838	0
4,750838	0
4,751838	0
4,752838	0
4,753838	0
4,754838	0
4,755838	0
4,756838	0
4,757838	0
4,758838	0
4,759838	0
4,760838	0
4,761837	0
4,762837	0
4,763837	0
4,764837	0
4,765837	0
4,766837	0
4,767837	0
4,768837	0
4,769837	0
4,770837	0
4,771837	0
4,772837	0
4,773837	0
4,774837	0
4,775836	0
4,776836	0
4,777836	0
4,778836	0
4,779836	0
4,780836	0
4,781836	0
4,782836	0
4,783836	0
4,784836	0
4,785836	0
4,786836	0
4,787836	0
4,788836	0
4,789835	0
4,790835	0
4,791835	0
4,792835	0
4,793835	0
4,794835	0
4,795835	0
4,796835	0
4,797835	0
4,798835	0
4,799835	0
4,800835	0
4,801835	0
4,802835	0
4,803834	0
4,804834	0
4,805834	0
4,806834	0
4,807834	0
4,808834	0
4,809834	0
4,810834	0
4,811834	0
4,812834	0
4,813834	0
4,814834	0
4,815834	0
4,816833	0
4,817833	0
4,818833	0
4,819833	0
4,820833	0
4,821833	0
4,822833	0
4,823833	0
4,824833	0
4,825833	0
4,826833	0
4,827833	0
4,828833	0
4,829833	0
4,830832	0
4,831832	0
4,832832	0
4,833832	0
4,834832	0
4,835832	0
4,836832	0
4,837832	0
4,838832	0
4,839832	0
4,840832	0
4,841832	0
4,842832	0
4,843832	0
4,844831	0
4,845831	0
4,846831	0
4,847831	0
4,848831	0
4,849831	0
4,850831	0
4,851831	0
4,852831	0
4,853831	0
4,854831	0
4,855831	0
4,856831	0
4,857831	0
4,85883	0
4,85983	0
4,86083	0
4,86183	0
4,86283	0
4,86383	0
4,86483	0
4,86583	0
4,86683	0
4,86783	0
4,86883	0
4,86983	0
4,87083	0
4,87183	0
4,872829	0
4,873829	0
4,874829	0
4,875829	0
4,876829	0
4,877829	0
4,878829	0
4,879829	0
4,880829	0
4,881829	0
4,882829	0
4,883829	0
4,884829	0
4,885828	0
4,886828	0
4,887828	0
4,888828	0
4,889828	0
4,890828	0
4,891828	0
4,892828	0
4,893828	0
4,894828	0
4,895828	0
4,896828	0
4,897828	0
4,898828	0
4,899827	0
4,900827	0
4,901827	0
4,902827	0
4,903827	0
4,904827	0
4,905827	0
4,906827	0
4,907827	0
4,908827	0
4,909827	0
4,910827	0
4,911827	0
4,912827	0
4,913826	0
4,914826	0
4,915826	0
4,916826	0
4,917826	0
4,918826	0
4,919826	0
4,920826	0
4,921826	0
4,922826	0
4,923826	0
4,924826	0
4,925826	0
4,926826	0
4,927825	0
4,928825	0
4,929825	0
4,930825	0
4,931825	0
4,932825	0
4,933825	0
4,934825	0
4,935825	0
4,936825	0
4,937825	0
4,938825	0
4,939825	0
4,940825	0
4,941824	0
4,942824	0
4,943824	0
4,944824	0
4,945824	0
4,946824	0
4,947824	0
4,948824	0
4,949824	0
4,950824	0
4,951824	0
4,952824	0
4,953824	0
4,954823	0
4,955823	0
4,956823	0
4,957823	0
4,958823	0
4,959823	0
4,960823	0
4,961823	0
4,962823	0
4,963823	0
4,964823	0
4,965823	0
4,966823	0
4,967823	0
4,968822	0
4,969822	0
4,970822	0
4,971822	0
4,972822	0
4,973822	0
4,974822	0
4,975822	0
4,976822	0
4,977822	0
4,978822	0
4,979822	0
4,980822	0
4,981822	0
4,982821	0
4,983821	0
4,984821	0
4,985821	0
4,986821	0
4,987821	0
4,988821	0
4,989821	0
4,990821	0
4,991821	0
4,992821	0
4,993821	0
4,994821	0
4,995821	0
4,99682	0
4,99782	0
4,99882	0
4,99982	0
5,00082	0
5,00182	0
5,00282	0
5,00382	0
5,00482	0
5,00582	0
5,00682	0
5,00782	0
5,00882	0
5,00982	0
5,010819	0
5,011819	0
5,012819	0
5,013819	0
5,014819	0
5,015819	0
5,016819	0
5,017819	0
5,018819	0
5,019819	0
5,020819	0
5,021819	0
5,022819	0
5,023818	0
5,024818	0
5,025818	0
5,026818	0
5,027818	0
5,028818	0
5,029818	0
5,030818	0
5,031818	0
5,032818	0
5,033818	0
5,034818	0
5,035818	0
5,036818	0
5,037817	0
5,038817	0
5,039817	0
5,040817	0
5,041817	0
5,042817	0
5,043817	0
5,044817	0
5,045817	0
5,046817	0
5,047817	0
5,048817	0
5,049817	0
5,050817	0
5,051816	0
5,052816	0
5,053816	0
5,054816	0
5,055816	0
5,056816	0
5,057816	0
5,058816	0
5,059816	0
5,060816	0
5,061816	0
5,062816	0
5,063816	0
5,064816	0
5,065815	0
5,066815	0
5,067815	0
5,068815	0
5,069815	0
5,070815	0
5,071815	0
5,072815	0
5,073815	0
5,074815	0
5,075815	0
5,076815	0
5,077815	0
5,078815	0
5,079814	0
5,080814	0
5,081814	0
5,082814	0
5,083814	0
5,084814	0
5,085814	0
5,086814	0
5,087814	0
5,088814	0
5,089814	0
5,090814	0
5,091814	0
5,092813	0
5,093813	0
5,094813	0
5,095813	0
5,096813	0
5,097813	0
5,098813	0
5,099813	0
5,100813	0
5,101813	0
5,102813	0
5,103813	0
5,104813	0
5,105813	0
5,106812	0
5,107812	0
5,108812	0
5,109812	0
5,110812	0
5,111812	0
5,112812	0
5,113812	0
5,114812	0
5,115812	0
5,116812	0
5,117812	0
5,118812	0
5,119812	0
5,120811	0
5,121811	0
5,122811	0
5,123811	0
5,124811	0
5,125811	0
5,126811	0
5,127811	0
5,128811	0
5,129811	0
5,130811	0
5,131811	0
5,132811	0
5,133811	0
5,13481	0
5,13581	0
5,13681	0
5,13781	0
5,13881	0
5,13981	0
5,14081	0
5,14181	0
5,14281	0
5,14381	0
5,14481	0
5,14581	0
5,14681	0
5,14781	0
5,148809	0
5,149809	0
5,150809	0
5,151809	0
5,152809	0
5,153809	0
5,154809	0
5,155809	0
5,156809	0
5,157809	0
5,158809	0
5,159809	0
5,160809	0
5,161808	0
5,162808	0
5,163808	0
5,164808	0
5,165808	0
5,166808	0
5,167808	0
5,168808	0
5,169808	0
5,170808	0
5,171808	0
5,172808	0
5,173808	0
5,174808	0
5,175807	0
5,176807	0
5,177807	0
5,178807	0
5,179807	0
5,180807	0
5,181807	0
5,182807	0
5,183807	0
5,184807	0
5,185807	0
5,186807	0
5,187807	0
5,188807	0
5,189806	0
5,190806	0
5,191806	0
5,192806	0
5,193806	0
5,194806	0
5,195806	0
5,196806	0
5,197806	0
5,198806	0
5,199806	0
5,200806	0
5,201806	0
5,202806	0
5,203805	0
5,204805	0
5,205805	0
5,206805	0
5,207805	0
5,208805	0
5,209805	0
5,210805	0
5,211805	0
5,212805	0
5,213805	0
5,214805	0
5,215805	0
5,216805	0
5,217804	0
5,218804	0
5,219804	0
5,220804	0
5,221804	0
5,222804	0
5,223804	0
5,224804	0
5,225804	0
5,226804	0
5,227804	0
5,228804	0
5,229804	0
5,230803	0
5,231803	0
5,232803	0
5,233803	0
5,234803	0
5,235803	0
5,236803	0
5,237803	0
5,238803	0
5,239803	0
5,240803	0
5,241803	0
5,242803	0
5,243803	0
5,244802	0
5,245802	0
5,246802	0
5,247802	0
5,248802	0
5,249802	0
5,250802	0
5,251802	0
5,252802	0
5,253802	0
5,254802	0
5,255802	0
5,256802	0
5,257802	0
5,258801	0
5,259801	0
5,260801	0
5,261801	0
5,262801	0
5,263801	0
5,264801	0
5,265801	0
5,266801	0
5,267801	0
5,268801	0
5,269801	0
5,270801	0
5,271801	0
5,2728	0
5,2738	0
5,2748	0
5,2758	0
5,2768	0
5,2778	0
5,2788	0
5,2798	0
5,2808	0
5,2818	0
5,2828	0
5,2838	0
5,2848	0
5,2858	0
5,286799	0
5,287799	0
5,288799	0
5,289799	0
5,290799	0
5,291799	0
5,292799	0
5,293799	0
5,294799	0
5,295799	0
5,296799	0
5,297799	0
5,298799	0
5,299798	0
5,300798	0
5,301798	0
5,302798	0
5,303798	0
5,304798	0
5,305798	0
5,306798	0
5,307798	0
5,308798	0
5,309798	0
5,310798	0
5,311798	0
5,312798	0
5,313797	0
5,314797	0
5,315797	0
5,316797	0
5,317797	0
5,318797	0
5,319797	0
5,320797	0
5,321797	0
5,322797	0
5,323797	0
5,324797	0
5,325797	0
5,326797	0
5,327796	0
5,328796	0
5,329796	0
5,330796	0
5,331796	0
5,332796	0
5,333796	0
5,334796	0
5,335796	0
5,336796	0
5,337796	0
5,338796	0
5,339796	0
5,340796	0
5,341795	0
5,342795	0
5,343795	0
5,344795	0
5,345795	0
5,346795	0
5,347795	0
5,348795	0
5,349795	0
5,350795	0
5,351795	0
5,352795	0
5,353795	0
5,354795	0
5,355794	0
5,356794	0
5,357794	0
5,358794	0
5,359794	0
5,360794	0
5,361794	0
5,362794	0
5,363794	0
5,364794	0
5,365794	0
5,366794	0
5,367794	0
5,368793	0
5,369793	0
5,370793	0
5,371793	0
5,372793	0
5,373793	0
5,374793	0
5,375793	0
5,376793	0
5,377793	0
5,378793	0
5,379793	0
5,380793	0
5,381793	0
5,382792	0
5,383792	0
5,384792	0
5,385792	0
5,386792	0
5,387792	0
5,388792	0
5,389792	0
5,390792	0
5,391792	0
5,392792	0
5,393792	0
5,394792	0
5,395792	0
5,396791	0
5,397791	0
5,398791	0
5,399791	0
5,400791	0
5,401791	0
5,402791	0
5,403791	0
5,404791	0
5,405791	0
5,406791	0
5,407791	0
5,408791	0
5,409791	0
5,41079	0
5,41179	0
5,41279	0
5,41379	0
5,41479	0
5,41579	0
5,41679	0
5,41779	0
5,41879	0
5,41979	0
5,42079	0
5,42179	0
5,42279	0
5,42379	0
5,424789	0
5,425789	0
5,426789	0
5,427789	0
5,428789	0
5,429789	0
5,430789	0
5,431789	0
5,432789	0
5,433789	0
5,434789	0
5,435789	0
5,436789	0
5,437788	0
5,438788	0
5,439788	0
5,440788	0
5,441788	0
5,442788	0
5,443788	0
5,444788	0
5,445788	0
5,446788	0
5,447788	0
5,448788	0
5,449788	0
5,450788	0
5,451787	0
5,452787	0
5,453787	0
5,454787	0
5,455787	0
5,456787	0
5,457787	0
5,458787	0
5,459787	0
5,460787	0
5,461787	0
5,462787	0
5,463787	0
5,464787	0
5,465786	0
5,466786	0
5,467786	0
5,468786	0
5,469786	0
5,470786	0
5,471786	0
5,472786	0
5,473786	0
5,474786	0
5,475786	0
5,476786	0
5,477786	0
5,478786	0
5,479785	0
5,480785	0
5,481785	0
5,482785	0
5,483785	0
5,484785	0
5,485785	0
5,486785	0
5,487785	0
5,488785	0
5,489785	0
5,490785	0
5,491785	0
5,492785	0
5,493784	0
5,494784	0
5,495784	0
5,496784	0
5,497784	0
5,498784	0
5,499784	0
5,500784	0
5,501784	0
5,502784	0
5,503784	0
5,504784	0
5,505784	0
5,506783	0
5,507783	0
5,508783	0
5,509783	0
5,510783	0
5,511783	0
5,512783	0
5,513783	0
5,514783	0
5,515783	0
5,516783	0
5,517783	0
5,518783	0
5,519783	0
5,520782	0
5,521782	0
5,522782	0
5,523782	0
5,524782	0
5,525782	0
5,526782	0
5,527782	0
5,528782	0
5,529782	0
5,530782	0
5,531782	0
5,532782	0
5,533782	0
5,534781	0
5,535781	0
5,536781	0
5,537781	0
5,538781	0
5,539781	0
5,540781	0
5,541781	0
5,542781	0
5,543781	0
5,544781	0
5,545781	0
5,546781	0
5,547781	0
5,54878	0
5,54978	0
5,55078	0
5,55178	0
5,55278	0
5,55378	0
5,55478	0
5,55578	0
5,55678	0
5,55778	0
5,55878	0
5,55978	0
5,56078	0
5,561779	0
5,562779	0
5,563779	0
5,564779	0
5,565779	0
5,566779	0
5,567779	0
5,568779	0
5,569779	0
5,570779	0
5,571779	0
5,572779	0
5,573779	0
5,574779	0
5,575778	0
5,576778	0
5,577778	0
5,578778	0
5,579778	0
5,580778	0
5,581778	0
5,582778	0
5,583778	0
5,584778	0
5,585778	0
5,586778	0
5,587778	0
5,588778	0
5,589777	0
5,590777	0
5,591777	0
5,592777	0
5,593777	0
5,594777	0
5,595777	0
5,596777	0
5,597777	0
5,598777	0
5,599777	0
5,600777	0
5,601777	0
5,602777	0
5,603776	0
5,604776	0
5,605776	0
5,606776	0
5,607776	0
5,608776	0
5,609776	0
5,610776	0
5,611776	0
5,612776	0
5,613776	0
5,614776	0
5,615776	0
5,616776	0
5,617775	0
5,618775	0
5,619775	0
5,620775	0
5,621775	0
5,622775	0
5,623775	0
5,624775	0
5,625775	0
5,626775	0
5,627775	0
5,628775	0
5,629775	0
5,630774	0
5,631774	0
5,632774	0
5,633774	0
5,634774	0
5,635774	0
5,636774	0
5,637774	0
5,638774	0
5,639774	0
5,640774	0
5,641774	0
5,642774	0
5,643774	0
5,644773	0
5,645773	0
5,646773	0
5,647773	0
5,648773	0
5,649773	0
5,650773	0
5,651773	0
5,652773	0
5,653773	0
5,654773	0
5,655773	0
5,656773	0
5,657773	0
5,658772	0
5,659772	0
5,660772	0
5,661772	0
5,662772	0
5,663772	0
5,664772	0
5,665772	0
5,666772	0
5,667772	0
5,668772	0
5,669772	0
5,670772	0
5,671772	0
5,672771	0
5,673771	0
5,674771	0
5,675771	0
5,676771	0
5,677771	0
5,678771	0
5,679771	0
5,680771	0
5,681771	0
5,682771	0
5,683771	0
5,684771	0
5,685771	0
5,68677	0
5,68777	0
5,68877	0
5,68977	0
5,69077	0
5,69177	0
5,69277	0
5,69377	0
5,69477	0
5,69577	0
5,69677	0
5,69777	0
5,69877	0
5,699769	0
5,700769	0
5,701769	0
5,702769	0
5,703769	0
5,704769	0
5,705769	0
5,706769	0
5,707769	0
5,708769	0
5,709769	0
5,710769	0
5,711769	0
5,712769	0
5,713768	0
5,714768	0
5,715768	0
5,716768	0
5,717768	0
5,718768	0
5,719768	0
5,720768	0
5,721768	0
5,722768	0
5,723768	0
5,724768	0
5,725768	0
5,726768	0
5,727767	0
5,728767	0
5,729767	0
5,730767	0
5,731767	0
5,732767	0
5,733767	0
5,734767	0
5,735767	0
5,736767	0
5,737767	0
5,738767	0
5,739767	0
5,740767	0
5,741766	0
5,742766	0
5,743766	0
5,744766	0
5,745766	0
5,746766	0
5,747766	0
5,748766	0
5,749766	0
5,750766	0
5,751766	0
5,752766	0
5,753766	0
5,754766	0
5,755765	0
5,756765	0
5,757765	0
5,758765	0
5,759765	0
5,760765	0
5,761765	0
5,762765	0
5,763765	0
5,764765	0
5,765765	0
5,766765	0
5,767765	0
5,768764	0
5,769764	0
5,770764	0
5,771764	0
5,772764	0
5,773764	0
5,774764	0
5,775764	0
5,776764	0
5,777764	0
5,778764	0
5,779764	0
5,780764	0
5,781764	0
5,782763	0
5,783763	0
5,784763	0
5,785763	0
5,786763	0
5,787763	0
5,788763	0
5,789763	0
5,790763	0
5,791763	0
5,792763	0
5,793763	0
5,794763	0
5,795763	0
5,796762	0
5,797762	0
5,798762	0
5,799762	0
5,800762	0
5,801762	0
5,802762	0
5,803762	0
5,804762	0
5,805762	0
5,806762	0
5,807762	0
5,808762	0
5,809762	0
5,810761	0
5,811761	0
5,812761	0
5,813761	0
5,814761	0
5,815761	0
5,816761	0
5,817761	0
5,818761	0
5,819761	0
5,820761	0
5,821761	0
5,822761	0
5,823761	0
5,82476	0
5,82576	0
5,82676	0
5,82776	0
5,82876	0
5,82976	0
5,83076	0
5,83176	0
5,83276	0
5,83376	0
5,83476	0
5,83576	0
5,83676	0
5,837759	0
5,838759	0
5,839759	0
5,840759	0
5,841759	0
5,842759	0
5,843759	0
5,844759	0
5,845759	0
5,846759	0
5,847759	0
5,848759	0
5,849759	0
5,850759	0
5,851758	0
5,852758	0
5,853758	0
5,854758	0
5,855758	0
5,856758	0
5,857758	0
5,858758	0
5,859758	0
5,860758	0
5,861758	0
5,862758	0
5,863758	0
5,864758	0
5,865757	0
5,866757	0
5,867757	0
5,868757	0
5,869757	0
5,870757	0
5,871757	0
5,872757	0
5,873757	0
5,874757	0
5,875757	0
5,876757	0
5,877757	0
5,878757	0
5,879756	0
5,880756	0
5,881756	0
5,882756	0
5,883756	0
5,884756	0
5,885756	0
5,886756	0
5,887756	0
5,888756	0
5,889756	0
5,890756	0
5,891756	0
5,892756	0
5,893755	0
5,894755	0
5,895755	0
5,896755	0
5,897755	0
5,898755	0
5,899755	0
5,900755	0
5,901755	0
5,902755	0
5,903755	0
5,904755	0
5,905755	0
5,906754	0
5,907754	0
5,908754	0
5,909754	0
5,910754	0
5,911754	0
5,912754	0
5,913754	0
5,914754	0
5,915754	0
5,916754	0
5,917754	0
5,918754	0
5,919754	0
5,920753	0
5,921753	0
5,922753	0
5,923753	0
5,924753	0
5,925753	0
5,926753	0
5,927753	0
5,928753	0
5,929753	0
5,930753	0
5,931753	0
5,932753	0
5,933753	0
5,934752	0
5,935752	0
5,936752	0
5,937752	0
5,938752	0
5,939752	0
5,940752	0
5,941752	0
5,942752	0
5,943752	0
5,944752	0
5,945752	0
5,946752	0
5,947752	0
5,948751	0
5,949751	0
5,950751	0
5,951751	0
5,952751	0
5,953751	0
5,954751	0
5,955751	0
5,956751	0
5,957751	0
5,958751	0
5,959751	0
5,960751	0
5,961751	0
5,96275	0
5,96375	0
5,96475	0
5,96575	0
5,96675	0
5,96775	0
5,96875	0
5,96975	0
5,97075	0
5,97175	0
5,97275	0
5,97375	0
5,97475	0
5,975749	0
5,976749	0
5,977749	0
5,978749	0
5,979749	0
5,980749	0
5,981749	0
5,982749	0
5,983749	0
5,984749	0
5,985749	0
5,986749	0
5,987749	0
5,988749	0
5,989748	0
5,990748	0
5,991748	0
5,992748	0
5,993748	0
5,994748	0
5,995748	0
5,996748	0
5,997748	0
5,998748	0
5,999748	0
