1.000000,0.002000
2.000000,0.002996
3.000000,0.003991
4.000000,0.004986
5.000000,0.005980
6.000000,0.006973
7.000000,0.007965
8.000000,0.008958
9.000000,0.009949
10.000000,0.010941
11.000000,0.011931
12.000000,0.012922
13.000000,0.013912
14.000000,0.014901
15.000000,0.015891
16.000000,0.016880
17.000000,0.017868
18.000000,0.018857
19.000000,0.019844
20.000000,0.020832
21.000000,0.021819
22.000000,0.022806
23.000000,0.023793
24.000000,0.024780
25.000000,0.025766
26.000000,0.026752
27.000000,0.027737
28.000000,0.028723
29.000000,0.029708
30.000000,0.030693
31.000000,0.031677
32.000000,0.032662
33.000000,0.033646
34.000000,0.034630
35.000000,0.035614
36.000000,0.036597
37.000000,0.037580
38.000000,0.038563
39.000000,0.039546
40.000000,0.040528
41.000000,0.041511
42.000000,0.042493
43.000000,0.043475
44.000000,0.044457
45.000000,0.045438
46.000000,0.046419
47.000000,0.047400
48.000000,0.048381
49.000000,0.049362
50.000000,0.050342
51.000000,0.051323
52.000000,0.052303
53.000000,0.053283
54.000000,0.054263
55.000000,0.055242
56.000000,0.056221
57.000000,0.057201
58.000000,0.058180
59.000000,0.059159
60.000000,0.060137
61.000000,0.061116
62.000000,0.062094
63.000000,0.063072
64.000000,0.064050
65.000000,0.065028
66.000000,0.066005
67.000000,0.066983
68.000000,0.067960
69.000000,0.068937
70.000000,0.069914
71.000000,0.070891
72.000000,0.071868
73.000000,0.072844
74.000000,0.073820
75.000000,0.074797
76.000000,0.075773
77.000000,0.076748
78.000000,0.077724
79.000000,0.078700
80.000000,0.079675
81.000000,0.080650
82.000000,0.081625
83.000000,0.082600
84.000000,0.083575
85.000000,0.084550
86.000000,0.085524
87.000000,0.086499
88.000000,0.087473
89.000000,0.088447
90.000000,0.089421
91.000000,0.090394
92.000000,0.091368
93.000000,0.092341
94.000000,0.093315
95.000000,0.094288
96.000000,0.095261
97.000000,0.096234
98.000000,0.097207
99.000000,0.098179
100.000000,0.099152
101.000000,0.100124
102.000000,0.101096
103.000000,0.102069
104.000000,0.103041
105.000000,0.104012
106.000000,0.104984
107.000000,0.105956
108.000000,0.106927
109.000000,0.107898
110.000000,0.108870
111.000000,0.109841
112.000000,0.110811
113.000000,0.111782
114.000000,0.112753
115.000000,0.113723
116.000000,0.114694
117.000000,0.115664
118.000000,0.116634
119.000000,0.117604
120.000000,0.118574
121.000000,0.119544
122.000000,0.120514
123.000000,0.121483
124.000000,0.122453
125.000000,0.123422
126.000000,0.124391
127.000000,0.125360
128.000000,0.126329
129.000000,0.127298
130.000000,0.128266
131.000000,0.129235
132.000000,0.130203
133.000000,0.131172
134.000000,0.132140
135.000000,0.133108
136.000000,0.134076
137.000000,0.135044
138.000000,0.136012
139.000000,0.136979
140.000000,0.137947
141.000000,0.138914
142.000000,0.139882
143.000000,0.140849
144.000000,0.141816
145.000000,0.142783
146.000000,0.143750
147.000000,0.144716
148.000000,0.145683
149.000000,0.146649
150.000000,0.147616
151.000000,0.148582
152.000000,0.149548
153.000000,0.150514
154.000000,0.151480
155.000000,0.152446
156.000000,0.153412
157.000000,0.154377
158.000000,0.155343
159.000000,0.156308
160.000000,0.157274
161.000000,0.158239
162.000000,0.159204
163.000000,0.160169
164.000000,0.161134
165.000000,0.162099
166.000000,0.163063
167.000000,0.164028
168.000000,0.164992
169.000000,0.165957
170.000000,0.166921
171.000000,0.167885
172.000000,0.168849
173.000000,0.169813
174.000000,0.170777
175.000000,0.171741
176.000000,0.172704
177.000000,0.173668
178.000000,0.174631
179.000000,0.175594
180.000000,0.176558
181.000000,0.177521
182.000000,0.178484
183.000000,0.179447
184.000000,0.180410
185.000000,0.181372
186.000000,0.182335
187.000000,0.183297
188.000000,0.184260
189.000000,0.185222
190.000000,0.186184
191.000000,0.187147
192.000000,0.188109
193.000000,0.189071
194.000000,0.190032
195.000000,0.190994
196.000000,0.191956
197.000000,0.192917
198.000000,0.193879
199.000000,0.194840
200.000000,0.195801
201.000000,0.196763
202.000000,0.197724
203.000000,0.198685
204.000000,0.199645
205.000000,0.200606
206.000000,0.201567
207.000000,0.202528
208.000000,0.203488
209.000000,0.204448
210.000000,0.205409
211.000000,0.206369
212.000000,0.207329
213.000000,0.208289
214.000000,0.209249
215.000000,0.210209
216.000000,0.211169
217.000000,0.212128
218.000000,0.213088
219.000000,0.214047
220.000000,0.215007
221.000000,0.215966
222.000000,0.216925
223.000000,0.217884
224.000000,0.218843
225.000000,0.219802
226.000000,0.220761
227.000000,0.221720
228.000000,0.222679
229.000000,0.223637
230.000000,0.224596
231.000000,0.225554
232.000000,0.226513
233.000000,0.227471
234.000000,0.228429
235.000000,0.229387
236.000000,0.230345
237.000000,0.231303
238.000000,0.232261
239.000000,0.233218
240.000000,0.234176
241.000000,0.235133
242.000000,0.236091
243.000000,0.237048
244.000000,0.238006
245.000000,0.238963
246.000000,0.239920
247.000000,0.240877
248.000000,0.241834
249.000000,0.242791
250.000000,0.243747
251.000000,0.244704
252.000000,0.245661
253.000000,0.246617
254.000000,0.247573
255.000000,0.248530
256.000000,0.249486
257.000000,0.250442
258.000000,0.251398
259.000000,0.252354
260.000000,0.253310
261.000000,0.254266
262.000000,0.255222
263.000000,0.256177
264.000000,0.257133
265.000000,0.258089
266.000000,0.259044
267.000000,0.259999
268.000000,0.260955
269.000000,0.261910
270.000000,0.262865
271.000000,0.263820
272.000000,0.264775
273.000000,0.265730
274.000000,0.266684
275.000000,0.267639
276.000000,0.268594
277.000000,0.269548
278.000000,0.270502
279.000000,0.271457
280.000000,0.272411
281.000000,0.273365
282.000000,0.274319
283.000000,0.275273
284.000000,0.276227
285.000000,0.277181
286.000000,0.278135
287.000000,0.279089
288.000000,0.280042
289.000000,0.280996
290.000000,0.281949
291.000000,0.282903
292.000000,0.283856
293.000000,0.284809
294.000000,0.285763
295.000000,0.286716
296.000000,0.287669
297.000000,0.288622
298.000000,0.289574
299.000000,0.290527
300.000000,0.291480
301.000000,0.292433
302.000000,0.293385
303.000000,0.294338
304.000000,0.295290
305.000000,0.296242
306.000000,0.297194
307.000000,0.298147
308.000000,0.299099
309.000000,0.300051
310.000000,0.301003
311.000000,0.301954
312.000000,0.302906
313.000000,0.303858
314.000000,0.304810
315.000000,0.305761
316.000000,0.306713
317.000000,0.307664
318.000000,0.308615
319.000000,0.309567
320.000000,0.310518
321.000000,0.311469
322.000000,0.312420
323.000000,0.313371
324.000000,0.314322
325.000000,0.315272
326.000000,0.316223
327.000000,0.317174
328.000000,0.318124
329.000000,0.319075
330.000000,0.320025
331.000000,0.320976
332.000000,0.321926
333.000000,0.322876
334.000000,0.323826
335.000000,0.324776
336.000000,0.325726
337.000000,0.326676
338.000000,0.327626
339.000000,0.328576
340.000000,0.329525
341.000000,0.330475
342.000000,0.331425
343.000000,0.332374
344.000000,0.333323
345.000000,0.334273
346.000000,0.335222
347.000000,0.336171
348.000000,0.337120
349.000000,0.338069
350.000000,0.339018
351.000000,0.339967
352.000000,0.340916
353.000000,0.341865
354.000000,0.342814
355.000000,0.343762
356.000000,0.344711
357.000000,0.345659
358.000000,0.346608
359.000000,0.347556
360.000000,0.348504
361.000000,0.349452
362.000000,0.350400
363.000000,0.351349
364.000000,0.352297
365.000000,0.353244
366.000000,0.354192
367.000000,0.355140
368.000000,0.356088
369.000000,0.357035
370.000000,0.357983
371.000000,0.358930
372.000000,0.359878
373.000000,0.360825
374.000000,0.361772
375.000000,0.362720
376.000000,0.363667
377.000000,0.364614
378.000000,0.365561
379.000000,0.366508
380.000000,0.367455
381.000000,0.368401
382.000000,0.369348
383.000000,0.370295
384.000000,0.371241
385.000000,0.372188
386.000000,0.373134
387.000000,0.374081
388.000000,0.375027
389.000000,0.375973
390.000000,0.376920
391.000000,0.377866
392.000000,0.378812
393.000000,0.379758
394.000000,0.380704
395.000000,0.381649
396.000000,0.382595
397.000000,0.383541
398.000000,0.384487
399.000000,0.385432
400.000000,0.386378
401.000000,0.387323
402.000000,0.388269
403.000000,0.389214
404.000000,0.390159
405.000000,0.391104
406.000000,0.392049
407.000000,0.392994
408.000000,0.393939
409.000000,0.394884
410.000000,0.395829
411.000000,0.396774
412.000000,0.397719
413.000000,0.398663
414.000000,0.399608
415.000000,0.400552
416.000000,0.401497
417.000000,0.402441
418.000000,0.403386
419.000000,0.404330
420.000000,0.405274
421.000000,0.406218
422.000000,0.407162
423.000000,0.408106
424.000000,0.409050
425.000000,0.409994
426.000000,0.410938
427.000000,0.411882
428.000000,0.412825
429.000000,0.413769
430.000000,0.414712
431.000000,0.415656
432.000000,0.416599
433.000000,0.417543
434.000000,0.418486
435.000000,0.419429
436.000000,0.420372
437.000000,0.421315
438.000000,0.422258
439.000000,0.423201
440.000000,0.424144
441.000000,0.425087
442.000000,0.426030
443.000000,0.426973
444.000000,0.427915
445.000000,0.428858
446.000000,0.429800
447.000000,0.430743
448.000000,0.431685
449.000000,0.432628
450.000000,0.433570
451.000000,0.434512
452.000000,0.435454
453.000000,0.436396
454.000000,0.437338
455.000000,0.438280
456.000000,0.439222
457.000000,0.440164
458.000000,0.441106
459.000000,0.442048
460.000000,0.442989
461.000000,0.443931
462.000000,0.444872
463.000000,0.445814
464.000000,0.446755
465.000000,0.447696
466.000000,0.448638
467.000000,0.449579
468.000000,0.450520
469.000000,0.451461
470.000000,0.452402
471.000000,0.453343
472.000000,0.454284
473.000000,0.455225
474.000000,0.456166
475.000000,0.457106
476.000000,0.458047
477.000000,0.458988
478.000000,0.459928
479.000000,0.460869
480.000000,0.461809
481.000000,0.462750
482.000000,0.463690
483.000000,0.464630
484.000000,0.465570
485.000000,0.466510
486.000000,0.467450
487.000000,0.468390
488.000000,0.469330
489.000000,0.470270
490.000000,0.471210
491.000000,0.472150
492.000000,0.473089
493.000000,0.474029
494.000000,0.474969
495.000000,0.475908
496.000000,0.476848
497.000000,0.477787
498.000000,0.478726
499.000000,0.479666
500.000000,0.480605
501.000000,0.481544
502.000000,0.482483
503.000000,0.483422
504.000000,0.484361
505.000000,0.485300
506.000000,0.486239
507.000000,0.487178
508.000000,0.488116
509.000000,0.489055
510.000000,0.489994
511.000000,0.490932
512.000000,0.491871
513.000000,0.492809
514.000000,0.493748
515.000000,0.494686
516.000000,0.495624
517.000000,0.496562
518.000000,0.497501
519.000000,0.498439
520.000000,0.499377
521.000000,0.500315
522.000000,0.501253
523.000000,0.502191
524.000000,0.503128
525.000000,0.504066
526.000000,0.505004
527.000000,0.505941
528.000000,0.506879
529.000000,0.507816
530.000000,0.508754
531.000000,0.509691
532.000000,0.510629
533.000000,0.511566
534.000000,0.512503
535.000000,0.513440
536.000000,0.514377
537.000000,0.515315
538.000000,0.516252
539.000000,0.517188
540.000000,0.518125
541.000000,0.519062
542.000000,0.519999
543.000000,0.520936
544.000000,0.521872
545.000000,0.522809
546.000000,0.523745
547.000000,0.524682
548.000000,0.525618
549.000000,0.526555
550.000000,0.527491
551.000000,0.528427
552.000000,0.529363
553.000000,0.530300
554.000000,0.531236
555.000000,0.532172
556.000000,0.533108
557.000000,0.534044
558.000000,0.534980
559.000000,0.535915
560.000000,0.536851
561.000000,0.537787
562.000000,0.538722
563.000000,0.539658
564.000000,0.540594
565.000000,0.541529
566.000000,0.542464
567.000000,0.543400
568.000000,0.544335
569.000000,0.545270
570.000000,0.546205
571.000000,0.547141
572.000000,0.548076
573.000000,0.549011
574.000000,0.549946
575.000000,0.550881
576.000000,0.551815
577.000000,0.552750
578.000000,0.553685
579.000000,0.554620
580.000000,0.555554
581.000000,0.556489
582.000000,0.557423
583.000000,0.558358
584.000000,0.559292
585.000000,0.560227
586.000000,0.561161
587.000000,0.562095
588.000000,0.563029
589.000000,0.563964
590.000000,0.564898
591.000000,0.565832
592.000000,0.566766
593.000000,0.567700
594.000000,0.568634
595.000000,0.569567
596.000000,0.570501
597.000000,0.571435
598.000000,0.572368
599.000000,0.573302
600.000000,0.574236
601.000000,0.575169
602.000000,0.576103
603.000000,0.577036
604.000000,0.577969
605.000000,0.578903
606.000000,0.579836
607.000000,0.580769
608.000000,0.581702
609.000000,0.582635
610.000000,0.583568
611.000000,0.584501
612.000000,0.585434
613.000000,0.586367
614.000000,0.587300
615.000000,0.588232
616.000000,0.589165
617.000000,0.590098
618.000000,0.591030
619.000000,0.591963
620.000000,0.592895
621.000000,0.593828
622.000000,0.594760
623.000000,0.595692
624.000000,0.596625
625.000000,0.597557
626.000000,0.598489
627.000000,0.599421
628.000000,0.600353
629.000000,0.601285
630.000000,0.602217
631.000000,0.603149
632.000000,0.604081
633.000000,0.605013
634.000000,0.605944
635.000000,0.606876
636.000000,0.607808
637.000000,0.608739
638.000000,0.609671
639.000000,0.610602
640.000000,0.611534
641.000000,0.612465
642.000000,0.613396
643.000000,0.614328
644.000000,0.615259
645.000000,0.616190
646.000000,0.617121
647.000000,0.618052
648.000000,0.618983
649.000000,0.619914
650.000000,0.620845
651.000000,0.621776
652.000000,0.622707
653.000000,0.623637
654.000000,0.624568
655.000000,0.625499
656.000000,0.626429
657.000000,0.627360
658.000000,0.628290
659.000000,0.629221
660.000000,0.630151
661.000000,0.631081
662.000000,0.632012
663.000000,0.632942
664.000000,0.633872
665.000000,0.634802
666.000000,0.635732
667.000000,0.636662
668.000000,0.637592
669.000000,0.638522
670.000000,0.639452
671.000000,0.640382
672.000000,0.641312
673.000000,0.642241
674.000000,0.643171
675.000000,0.644101
676.000000,0.645030
677.000000,0.645960
678.000000,0.646889
679.000000,0.647819
680.000000,0.648748
681.000000,0.649677
682.000000,0.650607
683.000000,0.651536
684.000000,0.652465
685.000000,0.653394
686.000000,0.654323
687.000000,0.655252
688.000000,0.656181
689.000000,0.657110
690.000000,0.658039
691.000000,0.658968
692.000000,0.659896
693.000000,0.660825
694.000000,0.661754
695.000000,0.662682
696.000000,0.663611
697.000000,0.664539
698.000000,0.665468
699.000000,0.666396
700.000000,0.667325
701.000000,0.668253
702.000000,0.669181
703.000000,0.670109
704.000000,0.671038
705.000000,0.671966
706.000000,0.672894
707.000000,0.673822
708.000000,0.674750
709.000000,0.675678
710.000000,0.676605
711.000000,0.677533
712.000000,0.678461
713.000000,0.679389
714.000000,0.680316
715.000000,0.681244
716.000000,0.682172
717.000000,0.683099
718.000000,0.684026
719.000000,0.684954
720.000000,0.685881
721.000000,0.686809
722.000000,0.687736
723.000000,0.688663
724.000000,0.689590
725.000000,0.690517
726.000000,0.691444
727.000000,0.692371
728.000000,0.693298
729.000000,0.694225
730.000000,0.695152
731.000000,0.696079
732.000000,0.697006
733.000000,0.697933
734.000000,0.698859
735.000000,0.699786
736.000000,0.700712
737.000000,0.701639
738.000000,0.702565
739.000000,0.703492
740.000000,0.704418
741.000000,0.705345
742.000000,0.706271
743.000000,0.707197
744.000000,0.708123
745.000000,0.709049
746.000000,0.709976
747.000000,0.710902
748.000000,0.711828
749.000000,0.712754
750.000000,0.713679
751.000000,0.714605
752.000000,0.715531
753.000000,0.716457
754.000000,0.717383
755.000000,0.718308
756.000000,0.719234
757.000000,0.720159
758.000000,0.721085
759.000000,0.722010
760.000000,0.722936
761.000000,0.723861
762.000000,0.724787
763.000000,0.725712
764.000000,0.726637
765.000000,0.727562
766.000000,0.728487
767.000000,0.729412
768.000000,0.730338
769.000000,0.731263
770.000000,0.732187
771.000000,0.733112
772.000000,0.734037
773.000000,0.734962
774.000000,0.735887
775.000000,0.736812
776.000000,0.737736
777.000000,0.738661
778.000000,0.739585
779.000000,0.740510
780.000000,0.741434
781.000000,0.742359
782.000000,0.743283
783.000000,0.744207
784.000000,0.745132
785.000000,0.746056
786.000000,0.746980
787.000000,0.747904
788.000000,0.748828
789.000000,0.749753
790.000000,0.750677
791.000000,0.751600
792.000000,0.752524
793.000000,0.753448
794.000000,0.754372
795.000000,0.755296
796.000000,0.756220
797.000000,0.757143
798.000000,0.758067
799.000000,0.758990
800.000000,0.759914
801.000000,0.760837
802.000000,0.761761
803.000000,0.762684
804.000000,0.763608
805.000000,0.764531
806.000000,0.765454
807.000000,0.766377
808.000000,0.767301
809.000000,0.768224
810.000000,0.769147
811.000000,0.770070
812.000000,0.770993
813.000000,0.771916
814.000000,0.772839
815.000000,0.773762
816.000000,0.774684
817.000000,0.775607
818.000000,0.776530
819.000000,0.777452
820.000000,0.778375
821.000000,0.779298
822.000000,0.780220
823.000000,0.781143
824.000000,0.782065
825.000000,0.782987
826.000000,0.783910
827.000000,0.784832
828.000000,0.785754
829.000000,0.786677
830.000000,0.787599
831.000000,0.788521
832.000000,0.789443
833.000000,0.790365
834.000000,0.791287
835.000000,0.792209
836.000000,0.793131
837.000000,0.794052
838.000000,0.794974
839.000000,0.795896
840.000000,0.796818
841.000000,0.797739
842.000000,0.798661
843.000000,0.799583
844.000000,0.800504
845.000000,0.801426
846.000000,0.802347
847.000000,0.803268
848.000000,0.804190
849.000000,0.805111
850.000000,0.806032
851.000000,0.806953
852.000000,0.807875
853.000000,0.808796
854.000000,0.809717
855.000000,0.810638
856.000000,0.811559
857.000000,0.812480
858.000000,0.813401
859.000000,0.814321
860.000000,0.815242
861.000000,0.816163
862.000000,0.817084
863.000000,0.818004
864.000000,0.818925
865.000000,0.819846
866.000000,0.820766
867.000000,0.821687
868.000000,0.822607
869.000000,0.823527
870.000000,0.824448
871.000000,0.825368
872.000000,0.826288
873.000000,0.827209
874.000000,0.828129
875.000000,0.829049
876.000000,0.829969
877.000000,0.830889
878.000000,0.831809
879.000000,0.832729
880.000000,0.833649
881.000000,0.834569
882.000000,0.835489
883.000000,0.836408
884.000000,0.837328
885.000000,0.838248
886.000000,0.839167
887.000000,0.840087
888.000000,0.841007
889.000000,0.841926
890.000000,0.842846
891.000000,0.843765
892.000000,0.844684
893.000000,0.845604
894.000000,0.846523
895.000000,0.847442
896.000000,0.848361
897.000000,0.849281
898.000000,0.850200
899.000000,0.851119
900.000000,0.852038
901.000000,0.852957
902.000000,0.853876
903.000000,0.854795
904.000000,0.855714
905.000000,0.856632
906.000000,0.857551
907.000000,0.858470
908.000000,0.859389
909.000000,0.860307
910.000000,0.861226
911.000000,0.862144
912.000000,0.863063
913.000000,0.863981
914.000000,0.864900
915.000000,0.865818
916.000000,0.866736
917.000000,0.867655
918.000000,0.868573
919.000000,0.869491
920.000000,0.870409
921.000000,0.871327
922.000000,0.872246
923.000000,0.873164
924.000000,0.874082
925.000000,0.875000
926.000000,0.875917
927.000000,0.876835
928.000000,0.877753
929.000000,0.878671
930.000000,0.879589
931.000000,0.880506
932.000000,0.881424
933.000000,0.882342
934.000000,0.883259
935.000000,0.884177
936.000000,0.885094
937.000000,0.886012
938.000000,0.886929
939.000000,0.887846
940.000000,0.888764
941.000000,0.889681
942.000000,0.890598
943.000000,0.891515
944.000000,0.892432
945.000000,0.893349
946.000000,0.894266
947.000000,0.895183
948.000000,0.896100
949.000000,0.897017
950.000000,0.897934
951.000000,0.898851
952.000000,0.899768
953.000000,0.900685
954.000000,0.901601
955.000000,0.902518
956.000000,0.903435
957.000000,0.904351
958.000000,0.905268
959.000000,0.906184
960.000000,0.907101
961.000000,0.908017
962.000000,0.908933
963.000000,0.909850
964.000000,0.910766
965.000000,0.911682
966.000000,0.912598
967.000000,0.913515
968.000000,0.914431
969.000000,0.915347
970.000000,0.916263
971.000000,0.917179
972.000000,0.918095
973.000000,0.919011
974.000000,0.919927
975.000000,0.920842
976.000000,0.921758
977.000000,0.922674
978.000000,0.923590
979.000000,0.924505
980.000000,0.925421
981.000000,0.926336
982.000000,0.927252
983.000000,0.928167
984.000000,0.929083
985.000000,0.929998
986.000000,0.930914
987.000000,0.931829
988.000000,0.932744
989.000000,0.933659
990.000000,0.934575
991.000000,0.935490
992.000000,0.936405
993.000000,0.937320
994.000000,0.938235
995.000000,0.939150
996.000000,0.940065
997.000000,0.940980
998.000000,0.941895
999.000000,0.942810
1000.000000,0.943724
1001.000000,0.944639
1002.000000,0.945554
1003.000000,0.946468
1004.000000,0.947383
1005.000000,0.948298
1006.000000,0.949212
1007.000000,0.950127
1008.000000,0.951041
1009.000000,0.951956
1010.000000,0.952870
1011.000000,0.953784
1012.000000,0.954699
1013.000000,0.955613
1014.000000,0.956527
1015.000000,0.957441
1016.000000,0.958355
1017.000000,0.959269
1018.000000,0.960183
1019.000000,0.961097
1020.000000,0.962011
1021.000000,0.962925
1022.000000,0.963839
1023.000000,0.964753
1024.000000,0.965667
1025.000000,0.966581
1026.000000,0.967494
1027.000000,0.968408
1028.000000,0.969322
1029.000000,0.970235
1030.000000,0.971149
1031.000000,0.972062
1032.000000,0.972976
1033.000000,0.973889
1034.000000,0.974802
1035.000000,0.975716
1036.000000,0.976629
1037.000000,0.977542
1038.000000,0.978456
1039.000000,0.979369
1040.000000,0.980282
1041.000000,0.981195
1042.000000,0.982108
1043.000000,0.983021
1044.000000,0.983934
1045.000000,0.984847
1046.000000,0.985760
1047.000000,0.986673
1048.000000,0.987586
1049.000000,0.988498
1050.000000,0.989411
1051.000000,0.990324
1052.000000,0.991237
1053.000000,0.992149
1054.000000,0.993062
1055.000000,0.993974
1056.000000,0.994887
1057.000000,0.995799
1058.000000,0.996712
1059.000000,0.997624
1060.000000,0.998536
1061.000000,0.999449
1062.000000,1.000361
