0.00 
0.00 
0.00 
0.00 
0.00 
0.01 
0.01 
0.02 
0.03 
0.04 
0.05 
0.07 
0.09 
0.11 
0.14 
0.18 
0.21 
0.26 
0.30 
0.36 
0.42 
0.48 
0.55 
0.63 
0.72 
0.81 
0.91 
1.02 
1.14 
1.27 
1.40 
1.55 
1.71 
1.87 
2.05 
2.23 
2.43 
2.64 
2.86 
3.09 
3.33 
3.59 
3.86 
4.14 
4.43 
4.73 
5.05 
5.37 
5.71 
6.05 
6.40 
6.77 
7.14 
7.52 
7.91 
8.31 
8.72 
9.13 
9.55 
9.98 
10.42 
10.86 
11.30 
11.76 
12.21 
12.68 
13.14 
13.61 
14.09 
14.57 
15.05 
15.54 
16.03 
16.52 
17.01 
17.51 
18.00 
18.50 
19.00 
19.50 
20.00 
20.50 
20.97 
21.42 
21.85 
22.24 
22.61 
22.96 
23.27 
23.56 
23.82 
24.06 
24.26 
24.44 
24.58 
24.70 
24.79 
24.84 
24.87 
24.87 
24.83 
24.77 
24.67 
24.54 
24.38 
24.19 
23.96 
23.70 
23.41 
23.08 
22.72 
22.32 
21.90 
21.43 
20.93 
20.39 
19.82 
19.21 
18.57 
17.89 
17.17 
16.41 
15.67 
14.94 
14.22 
13.52 
12.83 
12.16 
11.50 
10.85 
10.22 
9.61 
9.01 
8.43 
7.86 
7.31 
6.78 
6.27 
5.77 
5.29 
4.83 
4.39 
3.97 
3.57 
3.19 
2.83 
2.48 
2.16 
1.86 
1.58 
1.32 
1.09 
0.87 
0.68 
0.51 
0.37 
0.25 
0.15 
0.07 
0.03 
0.00 
0.00 
0.00 
0.00 
0.00 
0.00 
0.00 
0.00 
0.00 
0.00 
0.00 
0.00 
0.00 
0.00 
0.00 
0.00 
0.00 
0.00 
0.00 
0.00 
0.00 
0.00 
0.00 
0.00 
0.00 
0.00 
0.00 
0.00 
0.00 
0.00 
0.00 
0.00 
0.00 
0.00 
0.00 
0.00 
0.00 
0.00 
0.00 
0.00 
