0.00 
0.03 
0.05 
0.08 
0.10 
0.13 
0.15 
0.17 
0.20 
0.22 
0.25 
0.27 
0.30 
0.33 
0.35 
0.38 
0.40 
0.43 
0.45 
0.48 
0.50 
0.53 
0.55 
0.58 
0.60 
0.63 
0.65 
0.68 
0.70 
0.73 
0.75 
0.78 
0.80 
0.83 
0.85 
0.88 
0.90 
0.93 
0.95 
0.98 
1.00 
1.03 
1.05 
1.08 
1.10 
1.13 
1.15 
1.17 
1.20 
1.22 
1.25 
1.27 
1.30 
1.32 
1.35 
1.37 
1.40 
1.42 
1.45 
1.47 
1.50 
1.52 
1.55 
1.57 
1.60 
1.62 
1.65 
1.67 
1.70 
1.72 
1.75 
1.77 
1.80 
1.82 
1.85 
1.87 
1.90 
1.92 
1.95 
1.97 
2.00 
2.02 
2.05 
2.07 
2.10 
2.12 
2.15 
2.17 
2.20 
2.22 
2.25 
2.27 
2.30 
2.32 
2.35 
2.37 
2.40 
2.42 
2.45 
2.47 
2.50 
2.52 
2.55 
2.57 
2.60 
2.62 
2.65 
2.67 
2.70 
2.72 
2.75 
2.77 
2.80 
2.82 
2.85 
2.87 
2.90 
2.92 
2.95 
2.97 
3.00 
3.02 
3.05 
3.07 
3.10 
3.12 
3.15 
3.17 
3.20 
3.22 
3.25 
3.27 
3.30 
3.32 
3.35 
3.37 
3.40 
3.42 
3.45 
3.47 
3.50 
3.52 
3.55 
3.57 
3.60 
3.62 
3.65 
3.67 
3.70 
3.72 
3.75 
3.77 
3.80 
3.82 
3.85 
3.87 
3.90 
3.92 
3.95 
3.97 
4.00 
4.02 
4.05 
4.07 
4.10 
4.12 
4.15 
4.17 
4.20 
4.22 
4.25 
4.27 
4.30 
4.32 
4.35 
4.37 
4.40 
4.42 
4.45 
4.47 
4.50 
4.52 
4.55 
4.57 
4.60 
4.62 
4.65 
4.67 
4.70 
4.72 
4.75 
4.78 
4.80 
4.83 
4.85 
4.88 
4.90 
4.93 
4.95 
4.98 
