0.050000
0.099500
0.148505
0.197020
0.245050
0.292599
0.339673
0.386277
0.432414
0.478090
0.523309
0.568076
0.612395
0.656271
0.699708
0.742711
0.785284
0.827431
0.869157
0.910465
0.951361
0.991847
1.031929
1.071609
1.110893
1.149784
1.188286
1.226404
1.264140
1.301498
1.338483
1.375098
1.411347
1.447234
1.482761
1.517934
1.552755
1.587227
1.621355
1.655141
1.688590
1.721704
1.754487
1.786942
1.819073
1.850882
1.882373
1.913549
1.944414
1.974970
2.005220
2.035168
2.064816
2.094168
2.123226
2.151994
2.180474
2.208669
2.236583
2.264217
2.291575
2.318659
2.345472
2.372018
2.398297
2.424314
2.450071
2.475571
2.500815
2.525807
2.550549
2.575043
2.599293
2.623300
2.647067
2.670596
2.693890
2.716951
2.739782
2.762384
2.784760
2.806912
2.828843
2.850555
2.872049
2.893329
2.914396
2.935252
2.955899
2.976340
2.996577
3.016611
3.036445
3.056080
3.075520
3.094764
3.113817
3.132679
3.151352
3.169838
3.188140
3.206258
3.224196
3.241954
3.259534
3.276939
3.294170
3.311228
3.328116
3.344835
3.361386
3.377772
3.393995
3.410055
3.425954
3.441695
3.457278
3.472705
3.487978
3.503098
3.518067
3.532886
3.547557
3.562082
3.576461
3.590696
3.604790
3.618742
3.632554
3.646229
3.659766
3.673169
3.686437
3.699573
3.712577
3.725451
3.738197
3.750815
3.763307
3.775673
3.787917
3.800038
3.812037
3.823917
3.835678
3.847321
3.858848
3.870259
3.881557
3.892741
3.903814
3.914775
3.925628
3.936371
3.947008
3.957538
3.967962
3.978283
3.988500
3.998615
4.008629
4.018542
4.028357
4.038073
4.047693
4.057216
4.066644
4.075977
4.085217
4.094365
4.103422
4.112387
4.121263
4.130051
4.138750
4.147363
4.155889
4.164330
4.172687
4.180960
4.189151
4.197259
4.205286
4.213234
4.221101
4.228890
4.236601
4.244235
4.251793
4.259275
4.266682
4.274015
4.281275
4.288463
4.295578
4.302622
4.309596
4.316500
4.323335
4.330102
4.336801
4.343433
4.349998
4.356498
4.362933
4.369304
4.375611
4.381855
4.388036
4.394156
4.400214
4.406212
4.412150
4.418029
4.423848
4.429610
4.435314
4.440961
4.446551
4.452085
4.457565
4.462989
4.468359
4.473675
4.478939
4.484149
4.489308
4.494415
4.499471
4.504476
4.509431
4.514337
4.519193
4.524002
4.528762
4.533474
4.538139
4.542758
4.547330
4.551857
4.556338
4.560775
4.565167
4.569516
4.573820
4.578082
4.582301
4.586478
4.590614
4.594707
4.598760
4.602773
4.606745
4.610678
4.614571
4.618425
4.622241
4.626018
4.629758
4.633461
4.637126
4.640755
4.644347
4.647904
4.651425
4.654910
4.658361
4.661778
4.665160
4.668508
4.671823
4.675105
4.678354
4.681570
4.684755
4.687907
4.691028
4.694118
4.697177
4.700205
4.703203
4.706171
4.709109
4.712018
4.714898
4.717749
4.720571
4.723366
4.726132
4.728871
4.731582
4.734266
4.736924
4.739554
4.742159
4.744737
4.747290
4.749817
4.752319
4.754796
4.757248
4.759675
4.762078
4.764458
4.766813
4.769145
4.771453
4.773739
4.776001
4.778241
4.780459
4.782654
4.784828
4.786980
4.789110
4.791219
4.793307
4.795373
4.797420
4.799446
4.801451
4.803437
4.805402
4.807348
4.809275
4.811182
4.813070
4.814939
4.816790
4.818622
4.820436
4.822232
4.824009
4.825769
4.827511
4.829236
4.830944
4.832635
4.834308
4.835965
4.837605
4.839229
4.840837
4.842429
4.844004
4.845564
4.847109
4.848638
4.850151
4.851650
4.853133
4.854602
4.856056
4.857495
4.858920
4.860331
4.861728
4.863111
4.864480
4.865835
4.867176
4.868505
4.869820
4.871121
4.872410
4.873686
4.874949
4.876200
4.877438
4.878663
4.879877
4.881078
4.882267
4.883444
4.884610
4.885764
4.886906
4.888037
4.889157
4.890265
4.891363
4.892449
4.893525
4.894589
4.895643
4.896687
4.897720
4.898743
4.899755
4.900758
4.901750
4.902733
4.903705
4.904668
4.905622
4.906566
4.907500
4.908425
4.909341
4.910247
4.911145
4.912033
4.912913
4.913784
4.914646
4.915500
4.916345
4.917181
4.918009
4.918829
4.919641
4.920444
4.921240
4.922028
4.922807
4.923579
4.924344
4.925100
4.925849
4.926591
4.927325
4.928051
4.928771
4.929483
4.930188
4.930886
4.931578
4.932262
4.932939
4.933610
4.934274
4.934931
4.935582
4.936226
4.936864
4.937495
4.938120
4.938739
4.939351
4.939958
4.940558
4.941153
4.941741
4.942324
4.942901
4.943472
4.944037
4.944596
4.945151
4.945699
4.946242
4.946780
4.947312
4.947839
4.948360
4.948877
4.949388
4.949894
4.950395
4.950891
4.951382
4.951868
4.952350
4.952826
4.953298
4.953765
4.954227
4.954685
4.955138
4.955587
4.956031
4.956471
4.956906
4.957337
4.957764
4.958186
4.958604
4.959018
4.959428
4.959834
4.960235
4.960633
4.961027
4.961416
4.961802
4.962184
4.962562
4.962937
4.963307
4.963674
4.964037
4.964397
4.964753
4.965106
4.965455
4.965800
4.966142
4.966481
4.966816
4.967148
4.967476
4.967801
4.968123
4.968442
4.968758
4.969070
4.969379
4.969686
4.969989
4.970289
4.970586
4.970880
4.971171
4.971460
4.971745
4.972028
4.972307
4.972584
4.972858
4.973130
4.973398
4.973664
4.973928
4.974189
4.974447
4.974702
4.974955
4.975206
4.975454
4.975699
4.975942
4.976183
4.976421
4.976657
4.976890
4.977121
4.977350
4.977576
4.977801
4.978023
4.978242
4.978460
4.978675
4.978889
4.979100
4.979309
4.979516
4.979721
4.979923
4.980124
4.980323
4.980520
4.980714
4.980907
4.981098
4.981287
4.981474
4.981660
4.981843
4.982025
4.982204
4.982382
4.982558
4.982733
4.982906
4.983076
4.983246
4.983413
4.983579
4.983743
4.983906
4.984067
4.984226
4.984384
4.984540
4.984695
4.984848
4.984999
4.985149
4.985298
4.985445
4.985590
4.985734
4.985877
4.986018
4.986158
4.986297
4.986434
4.986569
4.986704
4.986837
4.986968
4.987098
4.987228
4.987355
4.987482
4.987607
4.987731
4.987853
4.987975
4.988095
4.988214
4.988332
4.988449
4.988564
4.988679
4.988792
4.988904
4.989015
4.989125
4.989234
4.989341
4.989448
4.989553
4.989658
4.989761
4.989864
4.989965
4.990065
4.990165
4.990263
4.990360
4.990457
4.990552
4.990647
4.990740
4.990833
4.990924
4.991015
4.991105
4.991194
4.991282
4.991369
4.991456
4.991541
4.991626
4.991709
4.991792
4.991874
4.991956
4.992036
4.992116
4.992195
4.992273
4.992350
4.992426
4.992502
4.992577
4.992651
4.992725
4.992798
4.992870
4.992941
4.993011
4.993081
4.993151
4.993219
4.993287
4.993354
4.993420
4.993486
4.993551
4.993616
4.993680
4.993743
4.993805
4.993867
4.993929
4.993989
4.994050
4.994109
4.994168
4.994226
4.994284
4.994341
4.994398
4.994454
4.994509
4.994564
4.994619
4.994672
4.994726
4.994778
4.994831
4.994882
4.994933
4.994984
4.995034
4.995084
4.995133
4.995182
4.995230
4.995278
4.995325
4.995372
4.995418
4.995464
4.995509
4.995554
4.995598
4.995642
4.995686
4.995729
4.995772
4.995814
4.995856
4.995897
4.995938
4.995979
4.996019
4.996059
4.996099
4.996138
4.996176
4.996214
4.996252
4.996290
4.996327
4.996364
4.996400
4.996436
4.996472
4.996507
4.996542
4.996576
4.996611
4.996645
4.996678
4.996711
4.996744
4.996777
4.996809
4.996841
4.996872
4.996904
4.996935
4.996965
4.996996
4.997026
4.997055
4.997085
4.997114
4.997143
4.997172
4.997200
4.997228
4.997256
4.997283
4.997310
4.997337
4.997364
4.997390
4.997416
4.997442
4.997468
4.997493
4.997518
4.997543
4.997567
4.997592
4.997616
4.997640
4.997663
4.997687
4.997710
4.997733
4.997755
4.997778
4.997800
4.997822
4.997844
4.997865
4.997887
4.997908
4.997929
4.997949
4.997970
4.997990
4.998010
4.998030
4.998050
4.998069
4.998089
4.998108
4.998127
4.998145
4.998164
4.998182
4.998201
4.998219
4.998236
4.998254
4.998271
4.998289
4.998306
4.998323
4.998340
4.998356
4.998373
4.998389
4.998405
4.998421
4.998437
4.998452
4.998468
4.998483
4.998498
4.998513
4.998528
4.998543
4.998558
4.998572
4.998586
4.998600
4.998614
4.998628
4.998642
4.998656
4.998669
4.998682
4.998695
4.998708
4.998721
4.998734
4.998747
4.998759
4.998772
4.998784
4.998796
4.998808
4.998820
4.998832
4.998844
4.998855
4.998867
4.998878
4.998889
4.998900
4.998911
4.998922
4.998933
4.998944
4.998954
4.998965
4.998975
4.998985
4.998995
4.999005
4.999015
4.999025
4.999035
4.999045
4.999054
4.999064
4.999073
4.999082
4.999091
4.999101
4.999110
4.999118
4.999127
4.999136
4.999145
4.999153
4.999162
4.999170
4.999178
4.999187
4.999195
4.999203
4.999211
4.999219
4.999226
4.999234
4.999242
4.999249
4.999257
4.999264
4.999272
4.999279
4.999286
4.999293
4.999300
4.999307
4.999314
4.999321
4.999328
4.999335
4.999341
4.999348
4.999354
4.999361
4.999367
4.999374
4.999380
4.999386
4.999392
4.999398
4.999404
4.999410
4.999416
4.999422
4.999428
4.999434
4.999439
4.999445
4.999450
4.999456
4.999461
4.999467
4.999472
4.999477
4.999483
4.999488
4.999493
4.999498
4.999503
4.999508
4.999513
4.999518
4.999522
4.999527
4.999532
4.999537
4.999541
4.999546
4.999550
4.999555
4.999559
4.999564
4.999568
4.999572
4.999577
4.999581
4.999585
4.999589
4.999593
4.999597
4.999602
4.999605
4.999609
4.999613
4.999617
4.999621
4.999625
4.999629
4.999632
4.999636
4.999640
4.999643
4.999647
4.999650
4.999654
4.999657
4.999661
4.999664
4.999667
4.999671
4.999674
4.999677
4.999681
4.999684
4.999687
4.999690
4.999693
4.999696
4.999699
4.999702
4.999705
4.999708
4.999711
4.999714
4.999717
4.999720
4.999722
4.999725
4.999728
4.999731
4.999733
4.999736
4.999739
4.999741
4.999744
4.999746
4.999749
4.999752
4.999754
4.999756
4.999759
4.999761
4.999764
4.999766
4.999768
4.999771
4.999773
4.999775
4.999778
4.999780
4.999782
4.999784
4.999786
4.999788
4.999791
4.999793
4.999795
4.999797
4.999799
4.999801
4.999803
4.999805
4.999807
4.999809
4.999811
4.999812
4.999814
4.999816
4.999818
4.999820
4.999822
4.999823
4.999825
4.999827
4.999829
4.999830
4.999832
4.999834
4.999835
4.999837
4.999839
4.999840
4.999842
4.999844
4.999845
4.999847
4.999848
4.999850
4.999851
4.999853
4.999854
4.999856
4.999857
4.999858
4.999860
4.999861
4.999863
4.999864
4.999865
4.999867
4.999868
4.999869
4.999871
4.999872
4.999873
4.999875
4.999876
4.999877
4.999878
4.999879
4.999881
4.999882
4.999883
4.999884
4.999885
4.999887
4.999888
4.999889
4.999890
4.999891
4.999892
4.999893
4.999894
4.999895
4.999896
4.999897
4.999898
4.999899
4.999900
