0.010
0.020
0.030
0.040
0.050
0.060
0.070
0.080
0.090
0.100
0.110
0.120
0.130
0.140
0.150
0.160
0.170
0.180
0.190
0.200
0.210
0.220
0.230
0.240
0.250
0.260
0.270
0.280
0.290
0.300
0.310
0.320
0.330
0.340
0.350
0.360
0.370
0.380
0.390
0.400
0.410
0.420
0.430
0.440
0.450
0.460
0.470
0.480
0.490
0.500
0.510
0.520
0.530
0.540
0.550
0.560
0.570
0.580
0.590
0.600
0.610
0.620
0.630
0.640
0.650
0.660
0.670
0.680
0.690
0.700
0.710
0.720
0.730
0.740
0.750
0.760
0.770
0.780
0.790
0.800
0.810
0.820
0.830
0.840
0.850
0.860
0.870
0.880
0.890
0.900
0.910
0.920
0.930
0.940
0.950
0.960
0.970
0.980
0.990
1.000
1.010
1.020
1.030
1.040
1.050
1.060
1.070
1.080
1.090
1.100
1.110
1.120
1.130
1.140
1.150
1.160
1.170
1.180
1.190
1.200
1.210
1.220
1.230
1.240
1.250
1.260
1.270
1.280
1.290
1.300
1.310
1.320
1.330
1.340
1.350
1.360
1.370
1.380
1.390
1.400
1.410
1.420
1.430
1.440
1.450
1.460
1.470
1.480
1.490
1.500
1.510
1.520
1.530
1.540
1.550
1.560
1.570
1.580
1.590
1.600
1.610
1.620
1.630
1.640
1.650
1.660
1.670
1.680
1.690
1.700
1.710
1.720
1.730
1.740
1.750
1.760
1.770
1.780
1.790
1.800
1.810
1.820
1.830
1.840
1.850
1.860
1.870
1.880
1.890
1.900
1.910
1.920
1.930
1.940
1.950
1.960
1.970
1.980
1.990
2.000
2.010
2.020
2.030
2.040
2.050
2.060
2.070
2.080
2.090
2.100
2.110
2.120
2.130
2.140
2.150
2.160
2.170
2.180
2.190
2.200
2.210
2.220
2.230
2.240
2.250
2.260
2.270
2.280
2.290
2.300
2.310
2.320
2.330
2.340
2.350
2.360
2.370
2.380
2.390
2.400
2.410
2.420
2.430
2.440
2.450
2.460
2.470
2.480
2.490
2.500
2.510
2.520
2.530
2.540
2.550
2.560
2.570
2.580
2.590
2.600
2.610
2.620
2.630
2.640
2.650
2.660
2.670
2.680
2.690
2.700
2.710
2.720
2.730
2.740
2.750
2.760
2.770
2.780
2.790
2.800
2.810
2.820
2.830
2.840
2.850
2.860
2.870
2.880
2.890
2.900
2.910
2.920
2.930
2.940
2.950
2.960
2.970
2.980
2.990
3.000
3.010
3.020
3.030
3.040
3.050
3.060
3.070
3.080
3.090
3.100
3.110
3.120
3.130
3.140
3.150
3.160
3.170
3.180
3.190
3.200
3.210
3.220
3.230
3.240
3.250
3.260
3.270
3.280
3.290
3.300
3.310
3.320
3.330
3.340
3.350
3.360
3.370
3.380
3.390
3.400
3.410
3.420
3.430
3.440
3.450
3.460
3.470
3.480
3.490
3.500
3.510
3.520
3.530
3.540
3.550
3.560
3.570
3.580
3.590
3.600
3.610
3.620
3.630
3.640
3.650
3.660
3.670
3.680
3.690
3.700
3.710
3.720
3.730
3.740
3.750
3.760
3.770
3.780
3.790
3.800
3.810
3.820
3.830
3.840
3.850
3.860
3.870
3.880
3.890
3.900
3.910
3.920
3.930
3.940
3.950
3.960
3.970
3.980
3.990
4.000
4.010
4.020
4.030
4.040
4.050
4.060
4.070
4.080
4.090
4.100
4.110
4.120
4.130
4.140
4.150
4.160
4.170
4.180
4.190
4.200
4.210
4.220
4.230
4.240
4.250
4.260
4.270
4.280
4.290
4.300
4.310
4.320
4.330
4.340
4.350
4.360
4.370
4.380
4.390
4.400
4.410
4.420
4.430
4.440
4.450
4.460
4.470
4.480
4.490
4.500
4.510
4.520
4.530
4.540
4.550
4.560
4.570
4.580
4.590
4.600
4.610
4.620
4.630
4.640
4.650
4.660
4.670
4.680
4.690
4.700
4.710
4.720
4.730
4.740
4.750
4.760
4.770
4.780
4.790
4.800
4.810
4.820
4.830
4.840
4.850
4.860
4.870
4.880
4.890
4.900
4.910
4.920
4.930
4.940
4.950
4.960
4.970
4.980
4.990
5.000
5.010
5.020
5.030
5.040
5.050
5.060
5.070
5.080
5.090
5.100
5.110
5.120
5.130
5.140
5.150
5.160
5.170
5.180
5.190
5.200
5.210
5.220
5.230
5.240
5.250
5.260
5.270
5.280
5.290
5.300
5.310
5.320
5.330
5.340
5.350
5.360
5.370
5.380
5.390
5.400
5.410
5.420
5.430
5.440
5.450
5.460
5.470
5.480
5.490
5.500
5.510
5.520
5.530
5.540
5.550
5.560
5.570
5.580
5.590
5.600
5.610
5.620
5.630
5.640
5.650
5.660
5.670
5.680
5.690
5.700
5.710
5.720
5.730
5.740
5.750
5.760
5.770
5.780
5.790
5.800
5.810
5.820
5.830
5.840
5.850
5.860
5.870
5.880
5.890
5.900
5.910
5.920
5.930
5.940
5.950
5.960
5.970
5.980
5.990
6.000
6.010
6.020
6.030
6.040
6.050
6.060
6.070
6.080
6.090
6.100
6.110
6.120
6.130
6.140
6.150
6.160
6.170
6.180
6.190
6.200
6.210
6.220
6.230
6.240
6.250
6.260
6.270
6.280
6.290
6.300
6.310
6.320
6.330
6.340
6.350
6.360
6.370
6.380
6.390
6.400
6.410
6.420
6.430
6.440
6.450
6.460
6.470
6.480
6.490
6.500
6.510
6.520
6.530
6.540
6.550
6.560
6.570
6.580
6.590
6.600
6.610
6.620
6.630
6.640
6.650
6.660
6.670
6.680
6.690
6.700
6.710
6.720
6.730
6.740
6.750
6.760
6.770
6.780
6.790
6.800
6.810
6.820
6.830
6.840
6.850
6.860
6.870
6.880
6.890
6.900
6.910
6.920
6.930
6.940
6.950
6.960
6.970
6.980
6.990
7.000
7.010
7.020
7.030
7.040
7.050
7.060
7.070
7.080
7.090
7.100
7.110
7.120
7.130
7.140
7.150
7.160
7.170
7.180
7.190
7.200
7.210
7.220
7.230
7.240
7.250
7.260
7.270
7.280
7.290
7.300
7.310
7.320
7.330
7.340
7.350
7.360
7.370
7.380
7.390
7.400
7.410
7.420
7.430
7.440
7.450
7.460
7.470
7.480
7.490
7.500
7.510
7.520
7.530
7.540
7.550
7.560
7.570
7.580
7.590
7.600
7.610
7.620
7.630
7.640
7.650
7.660
7.670
7.680
7.690
7.700
7.710
7.720
7.730
7.740
7.750
7.760
7.770
7.780
7.790
7.800
7.810
7.820
7.830
7.840
7.850
7.860
7.870
7.880
7.890
7.900
7.910
7.920
7.930
7.940
7.950
7.960
7.970
7.980
7.990
8.000
8.010
8.020
8.030
8.040
8.050
8.060
8.070
8.080
8.090
8.100
8.110
8.120
8.130
8.140
8.150
8.160
8.170
8.180
8.190
8.200
8.210
8.220
8.230
8.240
8.250
8.260
8.270
8.280
8.290
8.300
8.310
8.320
8.330
8.340
8.350
8.360
8.370
8.380
8.390
8.400
8.410
8.420
8.430
8.440
8.450
8.460
8.470
8.480
8.490
8.500
8.510
8.520
8.530
8.540
8.550
8.560
8.570
8.580
8.590
8.600
8.610
8.620
8.630
8.640
8.650
8.660
8.670
8.680
8.690
8.700
8.710
8.720
8.730
8.740
8.750
8.760
8.770
8.780
8.790
8.800
8.810
8.820
8.830
8.840
8.850
8.860
8.870
8.880
8.890
8.900
8.910
8.920
8.930
8.940
8.950
8.960
8.970
8.980
8.990
9.000
9.010
9.020
9.030
9.040
9.050
9.060
9.070
9.080
9.090
9.100
9.110
9.120
9.130
9.140
9.150
9.160
9.170
9.180
9.190
9.200
9.210
9.220
9.230
9.240
9.250
9.260
9.270
9.280
9.290
9.300
9.310
9.320
9.330
9.340
9.350
9.360
9.370
9.380
9.390
9.400
9.410
9.420
9.430
9.440
9.450
9.460
9.470
9.480
9.490
9.500
9.510
9.520
9.530
9.540
9.550
9.560
9.570
9.580
9.590
9.600
9.610
9.620
9.630
9.640
9.650
9.660
9.670
9.680
9.690
9.700
9.710
9.720
9.730
9.740
9.750
9.760
9.770
9.780
9.790
9.800
9.810
9.820
9.830
9.840
9.850
9.860
9.870
9.880
9.890
9.900
9.910
9.920
9.930
9.940
9.950
9.960
9.970
9.980
9.990
10.000
10.010
10.020
10.030
10.040
10.050
10.060
10.070
10.080
10.090
10.100
10.110
10.120
10.130
10.140
10.150
10.160
10.170
10.180
10.190
10.200
10.210
10.220
10.230
10.240
10.250
10.260
10.270
10.280
10.290
10.300
10.310
10.320
10.330
10.340
10.350
10.360
10.370
10.380
10.390
10.400
10.410
10.420
10.430
10.440
10.450
10.460
10.470
10.480
10.490
10.500
10.510
10.520
10.530
10.540
10.550
10.560
10.570
10.580
10.590
10.600
10.610
10.620
10.630
10.640
10.650
10.660
10.670
10.680
10.690
10.700
10.710
10.720
10.730
10.740
10.750
10.760
10.770
10.780
10.790
10.800
10.810
10.820
10.830
10.840
10.850
10.860
10.870
10.880
10.890
10.900
10.910
10.920
10.930
10.940
10.950
10.960
10.970
10.980
10.990
11.000
11.010
11.020
11.030
11.040
11.050
11.060
11.070
11.080
11.090
11.100
11.110
11.120
11.130
11.140
11.150
11.160
11.170
11.180
11.190
11.200
11.210
11.220
11.230
11.240
11.250
11.260
11.270
11.280
11.290
11.300
11.310
11.320
11.330
11.340
11.350
11.360
11.370
11.380
11.390
11.400
11.410
11.420
11.430
11.440
11.450
11.460
11.470
11.480
11.490
11.500
11.510
11.520
11.530
11.540
11.550
11.560
11.570
11.580
11.590
11.600
11.610
11.620
11.630
11.640
11.650
11.660
11.670
11.680
11.690
11.700
11.710
11.720
11.730
11.740
11.750
11.760
11.770
11.780
11.790
11.800
11.810
11.820
11.830
11.840
11.850
11.860
11.870
11.880
11.890
11.900
11.910
11.920
11.930
11.940
11.950
11.960
11.970
11.980
11.990
12.000
12.010
12.020
12.030
12.040
12.050
12.060
12.070
12.080
12.090
12.100
12.110
12.120
12.130
12.140
12.150
12.160
12.170
12.180
12.190
12.200
12.210
12.220
12.230
12.240
12.250
12.260
12.270
12.280
12.290
12.300
12.310
12.320
12.330
12.340
12.350
12.360
12.370
12.380
12.390
12.400
12.410
12.420
12.430
12.440
12.450
12.460
12.470
12.480
12.490
12.500
12.510
12.520
12.530
12.540
12.550
12.560
12.570
12.580
12.590
12.600
12.610
12.620
12.630
12.640
12.650
12.660
12.670
12.680
12.690
12.700
12.710
12.720
12.730
12.740
12.750
12.760
12.770
12.780
12.790
12.800
12.810
12.820
12.830
12.840
12.850
12.860
12.870
12.880
12.890
12.900
12.910
12.920
12.930
12.940
12.950
12.960
12.970
12.980
12.990
13.000
13.010
13.020
13.030
13.040
13.050
13.060
13.070
13.080
13.090
13.100
13.110
13.120
13.130
13.140
13.150
13.160
13.170
13.180
13.190
13.200
13.210
13.220
13.230
13.240
13.250
13.260
13.270
13.280
13.290
13.300
13.310
13.320
13.330
13.340
13.350
13.360
13.370
13.380
13.390
13.400
13.410
13.420
13.430
13.440
13.450
13.460
13.470
13.480
13.490
13.500
13.510
13.520
13.530
13.540
13.550
13.560
13.570
13.580
13.590
13.600
13.610
13.620
13.630
13.640
13.650
13.660
13.670
13.680
13.690
13.700
13.710
13.720
13.730
13.740
13.750
13.760
13.770
13.780
13.790
13.800
13.810
13.820
13.830
13.840
13.850
13.860
13.870
13.880
13.890
13.900
13.910
13.920
13.930
13.940
13.950
13.960
13.970
13.980
13.990
14.000
14.010
14.020
14.030
14.040
14.050
14.060
14.070
14.080
14.090
14.100
14.110
14.120
14.130
14.140
14.150
14.160
14.170
14.180
14.190
14.200
14.210
14.220
14.230
14.240
14.250
14.260
14.270
14.280
14.290
14.300
14.310
14.320
14.330
14.340
14.350
14.360
14.370
14.380
14.390
14.400
14.410
14.420
14.430
14.440
14.450
14.460
14.470
14.480
14.490
14.500
14.510
14.520
14.530
14.540
14.550
14.560
14.570
14.580
14.590
14.600
14.610
14.620
14.630
14.640
14.650
14.660
14.670
14.680
14.690
14.700
14.710
14.720
14.730
14.740
14.750
14.760
14.770
14.780
14.790
14.800
14.810
14.820
14.830
14.840
14.850
14.860
14.870
14.880
14.890
14.900
14.910
14.920
14.930
14.940
14.950
14.960
14.970
14.980
14.990
15.000
15.010
15.020
15.030
15.040
15.050
15.060
15.070
15.080
15.090
15.100
15.110
15.120
15.130
15.140
15.150
15.160
15.170
15.180
15.190
15.200
15.210
15.220
15.230
15.240
15.250
15.260
15.270
15.280
15.290
15.300
15.310
15.320
15.330
15.340
15.350
15.360
15.370
15.380
15.390
15.400
15.410
15.420
15.430
15.440
15.450
15.460
15.470
15.480
15.490
15.500
15.510
15.520
15.530
15.540
15.550
15.560
15.570
15.580
15.590
15.600
15.610
15.620
15.630
15.640
15.650
15.660
15.670
15.680
15.690
15.700
15.710
15.720
15.730
15.740
15.750
15.760
15.770
15.780
15.790
15.800
15.810
15.820
15.830
15.840
15.850
15.860
15.870
15.880
15.890
15.900
15.910
15.920
15.930
15.940
15.950
15.960
15.970
15.980
15.990
16.000
16.010
16.020
16.030
16.040
16.050
16.060
16.070
16.080
16.090
16.100
16.110
16.120
16.130
16.140
16.150
16.160
16.170
16.180
16.190
16.200
16.210
16.220
16.230
16.240
16.250
16.260
16.270
16.280
16.290
16.300
16.310
16.320
16.330
16.340
16.350
16.360
16.370
16.380
16.390
16.400
16.410
16.420
16.430
16.440
16.450
16.460
16.470
16.480
16.490
16.500
16.510
16.520
16.530
16.540
16.550
16.560
16.570
16.580
16.590
16.600
16.610
16.620
16.630
16.640
16.650
16.660
16.670
16.680
16.690
16.700
16.710
16.720
16.730
16.740
16.750
16.760
16.770
16.780
16.790
16.800
16.810
16.820
16.830
16.840
16.850
16.860
16.870
16.880
16.890
16.900
16.910
16.920
16.930
16.940
16.950
16.960
16.970
16.980
16.990
17.000
17.010
17.020
17.030
17.040
17.050
17.060
17.070
17.080
17.090
17.100
17.110
17.120
17.130
17.140
17.150
17.160
17.170
17.180
17.190
17.200
17.210
17.220
17.230
17.240
17.250
17.260
17.270
17.280
17.290
17.300
17.310
17.320
17.330
17.340
17.350
17.360
17.370
17.380
17.390
17.400
17.410
17.420
17.430
17.440
17.450
17.460
17.470
17.480
17.490
17.500
17.510
17.520
17.530
17.540
17.550
17.560
17.570
17.580
17.590
17.600
17.610
17.620
17.630
17.640
17.650
17.660
17.670
17.680
17.690
17.700
17.710
17.720
17.730
17.740
17.750
17.760
17.770
17.780
17.790
17.800
17.810
17.820
17.830
17.840
17.850
17.860
17.870
17.880
17.890
17.900
17.910
17.920
17.930
17.940
17.950
17.960
17.970
17.980
17.990
18.000
18.010
18.020
18.030
18.040
18.050
18.060
18.070
18.080
18.090
18.100
18.110
18.120
18.130
18.140
18.150
18.160
18.170
18.180
18.190
18.200
18.210
18.220
18.230
18.240
18.250
18.260
18.270
18.280
18.290
18.300
18.310
18.320
18.330
18.340
18.350
18.360
18.370
18.380
18.390
18.400
18.410
18.420
18.430
18.440
18.450
18.460
18.470
18.480
18.490
18.500
18.510
18.520
18.530
18.540
18.550
18.560
18.570
18.580
18.590
18.600
18.610
18.620
18.630
18.640
18.650
18.660
18.670
18.680
18.690
18.700
18.710
18.720
18.730
18.740
18.750
18.760
18.770
18.780
18.790
18.800
18.810
18.820
18.830
18.840
18.850
18.860
18.870
18.880
18.890
18.900
18.910
18.920
18.930
18.940
18.950
18.960
18.970
18.980
18.990
19.000
19.010
19.020
19.030
19.040
19.050
19.060
19.070
19.080
19.090
19.100
19.110
19.120
19.130
19.140
19.150
19.160
19.170
19.180
19.190
19.200
19.210
19.220
19.230
19.240
19.250
19.260
19.270
19.280
19.290
19.300
19.310
19.320
19.330
19.340
19.350
19.360
19.370
19.380
19.390
19.400
19.410
19.420
19.430
19.440
19.450
19.460
19.470
19.480
19.490
19.500
19.510
19.520
19.530
19.540
19.550
19.560
19.570
19.580
19.590
19.600
19.610
19.620
19.630
19.640
19.650
19.660
19.670
19.680
19.690
19.700
19.710
19.720
19.730
19.740
19.750
19.760
19.770
19.780
19.790
19.800
19.810
19.820
19.830
19.840
19.850
19.860
19.870
19.880
19.890
19.900
19.910
19.920
19.930
19.940
19.950
19.960
19.970
19.980
19.990
20.000
20.010
20.020
20.030
20.040
20.050
20.060
20.070
20.080
20.090
20.100
20.110
20.120
20.130
20.140
20.150
20.160
20.170
20.180
20.190
20.200
20.210
20.220
20.230
20.240
20.250
20.260
20.270
20.280
20.290
20.300
20.310
20.320
20.330
20.340
20.350
20.360
20.370
20.380
20.390
20.400
20.410
20.420
20.430
20.440
20.450
20.460
20.470
20.480
20.490
20.500
20.510
20.520
20.530
20.540
20.550
20.560
20.570
20.580
20.590
20.600
20.610
20.620
20.630
20.640
20.650
20.660
20.670
20.680
20.690
20.700
20.710
20.720
20.730
20.740
20.750
20.760
20.770
20.780
20.790
20.800
20.810
20.820
20.830
20.840
20.850
20.860
20.870
20.880
20.890
20.900
20.910
20.920
20.930
20.940
20.950
20.960
20.970
20.980
20.990
21.000
21.010
21.020
21.030
21.040
21.050
21.060
21.070
21.080
21.090
21.100
21.110
21.120
21.130
21.140
21.150
21.160
21.170
21.180
21.190
21.200
21.210
21.220
21.230
21.240
21.250
21.260
21.270
21.280
21.290
21.300
21.310
21.320
21.330
21.340
21.350
21.360
21.370
21.380
21.390
21.400
21.410
21.420
21.430
21.440
21.450
21.460
21.470
21.480
21.490
21.500
21.510
21.520
21.530
21.540
21.550
21.560
21.570
21.580
21.590
21.600
21.610
21.620
21.630
21.640
21.650
21.660
21.670
21.680
21.690
21.700
21.710
21.720
21.730
21.740
21.750
21.760
21.770
21.780
21.790
21.800
21.810
21.820
21.830
21.840
21.850
21.860
21.870
21.880
21.890
21.900
21.910
21.920
21.930
21.940
21.950
21.960
21.970
21.980
21.990
22.000
22.010
22.020
22.030
22.040
22.050
22.060
22.070
22.080
22.090
22.100
22.110
22.120
22.130
22.140
22.150
22.160
22.170
22.180
22.190
22.200
22.210
22.220
22.230
22.240
22.250
22.260
22.270
22.280
22.290
22.300
22.310
22.320
22.330
22.340
22.350
22.360
22.370
22.380
22.390
22.400
22.410
22.420
22.430
22.440
22.450
22.460
22.470
22.480
22.490
22.500
22.510
22.520
22.530
22.540
22.550
22.560
22.570
22.580
22.590
22.600
22.610
22.620
22.630
22.640
22.650
22.660
22.670
22.680
22.690
22.700
22.710
22.720
22.730
22.740
22.750
22.760
22.770
22.780
22.790
22.800
22.810
22.820
22.830
22.840
22.850
22.860
22.870
22.880
22.890
22.900
22.910
22.920
22.930
22.940
22.950
22.960
22.970
22.980
22.990
23.000
23.010
23.020
23.030
23.040
23.050
23.060
23.070
23.080
23.090
23.100
23.110
23.120
23.130
23.140
23.150
23.160
23.170
23.180
23.190
23.200
23.210
23.220
23.230
23.240
23.250
23.260
23.270
23.280
23.290
23.300
23.310
23.320
23.330
23.340
23.350
23.360
23.370
23.380
23.390
23.400
23.410
23.420
23.430
23.440
23.450
23.460
23.470
23.480
23.490
23.500
23.510
23.520
23.530
23.540
23.550
23.560
23.570
23.580
23.590
23.600
23.610
23.620
23.630
23.640
23.650
23.660
23.670
23.680
23.690
23.700
23.710
23.720
23.730
23.740
23.750
23.760
23.770
23.780
23.790
23.800
23.810
23.820
23.830
23.840
23.850
23.860
23.870
23.880
23.890
23.900
23.910
23.920
23.930
23.940
23.950
23.960
23.970
23.980
23.990
24.000
24.010
24.020
24.030
24.040
24.050
24.060
24.070
24.080
24.090
24.100
24.110
24.120
24.130
24.140
24.150
24.160
24.170
24.180
24.190
24.200
24.210
24.220
24.230
24.240
24.250
24.260
24.270
24.280
24.290
24.300
24.310
24.320
24.330
24.340
24.350
24.360
24.370
24.380
24.390
24.400
24.410
24.420
24.430
24.440
24.450
24.460
24.470
24.480
24.490
24.500
24.510
24.520
24.530
24.540
24.550
24.560
24.570
24.580
24.590
24.600
24.610
24.620
24.630
24.640
24.650
24.660
24.670
24.680
24.690
24.700
24.710
24.720
24.730
24.740
24.750
24.760
24.770
24.780
24.790
24.800
24.810
24.820
24.830
24.840
24.850
24.860
24.870
24.880
24.890
24.900
24.910
24.920
24.930
24.940
24.950
24.960
24.970
24.980
24.990
25.000
25.010
25.020
25.030
25.040
25.050
25.060
25.070
25.080
25.090
25.100
25.110
25.120
25.130
25.140
25.150
25.160
25.170
25.180
25.190
25.200
25.210
25.220
25.230
25.240
25.250
25.260
25.270
25.280
25.290
25.300
25.310
25.320
25.330
25.340
25.350
25.360
25.370
25.380
25.390
25.400
25.410
25.420
25.430
25.440
25.450
25.460
25.470
25.480
25.490
25.500
25.510
25.520
25.530
25.540
25.550
25.560
25.570
25.580
25.590
25.600
25.610
25.620
25.630
25.640
25.650
25.660
25.670
25.680
25.690
25.700
25.710
25.720
25.730
25.740
25.750
25.760
25.770
25.780
25.790
25.800
25.810
25.820
25.830
25.840
25.850
25.860
25.870
25.880
25.890
25.900
25.910
25.920
25.930
25.940
25.950
25.960
25.970
25.980
25.990
26.000
26.010
26.020
26.030
26.040
26.050
26.060
26.070
26.080
26.090
26.100
26.110
26.120
26.130
26.140
26.150
26.160
26.170
26.180
26.190
26.200
26.210
26.220
26.230
26.240
26.250
26.260
26.270
26.280
26.290
26.300
26.310
26.320
26.330
26.340
26.350
26.360
26.370
26.380
26.390
26.400
26.410
26.420
26.430
26.440
26.450
26.460
26.470
26.480
26.490
26.500
26.510
26.520
26.530
26.540
26.550
26.560
26.570
26.580
26.590
26.600
26.610
26.620
26.630
26.640
26.650
26.660
26.670
26.680
26.690
26.700
26.710
26.720
26.730
26.740
26.750
26.760
26.770
26.780
26.790
26.800
26.810
26.820
26.830
26.840
26.850
26.860
26.870
26.880
26.890
26.900
26.910
26.920
26.930
26.940
26.950
26.960
26.970
26.980
26.990
27.000
27.010
27.020
27.030
27.040
27.050
27.060
27.070
27.080
27.090
27.100
27.110
27.120
27.130
27.140
27.150
27.160
27.170
27.180
27.190
27.200
27.210
27.220
27.230
27.240
27.250
27.260
27.270
27.280
27.290
27.300
27.310
27.320
27.330
27.340
27.350
27.360
27.370
27.380
27.390
27.400
27.410
27.420
27.430
27.440
27.450
27.460
27.470
27.480
27.490
27.500
27.510
27.520
27.530
27.540
27.550
27.560
27.570
27.580
27.590
27.600
27.610
27.620
27.630
27.640
27.650
27.660
27.670
27.680
27.690
27.700
27.710
27.720
27.730
27.740
27.750
27.760
27.770
27.780
27.790
27.800
27.810
27.820
27.830
27.840
27.850
27.860
27.870
27.880
27.890
27.900
27.910
27.920
27.930
27.940
27.950
27.960
27.970
27.980
27.990
28.000
28.010
28.020
28.030
28.040
28.050
28.060
28.070
28.080
28.090
28.100
28.110
28.120
28.130
28.140
28.150
28.160
28.170
28.180
28.190
28.200
28.210
28.220
28.230
28.240
28.250
28.260
28.270
28.280
28.290
28.300
28.310
28.320
28.330
28.340
28.350
28.360
28.370
28.380
28.390
28.400
28.410
28.420
28.430
28.440
28.450
28.460
28.470
28.480
28.490
28.500
28.510
28.520
28.530
28.540
28.550
28.560
28.570
28.580
28.590
28.600
28.610
28.620
28.630
28.640
28.650
28.660
28.670
28.680
28.690
28.700
28.710
28.720
28.730
28.740
28.750
28.760
28.770
28.780
28.790
28.800
28.810
28.820
28.830
28.840
28.850
28.860
28.870
28.880
28.890
28.900
28.910
28.920
28.930
28.940
28.950
28.960
28.970
28.980
28.990
29.000
29.010
29.020
29.030
29.040
29.050
29.060
29.070
29.080
29.090
29.100
29.110
29.120
29.130
29.140
29.150
29.160
29.170
29.180
29.190
29.200
29.210
29.220
29.230
29.240
29.250
29.260
29.270
29.280
29.290
29.300
29.310
29.320
29.330
29.340
29.350
29.360
29.370
29.380
29.390
29.400
29.410
29.420
29.430
29.440
29.450
29.460
29.470
29.480
29.490
29.500
29.510
29.520
29.530
29.540
29.550
29.560
29.570
29.580
29.590
29.600
29.610
29.620
29.630
29.640
29.650
29.660
29.670
29.680
29.690
29.700
29.710
29.720
29.730
29.740
29.750
29.760
29.770
29.780
29.790
29.800
29.810
29.820
29.830
29.840
29.850
29.860
29.870
29.880
29.890
29.900
29.910
29.920
29.930
29.940
29.950
29.960
29.970
29.980
29.990
30.000
30.010
30.020
30.030
30.040
30.050
30.060
30.070
30.080
30.090
30.100
30.110
30.120
30.130
30.140
30.150
30.160
30.170
30.180
30.190
30.200
30.210
30.220
30.230
30.240
30.250
30.260
30.270
30.280
30.290
30.300
30.310
30.320
30.330
30.340
30.350
30.360
30.370
30.380
30.390
30.400
30.410
30.420
30.430
30.440
30.450
30.460
30.470
30.480
30.490
30.500
30.510
30.520
30.530
30.540
30.550
30.560
30.570
30.580
30.590
30.600
30.610
30.620
30.630
30.640
30.650
30.660
30.670
30.680
30.690
30.700
30.710
30.720
30.730
30.740
30.750
30.760
30.770
30.780
30.790
30.800
30.810
30.820
30.830
30.840
30.850
30.860
30.870
30.880
30.890
30.900
30.910
30.920
30.930
30.940
30.950
30.960
30.970
30.980
30.990
31.000
31.010
31.020
31.030
31.040
31.050
31.060
31.070
31.080
31.090
31.100
31.110
31.120
31.130
31.140
31.150
31.160
31.170
31.180
31.190
31.200
31.210
31.220
31.230
31.240
31.250
31.260
31.270
31.280
31.290
31.300
31.310
31.320
31.330
31.340
31.350
31.360
31.370
31.380
31.390
31.400
31.410
31.420
31.430
31.440
31.450
31.460
31.470
31.480
31.490
31.500
31.510
31.520
31.530
31.540
31.550
31.560
31.570
31.580
31.590
31.600
31.610
31.620
31.630
31.640
31.650
31.660
31.670
31.680
31.690
31.700
31.710
31.720
31.730
31.740
31.750
31.760
31.770
31.780
31.790
31.800
31.810
31.820
31.830
31.840
31.850
31.860
31.870
31.880
31.890
31.900
31.910
31.920
31.930
31.940
31.950
31.960
31.970
31.980
31.990
32.000
32.010
32.020
32.030
32.040
32.050
32.060
32.070
32.080
32.090
32.100
32.110
32.120
32.130
32.140
32.150
32.160
32.170
32.180
32.190
32.200
32.210
32.220
32.230
32.240
32.250
32.260
32.270
32.280
32.290
32.300
32.310
32.320
32.330
32.340
32.350
32.360
32.370
32.380
32.390
32.400
32.410
32.420
32.430
32.440
32.450
32.460
32.470
32.480
32.490
32.500
32.510
32.520
32.530
32.540
32.550
32.560
32.570
32.580
32.590
32.600
32.610
32.620
32.630
32.640
32.650
32.660
32.670
32.680
32.690
32.700
32.710
32.720
32.730
32.740
32.750
32.760
32.770
32.780
32.790
32.800
32.810
32.820
32.830
32.840
32.850
32.860
32.870
32.880
32.890
32.900
32.910
32.920
32.930
32.940
32.950
32.960
32.970
32.980
32.990
33.000
33.010
33.020
33.030
33.040
33.050
33.060
33.070
33.080
33.090
33.100
33.110
33.120
33.130
33.140
33.150
33.160
33.170
33.180
33.190
33.200
33.210
33.220
33.230
33.240
33.250
33.260
33.270
33.280
33.290
33.300
33.310
33.320
33.330
33.340
33.350
33.360
33.370
33.380
33.390
33.400
33.410
33.420
33.430
33.440
33.450
33.460
33.470
33.480
33.490
33.500
33.510
33.520
33.530
33.540
33.550
33.560
33.570
33.580
33.590
33.600
33.610
33.620
33.630
33.640
33.650
33.660
33.670
33.680
33.690
33.700
33.710
33.720
33.730
33.740
33.750
33.760
33.770
33.780
33.790
33.800
33.810
33.820
33.830
33.840
33.850
33.860
33.870
33.880
33.890
33.900
33.910
33.920
33.930
33.940
33.950
33.960
33.970
33.980
33.990
34.000
34.010
34.020
34.030
34.040
34.050
34.060
34.070
34.080
34.090
34.100
34.110
34.120
34.130
34.140
34.150
34.160
34.170
34.180
34.190
34.200
34.210
34.220
34.230
34.240
34.250
34.260
34.270
34.280
34.290
34.300
34.310
34.320
34.330
34.340
34.350
34.360
34.370
34.380
34.390
34.400
34.410
34.420
34.430
34.440
34.450
34.460
34.470
34.480
34.490
34.500
34.510
34.520
34.530
34.540
34.550
34.560
34.570
34.580
34.590
34.600
34.610
34.620
34.630
34.640
34.650
34.660
34.670
34.680
34.690
34.700
34.710
34.720
34.730
34.740
34.750
34.760
34.770
34.780
34.790
34.800
34.810
34.820
34.830
34.840
34.850
34.860
34.870
34.880
34.890
34.900
34.910
34.920
34.930
34.940
34.950
34.960
34.970
34.980
34.990
35.000
35.010
35.020
35.030
35.040
35.050
35.060
35.070
35.080
35.090
35.100
35.110
35.120
35.130
35.140
35.150
35.160
35.170
35.180
35.190
35.200
35.210
35.220
35.230
35.240
35.250
35.260
35.270
35.280
35.290
35.300
35.310
35.320
35.330
35.340
35.350
35.360
35.370
35.380
35.390
35.400
35.410
35.420
35.430
35.440
35.450
35.460
35.470
35.480
35.490
35.500
35.510
35.520
35.530
35.540
35.550
35.560
35.570
35.580
35.590
35.600
35.610
35.620
35.630
35.640
35.650
35.660
35.670
35.680
35.690
35.700
35.710
35.720
35.730
35.740
35.750
35.760
35.770
35.780
35.790
35.800
35.810
35.820
35.830
35.840
35.850
35.860
35.870
35.880
35.890
35.900
35.910
35.920
35.930
35.940
35.950
35.960
35.970
35.980
35.990
36.000
36.010
36.020
36.030
36.040
36.050
36.060
36.070
36.080
36.090
36.100
36.110
36.120
36.130
36.140
36.150
36.160
36.170
36.180
36.190
36.200
36.210
36.220
36.230
36.240
36.250
36.260
36.270
36.280
36.290
36.300
36.310
36.320
36.330
36.340
36.350
36.360
36.370
36.380
36.390
36.400
36.410
36.420
36.430
36.440
36.450
36.460
36.470
36.480
36.490
36.500
36.510
36.520
36.530
36.540
36.550
36.560
36.570
36.580
36.590
36.600
36.610
36.620
36.630
36.640
36.650
36.660
36.670
36.680
36.690
36.700
36.710
36.720
36.730
36.740
36.750
36.760
36.770
36.780
36.790
36.800
36.810
36.820
36.830
36.840
36.850
36.860
36.870
36.880
36.890
36.900
36.910
36.920
36.930
36.940
36.950
36.960
36.970
36.980
36.990
37.000
37.010
37.020
37.030
37.040
37.050
37.060
37.070
37.080
37.090
37.100
37.110
37.120
37.130
37.140
37.150
37.160
37.170
37.180
37.190
37.200
37.210
37.220
37.230
37.240
37.250
37.260
37.270
37.280
37.290
37.300
37.310
37.320
37.330
37.340
37.350
37.360
37.370
37.380
37.390
37.400
37.410
37.420
37.430
37.440
37.450
37.460
37.470
37.480
37.490
37.500
37.510
37.520
37.530
37.540
37.550
37.560
37.570
37.580
37.590
37.600
37.610
37.620
37.630
37.640
37.650
37.660
37.670
37.680
37.690
37.700
37.710
37.720
37.730
37.740
37.750
37.760
37.770
37.780
37.790
37.800
37.810
37.820
37.830
37.840
37.850
37.860
37.870
37.880
37.890
37.900
37.910
37.920
37.930
37.940
37.950
37.960
37.970
37.980
37.990
38.000
38.010
38.020
38.030
38.040
38.050
38.060
38.070
38.080
38.090
38.100
38.110
38.120
38.130
38.140
38.150
38.160
38.170
38.180
38.190
38.200
38.210
38.220
38.230
38.240
38.250
38.260
38.270
38.280
38.290
38.300
38.310
38.320
38.330
38.340
38.350
38.360
38.370
38.380
38.390
38.400
38.410
38.420
38.430
38.440
38.450
38.460
38.470
38.480
38.490
38.500
38.510
38.520
38.530
38.540
38.550
38.560
38.570
38.580
38.590
38.600
38.610
38.620
38.630
38.640
38.650
38.660
38.670
38.680
38.690
38.700
38.710
38.720
38.730
38.740
38.750
38.760
38.770
38.780
38.790
38.800
38.810
38.820
38.830
38.840
38.850
38.860
38.870
38.880
38.890
38.900
38.910
38.920
38.930
38.940
38.950
38.960
38.970
38.980
38.990
39.000
39.010
39.020
39.030
39.040
39.050
39.060
39.070
39.080
39.090
39.100
39.110
39.120
39.130
39.140
39.150
39.160
39.170
39.180
39.190
39.200
39.210
39.220
39.230
39.240
39.250
39.260
39.270
39.280
39.290
39.300
39.310
39.320
39.330
39.340
39.350
39.360
39.370
39.380
39.390
39.400
39.410
39.420
39.430
39.440
39.450
39.460
39.470
39.480
39.490
39.500
39.510
39.520
39.530
39.540
39.550
39.560
39.570
39.580
39.590
39.600
39.610
39.620
39.630
39.640
39.650
39.660
39.670
39.680
39.690
39.700
39.710
39.720
39.730
39.740
39.750
39.760
39.770
39.780
39.790
39.800
39.810
39.820
39.830
39.840
39.850
39.860
39.870
39.880
39.890
39.900
39.910
39.920
39.930
39.940
39.950
39.960
39.970
39.980
39.990
40.000
40.010
40.020
40.030
40.040
40.050
40.060
40.070
40.080
40.090
40.100
40.110
40.120
40.130
40.140
40.150
40.160
40.170
40.180
40.190
40.200
40.210
40.220
40.230
40.240
40.250
40.260
40.270
40.280
40.290
40.300
40.310
40.320
40.330
40.340
40.350
40.360
40.370
40.380
40.390
40.400
40.410
40.420
40.430
40.440
40.450
40.460
40.470
40.480
40.490
40.500
40.510
40.520
40.530
40.540
40.550
40.560
40.570
40.580
40.590
40.600
40.610
40.620
40.630
40.640
40.650
40.660
40.670
40.680
40.690
40.700
40.710
40.720
40.730
40.740
40.750
40.760
40.770
40.780
40.790
40.800
40.810
40.820
40.830
40.840
40.850
40.860
40.870
40.880
40.890
40.900
40.910
40.920
40.930
40.940
40.950
40.960
40.970
40.980
40.990
41.000
41.010
41.020
41.030
41.040
41.050
41.060
41.070
41.080
41.090
41.100
41.110
41.120
41.130
41.140
41.150
41.160
41.170
41.180
41.190
41.200
41.210
41.220
41.230
41.240
41.250
41.260
41.270
41.280
41.290
41.300
41.310
41.320
41.330
41.340
41.350
41.360
41.370
41.380
41.390
41.400
41.410
41.420
41.430
41.440
41.450
41.460
41.470
41.480
41.490
41.500
41.510
41.520
41.530
41.540
41.550
41.560
41.570
41.580
41.590
41.600
41.610
41.620
41.630
41.640
41.650
41.660
41.670
41.680
41.690
41.700
41.710
41.720
41.730
41.740
41.750
41.760
41.770
41.780
41.790
41.800
41.810
41.820
41.830
41.840
41.850
41.860
41.870
41.880
41.890
41.900
41.910
41.920
41.930
41.940
41.950
41.960
41.970
41.980
41.990
42.000
42.010
42.020
42.030
42.040
42.050
42.060
42.070
42.080
42.090
42.100
42.110
42.120
42.130
42.140
42.150
42.160
42.170
42.180
42.190
42.200
42.210
42.220
42.230
42.240
42.250
42.260
42.270
42.280
42.290
42.300
42.310
42.320
42.330
42.340
42.350
42.360
42.370
42.380
42.390
42.400
42.410
42.420
42.430
42.440
42.450
42.460
42.470
42.480
42.490
42.500
42.510
42.520
42.530
42.540
42.550
42.560
42.570
42.580
42.590
42.600
42.610
42.620
42.630
42.640
42.650
42.660
42.670
42.680
42.690
42.700
42.710
42.720
42.730
42.740
42.750
42.760
42.770
42.780
42.790
42.800
42.810
42.820
42.830
42.840
42.850
42.860
42.870
42.880
42.890
42.900
42.910
42.920
42.930
42.940
42.950
42.960
42.970
42.980
42.990
43.000
43.010
43.020
43.030
43.040
43.050
43.060
43.070
43.080
43.090
43.100
43.110
43.120
43.130
43.140
43.150
43.160
43.170
43.180
43.190
43.200
43.210
43.220
43.230
43.240
43.250
43.260
43.270
43.280
43.290
43.300
43.310
43.320
43.330
43.340
43.350
43.360
43.370
43.380
43.390
43.400
43.410
43.420
43.430
43.440
43.450
43.460
43.470
43.480
43.490
43.500
43.510
43.520
43.530
43.540
43.550
43.560
43.570
43.580
43.590
43.600
43.610
43.620
43.630
43.640
43.650
43.660
43.670
43.680
43.690
43.700
43.710
43.720
43.730
43.740
43.750
43.760
43.770
43.780
43.790
43.800
43.810
43.820
43.830
43.840
43.850
43.860
43.870
43.880
43.890
43.900
43.910
43.920
43.930
43.940
43.950
43.960
43.970
43.980
43.990
44.000
44.010
44.020
44.030
44.040
44.050
44.060
44.070
44.080
44.090
44.100
44.110
44.120
44.130
44.140
44.150
44.160
44.170
44.180
44.190
44.200
44.210
44.220
44.230
44.240
44.250
44.260
44.270
44.280
44.290
44.300
44.310
44.320
44.330
44.340
44.350
44.360
44.370
44.380
44.390
44.400
44.410
44.420
44.430
44.440
44.450
44.460
44.470
44.480
44.490
44.500
44.510
44.520
44.530
44.540
44.550
44.560
44.570
44.580
44.590
44.600
44.610
44.620
44.630
44.640
44.650
44.660
44.670
44.680
44.690
44.700
44.710
44.720
44.730
44.740
44.750
44.760
44.770
44.780
44.790
44.800
44.810
44.820
44.830
44.840
44.850
44.860
44.870
44.880
44.890
44.900
44.910
44.920
44.930
44.940
44.950
44.960
44.970
44.980
44.990
45.000
45.010
45.020
45.030
45.040
45.050
45.060
45.070
45.080
45.090
45.100
45.110
45.120
45.130
45.140
45.150
45.160
45.170
45.180
45.190
45.200
45.210
45.220
45.230
45.240
45.250
45.260
45.270
45.280
45.290
45.300
45.310
45.320
45.330
45.340
45.350
45.360
45.370
45.380
45.390
45.400
45.410
45.420
45.430
45.440
45.450
45.460
45.470
45.480
45.490
45.500
45.510
45.520
45.530
45.540
45.550
45.560
45.570
45.580
45.590
45.600
45.610
45.620
45.630
45.640
45.650
45.660
45.670
45.680
45.690
45.700
45.710
45.720
45.730
45.740
45.750
45.760
45.770
45.780
45.790
45.800
45.810
45.820
45.830
45.840
45.850
45.860
45.870
45.880
45.890
45.900
45.910
45.920
45.930
45.940
45.950
45.960
45.970
45.980
45.990
46.000
46.010
46.020
46.030
46.040
46.050
46.060
46.070
46.080
46.090
46.100
46.110
46.120
46.130
46.140
46.150
46.160
46.170
46.180
46.190
46.200
46.210
46.220
46.230
46.240
46.250
46.260
46.270
46.280
46.290
46.300
46.310
46.320
46.330
46.340
46.350
46.360
46.370
46.380
46.390
46.400
46.410
46.420
46.430
46.440
46.450
46.460
46.470
46.480
46.490
46.500
46.510
46.520
46.530
46.540
46.550
46.560
46.570
46.580
46.590
46.600
46.610
46.620
46.630
46.640
46.650
46.660
46.670
46.680
46.690
46.700
46.710
46.720
46.730
46.740
46.750
46.760
46.770
46.780
46.790
46.800
46.810
46.820
46.830
46.840
46.850
46.860
46.870
46.880
46.890
46.900
46.910
46.920
46.930
46.940
46.950
46.960
46.970
46.980
46.990
47.000
47.010
47.020
47.030
47.040
47.050
47.060
47.070
47.080
47.090
47.100
47.110
47.120
47.130
47.140
47.150
47.160
47.170
47.180
47.190
47.200
47.210
47.220
47.230
47.240
47.250
47.260
47.270
47.280
47.290
47.300
47.310
47.320
47.330
47.340
47.350
47.360
47.370
47.380
47.390
47.400
47.410
47.420
47.430
47.440
47.450
47.460
47.470
47.480
47.490
47.500
47.510
47.520
47.530
47.540
47.550
47.560
47.570
47.580
47.590
47.600
47.610
47.620
47.630
47.640
47.650
47.660
47.670
47.680
47.690
47.700
47.710
47.720
47.730
47.740
47.750
47.760
47.770
47.780
47.790
47.800
47.810
47.820
47.830
47.840
47.850
47.860
47.870
47.880
47.890
47.900
47.910
47.920
47.930
47.940
47.950
47.960
47.970
47.980
47.990
48.000
48.010
48.020
48.030
48.040
48.050
48.060
48.070
48.080
48.090
48.100
48.110
48.120
48.130
48.140
48.150
48.160
48.170
48.180
48.190
48.200
48.210
48.220
48.230
48.240
48.250
48.260
48.270
48.280
48.290
48.300
48.310
48.320
48.330
48.340
48.350
48.360
48.370
48.380
48.390
48.400
48.410
48.420
48.430
48.440
48.450
48.460
48.470
48.480
48.490
48.500
48.510
48.520
48.530
48.540
48.550
48.560
48.570
48.580
48.590
48.600
48.610
48.620
48.630
48.640
48.650
48.660
48.670
48.680
48.690
48.700
48.710
48.720
48.730
48.740
48.750
48.760
48.770
48.780
48.790
48.800
48.810
48.820
48.830
48.840
48.850
48.860
48.870
48.880
48.890
48.900
48.910
48.920
48.930
48.940
48.950
48.960
48.970
48.980
48.990
49.000
49.010
49.020
49.030
49.040
49.050
49.060
49.070
49.080
49.090
49.100
49.110
49.120
49.130
49.140
49.150
49.160
49.170
49.180
49.190
49.200
49.210
49.220
49.230
49.240
49.250
49.260
49.270
49.280
49.290
49.300
49.310
49.320
49.330
49.340
49.350
49.360
49.370
49.380
49.390
49.400
49.410
49.420
49.430
49.440
49.450
49.460
49.470
49.480
49.490
49.500
49.510
49.520
49.530
49.540
49.550
49.560
49.570
49.580
49.590
49.600
49.610
49.620
49.630
49.640
49.650
49.660
49.670
49.680
49.690
49.700
49.710
49.720
49.730
49.740
49.750
49.760
49.770
49.780
49.790
49.800
49.810
49.820
49.830
49.840
49.850
49.860
49.870
49.880
49.890
49.900
49.910
49.920
49.930
49.940
49.950
49.960
49.970
49.980
49.990
50.000
50.010
50.020
50.030
50.040
50.050
50.060
50.070
50.080
50.090
50.100
50.110
50.120
50.130
50.140
50.150
50.160
50.170
50.180
50.190
50.200
50.210
50.220
50.230
50.240
50.250
50.260
50.270
50.280
50.290
50.300
50.310
50.320
50.330
50.340
50.350
50.360
50.370
50.380
50.390
50.400
50.410
50.420
50.430
50.440
50.450
50.460
50.470
50.480
50.490
50.500
50.510
50.520
50.530
50.540
50.550
50.560
50.570
50.580
50.590
50.600
50.610
50.620
50.630
50.640
50.650
50.660
50.670
50.680
50.690
50.700
50.710
50.720
50.730
50.740
50.750
50.760
50.770
50.780
50.790
50.800
50.810
50.820
50.830
50.840
50.850
50.860
50.870
50.880
50.890
50.900
50.910
50.920
50.930
50.940
50.950
50.960
50.970
50.980
50.990
51.000
51.010
51.020
51.030
51.040
51.050
51.060
51.070
51.080
51.090
51.100
51.110
51.120
51.130
51.140
51.150
51.160
51.170
51.180
51.190
51.200
51.210
51.220
51.230
51.240
51.250
51.260
51.270
51.280
51.290
51.300
51.310
51.320
51.330
51.340
51.350
51.360
51.370
51.380
51.390
51.400
51.410
51.420
51.430
51.440
51.450
51.460
51.470
51.480
51.490
51.500
51.510
51.520
51.530
51.540
51.550
51.560
51.570
51.580
51.590
51.600
51.610
51.620
51.630
51.640
51.650
51.660
51.670
51.680
51.690
51.700
51.710
51.720
51.730
51.740
51.750
51.760
51.770
51.780
51.790
51.800
51.810
51.820
51.830
51.840
51.850
51.860
51.870
51.880
51.890
51.900
51.910
51.920
51.930
51.940
51.950
51.960
51.970
51.980
51.990
52.000
52.010
52.020
52.030
52.040
52.050
52.060
52.070
52.080
52.090
52.100
52.110
52.120
52.130
52.140
52.150
52.160
52.170
52.180
52.190
52.200
52.210
52.220
52.230
52.240
52.250
52.260
52.270
52.280
52.290
52.300
52.310
52.320
52.330
52.340
52.350
52.360
52.370
52.380
52.390
52.400
52.410
52.420
52.430
52.440
52.450
52.460
52.470
52.480
52.490
52.500
52.510
52.520
52.530
52.540
52.550
52.560
52.570
52.580
52.590
52.600
52.610
52.620
52.630
52.640
52.650
52.660
52.670
52.680
52.690
52.700
52.710
52.720
52.730
52.740
52.750
52.760
52.770
52.780
52.790
52.800
52.810
52.820
52.830
52.840
52.850
52.860
52.870
52.880
52.890
52.900
52.910
52.920
52.930
52.940
52.950
52.960
52.970
52.980
52.990
53.000
53.010
53.020
53.030
53.040
53.050
53.060
53.070
53.080
53.090
53.100
53.110
53.120
53.130
53.140
53.150
53.160
53.170
53.180
53.190
53.200
53.210
53.220
53.230
53.240
53.250
53.260
53.270
53.280
53.290
53.300
53.310
53.320
53.330
53.340
53.350
53.360
53.370
53.380
53.390
53.400
53.410
53.420
53.430
53.440
53.450
53.460
53.470
53.480
53.490
53.500
53.510
53.520
53.530
53.540
53.550
53.560
53.570
53.580
53.590
53.600
53.610
53.620
53.630
53.640
53.650
53.660
53.670
53.680
53.690
53.700
53.710
53.720
53.730
53.740
53.750
53.760
53.770
53.780
53.790
53.800
53.810
53.820
53.830
53.840
53.850
53.860
53.870
53.880
53.890
53.900
53.910
53.920
53.930
53.940
53.950
53.960
53.970
53.980
53.990
54.000
54.010
54.020
54.030
54.040
54.050
54.060
54.070
54.080
54.090
54.100
54.110
54.120
54.130
54.140
54.150
54.160
54.170
54.180
54.190
54.200
54.210
54.220
54.230
54.240
54.250
54.260
54.270
54.280
54.290
54.300
54.310
54.320
54.330
54.340
54.350
54.360
54.370
54.380
54.390
54.400
54.410
54.420
54.430
54.440
54.450
54.460
54.470
54.480
54.490
54.500
54.510
54.520
54.530
54.540
54.550
54.560
54.570
54.580
54.590
54.600
54.610
54.620
54.630
54.640
54.650
54.660
54.670
54.680
54.690
54.700
54.710
54.720
54.730
54.740
54.750
54.760
54.770
54.780
54.790
54.800
54.810
54.820
54.830
54.840
54.850
54.860
54.870
54.880
54.890
54.900
54.910
54.920
54.930
54.940
54.950
54.960
54.970
54.980
54.990
55.000
55.010
55.020
55.030
55.040
55.050
55.060
55.070
55.080
55.090
55.100
55.110
55.120
55.130
55.140
55.150
55.160
55.170
55.180
55.190
55.200
55.210
55.220
55.230
55.240
55.250
55.260
55.270
55.280
55.290
55.300
55.310
55.320
55.330
55.340
55.350
55.360
55.370
55.380
55.390
55.400
55.410
55.420
55.430
55.440
55.450
55.460
55.470
55.480
55.490
55.500
55.510
55.520
55.530
55.540
55.550
55.560
55.570
55.580
55.590
55.600
55.610
55.620
55.630
55.640
55.650
55.660
55.670
55.680
55.690
55.700
55.710
55.720
55.730
55.740
55.750
55.760
55.770
55.780
55.790
55.800
55.810
55.820
55.830
55.840
55.850
55.860
55.870
55.880
55.890
55.900
55.910
55.920
55.930
55.940
55.950
55.960
55.970
55.980
55.990
56.000
56.010
56.020
56.030
56.040
56.050
56.060
56.070
56.080
56.090
56.100
56.110
56.120
56.130
56.140
56.150
56.160
56.170
56.180
56.190
56.200
56.210
56.220
56.230
56.240
56.250
56.260
56.270
56.280
56.290
56.300
56.310
56.320
56.330
56.340
56.350
56.360
56.370
56.380
56.390
56.400
56.410
56.420
56.430
56.440
56.450
56.460
56.470
56.480
56.490
56.500
56.510
56.520
56.530
56.540
56.550
56.560
56.570
56.580
56.590
56.600
56.610
56.620
56.630
56.640
56.650
56.660
56.670
56.680
56.690
56.700
56.710
56.720
56.730
56.740
56.750
56.760
56.770
56.780
56.790
56.800
56.810
56.820
56.830
56.840
56.850
56.860
56.870
56.880
56.890
56.900
56.910
56.920
56.930
56.940
56.950
56.960
56.970
56.980
56.990
57.000
57.010
57.020
57.030
57.040
57.050
57.060
57.070
57.080
57.090
57.100
57.110
57.120
57.130
57.140
57.150
57.160
57.170
57.180
57.190
57.200
57.210
57.220
57.230
57.240
57.250
57.260
57.270
57.280
57.290
57.300
57.310
57.320
57.330
57.340
57.350
57.360
57.370
57.380
57.390
57.400
57.410
57.420
57.430
57.440
57.450
57.460
57.470
57.480
57.490
57.500
57.510
57.520
57.530
57.540
57.550
57.560
57.570
57.580
57.590
57.600
57.610
57.620
57.630
57.640
57.650
57.660
57.670
57.680
57.690
57.700
57.710
57.720
57.730
57.740
57.750
57.760
57.770
57.780
57.790
57.800
57.810
57.820
57.830
57.840
57.850
57.860
57.870
57.880
57.890
57.900
57.910
57.920
57.930
57.940
57.950
57.960
57.970
57.980
57.990
58.000
58.010
58.020
58.030
58.040
58.050
58.060
58.070
58.080
58.090
58.100
58.110
58.120
58.130
58.140
58.150
58.160
58.170
58.180
58.190
58.200
58.210
58.220
58.230
58.240
58.250
58.260
58.270
58.280
58.290
58.300
58.310
58.320
58.330
58.340
58.350
58.360
58.370
58.380
58.390
58.400
58.410
58.420
58.430
58.440
58.450
58.460
58.470
58.480
58.490
58.500
58.510
58.520
58.530
58.540
58.550
58.560
58.570
58.580
58.590
58.600
58.610
58.620
58.630
58.640
58.650
58.660
58.670
58.680
58.690
58.700
58.710
58.720
58.730
58.740
58.750
58.760
58.770
58.780
58.790
58.800
58.810
58.820
58.830
58.840
58.850
58.860
58.870
58.880
58.890
58.900
58.910
58.920
58.930
58.940
58.950
58.960
58.970
58.980
58.990
59.000
59.010
59.020
59.030
59.040
59.050
59.060
59.070
59.080
59.090
59.100
59.110
59.120
59.130
59.140
59.150
59.160
59.170
59.180
59.190
59.200
59.210
59.220
59.230
59.240
59.250
59.260
59.270
59.280
59.290
59.300
59.310
59.320
59.330
59.340
59.350
59.360
59.370
59.380
59.390
59.400
59.410
59.420
59.430
59.440
59.450
59.460
59.470
59.480
59.490
59.500
59.510
59.520
59.530
59.540
59.550
59.560
59.570
59.580
59.590
59.600
59.610
59.620
59.630
59.640
59.650
59.660
59.670
59.680
59.690
59.700
59.710
59.720
59.730
59.740
59.750
59.760
59.770
59.780
59.790
59.800
59.810
59.820
59.830
59.840
59.850
59.860
59.870
59.880
59.890
59.900
59.910
59.920
59.930
59.940
59.950
59.960
59.970
59.980
59.990
60.000
60.010
60.020
60.030
60.040
60.050
60.060
60.070
60.080
60.090
60.100
60.110
60.120
60.130
60.140
60.150
60.160
60.170
60.180
60.190
60.200
60.210
60.220
60.230
60.240
60.250
60.260
60.270
60.280
60.290
60.300
60.310
60.320
60.330
60.340
60.350
60.360
60.370
60.380
60.390
60.400
60.410
60.420
60.430
60.440
60.450
60.460
60.470
60.480
60.490
60.500
60.510
60.520
60.530
60.540
60.550
60.560
60.570
60.580
60.590
60.600
60.610
60.620
60.630
60.640
60.650
60.660
60.670
60.680
60.690
60.700
60.710
60.720
60.730
60.740
60.750
60.760
60.770
60.780
60.790
60.800
60.810
60.820
60.830
60.840
60.850
60.860
60.870
60.880
60.890
60.900
60.910
60.920
60.930
60.940
60.950
60.960
60.970
60.980
60.990
61.000
61.010
61.020
61.030
61.040
61.050
61.060
61.070
61.080
61.090
61.100
61.110
61.120
61.130
61.140
61.150
61.160
61.170
61.180
61.190
61.200
61.210
61.220
61.230
61.240
61.250
61.260
61.270
61.280
61.290
61.300
61.310
61.320
61.330
61.340
61.350
61.360
61.370
61.380
61.390
61.400
61.410
61.420
61.430
61.440
61.450
61.460
61.470
61.480
61.490
61.500
61.510
61.520
61.530
61.540
61.550
61.560
61.570
61.580
61.590
61.600
61.610
61.620
61.630
61.640
61.650
61.660
61.670
61.680
61.690
61.700
61.710
61.720
61.730
61.740
61.750
61.760
61.770
61.780
61.790
61.800
61.810
61.820
61.830
61.840
61.850
61.860
61.870
61.880
61.890
61.900
61.910
61.920
61.930
61.940
61.950
61.960
61.970
61.980
61.990
62.000
62.010
62.020
62.030
62.040
62.050
62.060
62.070
62.080
62.090
62.100
62.110
62.120
62.130
62.140
62.150
62.160
62.170
62.180
62.190
62.200
62.210
62.220
62.230
62.240
62.250
62.260
62.270
62.280
62.290
62.300
62.310
62.320
62.330
62.340
62.350
62.360
62.370
62.380
62.390
62.400
62.410
62.420
62.430
62.440
62.450
62.460
62.470
62.480
62.490
62.500
62.510
62.520
62.530
62.540
62.550
62.560
62.570
62.580
62.590
62.600
62.610
62.620
62.630
62.640
62.650
62.660
62.670
62.680
62.690
62.700
62.710
62.720
62.730
62.740
62.750
62.760
62.770
62.780
62.790
62.800
62.810
62.820
62.830
62.840
62.850
62.860
62.870
62.880
62.890
62.900
62.910
62.920
62.930
62.940
62.950
62.960
62.970
62.980
62.990
63.000
63.010
63.020
63.030
63.040
63.050
63.060
63.070
63.080
63.090
63.100
63.110
63.120
63.130
63.140
63.150
63.160
63.170
63.180
63.190
63.200
63.210
63.220
63.230
63.240
63.250
63.260
63.270
63.280
63.290
63.300
63.310
63.320
63.330
63.340
63.350
63.360
63.370
63.380
63.390
63.400
63.410
63.420
63.430
63.440
63.450
63.460
63.470
63.480
63.490
63.500
63.510
63.520
63.530
63.540
63.550
63.560
63.570
63.580
63.590
63.600
63.610
63.620
63.630
63.640
63.650
63.660
63.670
63.680
63.690
63.700
63.710
63.720
63.730
63.740
63.750
63.760
63.770
63.780
63.790
63.800
63.810
63.820
63.830
63.840
63.850
63.860
63.870
63.880
63.890
63.900
63.910
63.920
63.930
63.940
63.950
63.960
63.970
63.980
63.990
64.000
64.010
64.020
64.030
64.040
64.050
64.060
64.070
64.080
64.090
64.100
64.110
64.120
64.130
64.140
64.150
64.160
64.170
64.180
64.190
64.200
64.210
64.220
64.230
64.240
64.250
64.260
64.270
64.280
64.290
64.300
64.310
64.320
64.330
64.340
64.350
64.360
64.370
64.380
64.390
64.400
64.410
64.420
64.430
64.440
64.450
64.460
64.470
64.480
64.490
64.500
64.510
64.520
64.530
64.540
64.550
64.560
64.570
64.580
64.590
64.600
64.610
64.620
64.630
64.640
64.650
64.660
64.670
64.680
64.690
64.700
64.710
64.720
64.730
64.740
64.750
64.760
64.770
64.780
64.790
64.800
64.810
64.820
64.830
64.840
64.850
64.860
64.870
64.880
64.890
64.900
64.910
64.920
64.930
64.940
64.950
64.960
64.970
64.980
64.990
65.000
65.010
65.020
65.030
65.040
65.050
65.060
65.070
65.080
65.090
65.100
65.110
65.120
65.130
65.140
65.150
65.160
65.170
65.180
65.190
65.200
65.210
65.220
65.230
65.240
65.250
65.260
65.270
65.280
65.290
65.300
65.310
65.320
65.330
65.340
65.350
65.360
65.370
65.380
65.390
65.400
65.410
65.420
65.430
65.440
65.450
65.460
65.470
65.480
65.490
65.500
65.510
65.520
65.530
65.540
65.550
65.560
65.570
65.580
65.590
65.600
65.610
65.620
65.630
65.640
65.650
65.660
65.670
65.680
65.690
65.700
65.710
65.720
65.730
65.740
65.750
65.760
65.770
65.780
65.790
65.800
65.810
65.820
65.830
65.840
65.850
65.860
65.870
65.880
65.890
65.900
65.910
65.920
65.930
65.940
65.950
65.960
65.970
65.980
65.990
66.000
66.010
66.020
66.030
66.040
66.050
66.060
66.070
66.080
66.090
66.100
66.110
66.120
66.130
66.140
66.150
66.160
66.170
66.180
66.190
66.200
66.210
66.220
66.230
66.240
66.250
66.260
66.270
66.280
66.290
66.300
66.310
66.320
66.330
66.340
66.350
66.360
66.370
66.380
66.390
66.400
66.410
66.420
66.430
66.440
66.450
66.460
66.470
66.480
66.490
66.500
66.510
66.520
66.530
66.540
66.550
66.560
66.570
66.580
66.590
66.600
66.610
66.620
66.630
66.640
66.650
66.660
66.670
66.680
66.690
66.700
66.710
66.720
66.730
66.740
66.750
66.760
66.770
66.780
66.790
66.800
66.810
66.820
66.830
66.840
66.850
66.860
66.870
66.880
66.890
66.900
66.910
66.920
66.930
66.940
66.950
66.960
66.970
66.980
66.990
67.000
67.010
67.020
67.030
67.040
67.050
67.060
67.070
67.080
67.090
67.100
67.110
67.120
67.130
67.140
67.150
67.160
67.170
67.180
67.190
67.200
67.210
67.220
67.230
67.240
67.250
67.260
67.270
67.280
67.290
67.300
67.310
67.320
67.330
67.340
67.350
67.360
67.370
67.380
67.390
67.400
67.410
67.420
67.430
67.440
67.450
67.460
67.470
67.480
67.490
67.500
67.510
67.520
67.530
67.540
67.550
67.560
67.570
67.580
67.590
67.600
67.610
67.620
67.630
67.640
67.650
67.660
67.670
67.680
67.690
67.700
67.710
67.720
67.730
67.740
67.750
67.760
67.770
67.780
67.790
67.800
67.810
67.820
67.830
67.840
67.850
67.860
67.870
67.880
67.890
67.900
67.910
67.920
67.930
67.940
67.950
67.960
67.970
67.980
67.990
68.000
68.010
68.020
68.030
68.040
68.050
68.060
68.070
68.080
68.090
68.100
68.110
68.120
68.130
68.140
68.150
68.160
68.170
68.180
68.190
68.200
68.210
68.220
68.230
68.240
68.250
68.260
68.270
68.280
68.290
68.300
68.310
68.320
68.330
68.340
68.350
68.360
68.370
68.380
68.390
68.400
68.410
68.420
68.430
68.440
68.450
68.460
68.470
68.480
68.490
68.500
68.510
68.520
68.530
68.540
68.550
68.560
68.570
68.580
68.590
68.600
68.610
68.620
68.630
68.640
68.650
68.660
68.670
68.680
68.690
68.700
68.710
68.720
68.730
68.740
68.750
68.760
68.770
68.780
68.790
68.800
68.810
68.820
68.830
68.840
68.850
68.860
68.870
68.880
68.890
68.900
68.910
68.920
68.930
68.940
68.950
68.960
68.970
68.980
68.990
69.000
69.010
69.020
69.030
69.040
69.050
69.060
69.070
69.080
69.090
69.100
69.110
69.120
69.130
69.140
69.150
69.160
69.170
69.180
69.190
69.200
69.210
69.220
69.230
69.240
69.250
69.260
69.270
69.280
69.290
69.300
69.310
69.320
69.330
69.340
69.350
69.360
69.370
69.380
69.390
69.400
69.410
69.420
69.430
69.440
69.450
69.460
69.470
69.480
69.490
69.500
69.510
69.520
69.530
69.540
69.550
69.560
69.570
69.580
69.590
69.600
69.610
69.620
69.630
69.640
69.650
69.660
69.670
69.680
69.690
69.700
69.710
69.720
69.730
69.740
69.750
69.760
69.770
69.780
69.790
69.800
69.810
69.820
69.830
69.840
69.850
69.860
69.870
69.880
69.890
69.900
69.910
69.920
69.930
69.940
69.950
69.960
69.970
69.980
69.990
70.000
70.010
70.020
70.030
70.040
70.050
70.060
70.070
70.080
70.090
70.100
70.110
70.120
70.130
70.140
70.150
70.160
70.170
70.180
70.190
70.200
70.210
70.220
70.230
70.240
70.250
70.260
70.270
70.280
70.290
70.300
70.310
70.320
70.330
70.340
70.350
70.360
70.370
70.380
70.390
70.400
70.410
70.420
70.430
70.440
70.450
70.460
70.470
70.480
70.490
70.500
70.510
70.520
70.530
70.540
70.550
70.560
70.570
70.580
70.590
70.600
70.610
70.620
70.630
70.640
70.650
70.660
70.670
70.680
70.690
70.700
70.710
70.720
70.730
70.740
70.750
70.760
70.770
70.780
70.790
70.800
70.810
70.820
70.830
70.840
70.850
70.860
70.870
70.880
70.890
70.900
70.910
70.920
70.930
70.940
70.950
70.960
70.970
70.980
70.990
71.000
71.010
71.020
71.030
71.040
71.050
71.060
71.070
71.080
71.090
71.100
71.110
71.120
71.130
71.140
71.150
71.160
71.170
71.180
71.190
71.200
71.210
71.220
71.230
71.240
71.250
71.260
71.270
71.280
71.290
71.300
71.310
71.320
71.330
71.340
71.350
71.360
71.370
71.380
71.390
71.400
71.410
71.420
71.430
71.440
71.450
71.460
71.470
71.480
71.490
71.500
71.510
71.520
71.530
71.540
71.550
71.560
71.570
71.580
71.590
71.600
71.610
71.620
71.630
71.640
71.650
71.660
71.670
71.680
71.690
71.700
71.710
71.720
71.730
71.740
71.750
71.760
71.770
71.780
71.790
71.800
71.810
71.820
71.830
71.840
71.850
71.860
71.870
71.880
71.890
71.900
71.910
71.920
71.930
71.940
71.950
71.960
71.970
71.980
71.990
72.000
72.010
72.020
72.030
72.040
72.050
72.060
72.070
72.080
72.090
72.100
72.110
72.120
72.130
72.140
72.150
72.160
72.170
72.180
72.190
72.200
72.210
72.220
72.230
72.240
72.250
72.260
72.270
72.280
72.290
72.300
72.310
72.320
72.330
72.340
72.350
72.360
72.370
72.380
72.390
72.400
72.410
72.420
72.430
72.440
72.450
72.460
72.470
72.480
72.490
72.500
72.510
72.520
72.530
72.540
72.550
72.560
72.570
72.580
72.590
72.600
72.610
72.620
72.630
72.640
72.650
72.660
72.670
72.680
72.690
72.700
72.710
72.720
72.730
72.740
72.750
72.760
72.770
72.780
72.790
72.800
72.810
72.820
72.830
72.840
72.850
72.860
72.870
72.880
72.890
72.900
72.910
72.920
72.930
72.940
72.950
72.960
72.970
72.980
72.990
73.000
73.010
73.020
73.030
73.040
73.050
73.060
73.070
73.080
73.090
73.100
73.110
73.120
73.130
73.140
73.150
73.160
73.170
73.180
73.190
73.200
73.210
73.220
73.230
73.240
73.250
73.260
73.270
73.280
73.290
73.300
73.310
73.320
73.330
73.340
73.350
73.360
73.370
73.380
73.390
73.400
73.410
73.420
73.430
73.440
73.450
73.460
73.470
73.480
73.490
73.500
73.510
73.520
73.530
73.540
73.550
73.560
73.570
73.580
73.590
73.600
73.610
73.620
73.630
73.640
73.650
73.660
73.670
73.680
73.690
73.700
73.710
73.720
73.730
73.740
73.750
73.760
73.770
73.780
73.790
73.800
73.810
73.820
73.830
73.840
73.850
73.860
73.870
73.880
73.890
73.900
73.910
73.920
73.930
73.940
73.950
73.960
73.970
73.980
73.990
74.000
74.010
74.020
74.030
74.040
74.050
74.060
74.070
74.080
74.090
74.100
74.110
74.120
74.130
74.140
74.150
74.160
74.170
74.180
74.190
74.200
74.210
74.220
74.230
74.240
74.250
74.260
74.270
74.280
74.290
74.300
74.310
74.320
74.330
74.340
74.350
74.360
74.370
74.380
74.390
74.400
74.410
74.420
74.430
74.440
74.450
74.460
74.470
74.480
74.490
74.500
74.510
74.520
74.530
74.540
74.550
74.560
74.570
74.580
74.590
74.600
74.610
74.620
74.630
74.640
74.650
74.660
74.670
74.680
74.690
74.700
74.710
74.720
74.730
74.740
74.750
74.760
74.770
74.780
74.790
74.800
74.810
74.820
74.830
74.840
74.850
74.860
74.870
74.880
74.890
74.900
74.910
74.920
74.930
74.940
74.950
74.960
74.970
74.980
74.990
75.000
75.010
75.020
75.030
75.040
75.050
75.060
75.070
75.080
75.090
75.100
75.110
75.120
75.130
75.140
75.150
75.160
75.170
75.180
75.190
75.200
75.210
75.220
75.230
75.240
75.250
75.260
75.270
75.280
75.290
75.300
75.310
75.320
75.330
75.340
75.350
75.360
75.370
75.380
75.390
75.400
75.410
75.420
75.430
75.440
75.450
75.460
75.470
75.480
75.490
75.500
75.510
75.520
75.530
75.540
75.550
75.560
75.570
75.580
75.590
75.600
75.610
75.620
75.630
75.640
75.650
75.660
75.670
75.680
75.690
75.700
75.710
75.720
75.730
75.740
75.750
75.760
75.770
75.780
75.790
75.800
75.810
75.820
75.830
75.840
75.850
75.860
75.870
75.880
75.890
75.900
75.910
75.920
75.930
75.940
75.950
75.960
75.970
75.980
75.990
76.000
76.010
76.020
76.030
76.040
76.050
76.060
76.070
76.080
76.090
76.100
76.110
76.120
76.130
76.140
76.150
76.160
76.170
76.180
76.190
76.200
76.210
76.220
76.230
76.240
76.250
76.260
76.270
76.280
76.290
76.300
76.310
76.320
76.330
76.340
76.350
76.360
76.370
76.380
76.390
76.400
76.410
76.420
76.430
76.440
76.450
76.460
76.470
76.480
76.490
76.500
76.510
76.520
76.530
76.540
76.550
76.560
76.570
76.580
76.590
76.600
76.610
76.620
76.630
76.640
76.650
76.660
76.670
76.680
76.690
76.700
76.710
76.720
76.730
76.740
76.750
76.760
76.770
76.780
76.790
76.800
76.810
76.820
76.830
76.840
76.850
76.860
76.870
76.880
76.890
76.900
76.910
76.920
76.930
76.940
76.950
76.960
76.970
76.980
76.990
77.000
77.010
77.020
77.030
77.040
77.050
77.060
77.070
77.080
77.090
77.100
77.110
77.120
77.130
77.140
77.150
77.160
77.170
77.180
77.190
77.200
77.210
77.220
77.230
77.240
77.250
77.260
77.270
77.280
77.290
77.300
77.310
77.320
77.330
77.340
77.350
77.360
77.370
77.380
77.390
77.400
77.410
77.420
77.430
77.440
77.450
77.460
77.470
77.480
77.490
77.500
77.510
77.520
77.530
77.540
77.550
77.560
77.570
77.580
77.590
77.600
77.610
77.620
77.630
77.640
77.650
77.660
77.670
77.680
77.690
77.700
77.710
77.720
77.730
77.740
77.750
77.760
77.770
77.780
77.790
77.800
77.810
77.820
77.830
77.840
77.850
77.860
77.870
77.880
77.890
77.900
77.910
77.920
77.930
77.940
77.950
77.960
77.970
77.980
77.990
78.000
78.010
78.020
78.030
78.040
78.050
78.060
78.070
78.080
78.090
78.100
78.110
78.120
78.130
78.140
78.150
78.160
78.170
78.180
78.190
78.200
78.210
78.220
78.230
78.240
78.250
78.260
78.270
78.280
78.290
78.300
78.310
78.320
78.330
78.340
78.350
78.360
78.370
78.380
78.390
78.400
78.410
78.420
78.430
78.440
78.450
78.460
78.470
78.480
78.490
78.500
78.510
78.520
78.530
78.540
78.550
78.560
78.570
78.580
78.590
78.600
78.610
78.620
78.630
78.640
78.650
78.660
78.670
78.680
78.690
78.700
78.710
78.720
78.730
78.740
78.750
78.760
78.770
78.780
78.790
78.800
78.810
78.820
78.830
78.840
78.850
78.860
78.870
78.880
78.890
78.900
78.910
78.920
78.930
78.940
78.950
78.960
78.970
78.980
78.990
79.000
79.010
79.020
79.030
79.040
79.050
79.060
79.070
79.080
79.090
79.100
79.110
79.120
79.130
79.140
79.150
79.160
79.170
79.180
79.190
79.200
79.210
79.220
79.230
79.240
79.250
79.260
79.270
79.280
79.290
79.300
79.310
79.320
79.330
79.340
79.350
79.360
79.370
79.380
79.390
79.400
79.410
79.420
79.430
79.440
79.450
79.460
79.470
79.480
79.490
79.500
79.510
79.520
79.530
79.540
79.550
79.560
79.570
79.580
79.590
79.600
79.610
79.620
79.630
79.640
79.650
79.660
79.670
79.680
79.690
79.700
79.710
79.720
79.730
79.740
79.750
79.760
79.770
79.780
79.790
79.800
79.810
79.820
79.830
79.840
79.850
79.860
79.870
79.880
79.890
79.900
79.910
79.920
79.930
79.940
79.950
79.960
79.970
79.980
79.990
80.000
80.010
80.020
80.030
80.040
80.050
80.060
80.070
80.080
80.090
80.100
80.110
80.120
80.130
80.140
80.150
80.160
80.170
80.180
80.190
80.200
80.210
80.220
80.230
80.240
80.250
80.260
80.270
80.280
80.290
80.300
80.310
80.320
80.330
80.340
80.350
80.360
80.370
80.380
80.390
80.400
80.410
80.420
80.430
80.440
80.450
80.460
80.470
80.480
80.490
80.500
80.510
80.520
80.530
80.540
80.550
80.560
80.570
80.580
80.590
80.600
80.610
80.620
80.630
80.640
80.650
80.660
80.670
80.680
80.690
80.700
80.710
80.720
80.730
80.740
80.750
80.760
80.770
80.780
80.790
80.800
80.810
80.820
80.830
80.840
80.850
80.860
80.870
80.880
80.890
80.900
80.910
80.920
80.930
80.940
80.950
80.960
80.970
80.980
80.990
81.000
81.010
81.020
81.030
81.040
81.050
81.060
81.070
81.080
81.090
81.100
81.110
81.120
81.130
81.140
81.150
81.160
81.170
81.180
81.190
81.200
81.210
81.220
81.230
81.240
81.250
81.260
81.270
81.280
81.290
81.300
81.310
81.320
81.330
81.340
81.350
81.360
81.370
81.380
81.390
81.400
81.410
81.420
81.430
81.440
81.450
81.460
81.470
81.480
81.490
81.500
81.510
81.520
81.530
81.540
81.550
81.560
81.570
81.580
81.590
81.600
81.610
81.620
81.630
81.640
81.650
81.660
81.670
81.680
81.690
81.700
81.710
81.720
81.730
81.740
81.750
81.760
81.770
81.780
81.790
81.800
81.810
81.820
81.830
81.840
81.850
81.860
81.870
81.880
81.890
81.900
81.910
81.920
81.930
81.940
81.950
81.960
81.970
81.980
81.990
82.000
82.010
82.020
82.030
82.040
82.050
82.060
82.070
82.080
82.090
82.100
82.110
82.120
82.130
82.140
82.150
82.160
82.170
82.180
82.190
82.200
82.210
82.220
82.230
82.240
82.250
82.260
82.270
82.280
82.290
82.300
82.310
82.320
82.330
82.340
82.350
82.360
82.370
82.380
82.390
82.400
82.410
82.420
82.430
82.440
82.450
82.460
82.470
82.480
82.490
82.500
82.510
82.520
82.530
82.540
82.550
82.560
82.570
82.580
82.590
82.600
82.610
82.620
82.630
82.640
82.650
82.660
82.670
82.680
82.690
82.700
82.710
82.720
82.730
82.740
82.750
82.760
82.770
82.780
82.790
82.800
82.810
82.820
82.830
82.840
82.850
82.860
82.870
82.880
82.890
82.900
82.910
82.920
82.930
82.940
82.950
82.960
82.970
82.980
82.990
83.000
83.010
83.020
83.030
83.040
83.050
83.060
83.070
83.080
83.090
83.100
83.110
83.120
83.130
83.140
83.150
83.160
83.170
83.180
83.190
83.200
83.210
83.220
83.230
83.240
83.250
83.260
83.270
83.280
83.290
83.300
83.310
83.320
83.330
83.340
83.350
83.360
83.370
83.380
83.390
83.400
83.410
83.420
83.430
83.440
83.450
83.460
83.470
83.480
83.490
83.500
83.510
83.520
83.530
83.540
83.550
83.560
83.570
83.580
83.590
83.600
83.610
83.620
83.630
83.640
83.650
83.660
83.670
83.680
83.690
83.700
83.710
83.720
83.730
83.740
83.750
83.760
83.770
83.780
83.790
83.800
83.810
83.820
83.830
83.840
83.850
83.860
83.870
83.880
83.890
83.900
83.910
83.920
83.930
83.940
83.950
83.960
83.970
83.980
83.990
84.000
84.010
84.020
84.030
84.040
84.050
84.060
84.070
84.080
84.090
84.100
84.110
84.120
84.130
84.140
84.150
84.160
84.170
84.180
84.190
84.200
84.210
84.220
84.230
84.240
84.250
84.260
84.270
84.280
84.290
84.300
84.310
84.320
84.330
84.340
84.350
84.360
84.370
84.380
84.390
84.400
84.410
84.420
84.430
84.440
84.450
84.460
84.470
84.480
84.490
84.500
84.510
84.520
84.530
84.540
84.550
84.560
84.570
84.580
84.590
84.600
84.610
84.620
84.630
84.640
84.650
84.660
84.670
84.680
84.690
84.700
84.710
84.720
84.730
84.740
84.750
84.760
84.770
84.780
84.790
84.800
84.810
84.820
84.830
84.840
84.850
84.860
84.870
84.880
84.890
84.900
84.910
84.920
84.930
84.940
84.950
84.960
84.970
84.980
84.990
85.000
85.010
85.020
85.030
85.040
85.050
85.060
85.070
85.080
85.090
85.100
85.110
85.120
85.130
85.140
85.150
85.160
85.170
85.180
85.190
85.200
85.210
85.220
85.230
85.240
85.250
85.260
85.270
85.280
85.290
85.300
85.310
85.320
85.330
85.340
85.350
85.360
85.370
85.380
85.390
85.400
85.410
85.420
85.430
85.440
85.450
85.460
85.470
85.480
85.490
85.500
85.510
85.520
85.530
85.540
85.550
85.560
85.570
85.580
85.590
85.600
85.610
85.620
85.630
85.640
85.650
85.660
85.670
85.680
85.690
85.700
85.710
85.720
85.730
85.740
85.750
85.760
85.770
85.780
85.790
85.800
85.810
85.820
85.830
85.840
85.850
85.860
85.870
85.880
85.890
85.900
85.910
85.920
85.930
85.940
85.950
85.960
85.970
85.980
85.990
86.000
86.010
86.020
86.030
86.040
86.050
86.060
86.070
86.080
86.090
86.100
86.110
86.120
86.130
86.140
86.150
86.160
86.170
86.180
86.190
86.200
86.210
86.220
86.230
86.240
86.250
86.260
86.270
86.280
86.290
86.300
86.310
86.320
86.330
86.340
86.350
86.360
86.370
86.380
86.390
86.400
86.410
86.420
86.430
86.440
86.450
86.460
86.470
86.480
86.490
86.500
86.510
86.520
86.530
86.540
86.550
86.560
86.570
86.580
86.590
86.600
86.610
86.620
86.630
86.640
86.650
86.660
86.670
86.680
86.690
86.700
86.710
86.720
86.730
86.740
86.750
86.760
86.770
86.780
86.790
86.800
86.810
86.820
86.830
86.840
86.850
86.860
86.870
86.880
86.890
86.900
86.910
86.920
86.930
86.940
86.950
86.960
86.970
86.980
86.990
87.000
87.010
87.020
87.030
87.040
87.050
87.060
87.070
87.080
87.090
87.100
87.110
87.120
87.130
87.140
87.150
87.160
87.170
87.180
87.190
87.200
87.210
87.220
87.230
87.240
87.250
87.260
87.270
87.280
87.290
87.300
87.310
87.320
87.330
87.340
87.350
87.360
87.370
87.380
87.390
87.400
87.410
87.420
87.430
87.440
87.450
87.460
87.470
87.480
87.490
87.500
87.510
87.520
87.530
87.540
87.550
87.560
87.570
87.580
87.590
87.600
87.610
87.620
87.630
87.640
87.650
87.660
87.670
87.680
87.690
87.700
87.710
87.720
87.730
87.740
87.750
87.760
87.770
87.780
87.790
87.800
87.810
87.820
87.830
87.840
87.850
87.860
87.870
87.880
87.890
87.900
87.910
87.920
87.930
87.940
87.950
87.960
87.970
87.980
87.990
88.000
88.010
88.020
88.030
88.040
88.050
88.060
88.070
88.080
88.090
88.100
88.110
88.120
88.130
88.140
88.150
88.160
88.170
88.180
88.190
88.200
88.210
88.220
88.230
88.240
88.250
88.260
88.270
88.280
88.290
88.300
88.310
88.320
88.330
88.340
88.350
88.360
88.370
88.380
88.390
88.400
88.410
88.420
88.430
88.440
88.450
88.460
88.470
88.480
88.490
88.500
88.510
88.520
88.530
88.540
88.550
88.560
88.570
88.580
88.590
88.600
88.610
88.620
88.630
88.640
88.650
88.660
88.670
88.680
88.690
88.700
88.710
88.720
88.730
88.740
88.750
88.760
88.770
88.780
88.790
88.800
88.810
88.820
88.830
88.840
88.850
88.860
88.870
88.880
88.890
88.900
88.910
88.920
88.930
88.940
88.950
88.960
88.970
88.980
88.990
89.000
89.010
89.020
89.030
89.040
89.050
89.060
89.070
89.080
89.090
89.100
89.110
89.120
89.130
89.140
89.150
89.160
89.170
89.180
89.190
89.200
89.210
89.220
89.230
89.240
89.250
89.260
89.270
89.280
89.290
89.300
89.310
89.320
89.330
89.340
89.350
89.360
89.370
89.380
89.390
89.400
89.410
89.420
89.430
89.440
89.450
89.460
89.470
89.480
89.490
89.500
89.510
89.520
89.530
89.540
89.550
89.560
89.570
89.580
89.590
89.600
89.610
89.620
89.630
89.640
89.650
89.660
89.670
89.680
89.690
89.700
89.710
89.720
89.730
89.740
89.750
89.760
89.770
89.780
89.790
89.800
89.810
89.820
89.830
89.840
89.850
89.860
89.870
89.880
89.890
89.900
89.910
89.920
89.930
89.940
89.950
89.960
89.970
89.980
89.990
90.000
90.010
90.020
90.030
90.040
90.050
90.060
90.070
90.080
90.090
90.100
90.110
90.120
90.130
90.140
90.150
90.160
90.170
90.180
90.190
90.200
90.210
90.220
90.230
90.240
90.250
90.260
90.270
90.280
90.290
90.300
90.310
90.320
90.330
90.340
90.350
90.360
90.370
90.380
90.390
90.400
90.410
90.420
90.430
90.440
90.450
90.460
90.470
90.480
90.490
90.500
90.510
90.520
90.530
90.540
90.550
90.560
90.570
90.580
90.590
90.600
90.610
90.620
90.630
90.640
90.650
90.660
90.670
90.680
90.690
90.700
90.710
90.720
90.730
90.740
90.750
90.760
90.770
90.780
90.790
90.800
90.810
90.820
90.830
90.840
90.850
90.860
90.870
90.880
90.890
90.900
90.910
90.920
90.930
90.940
90.950
90.960
90.970
90.980
90.990
91.000
91.010
91.020
91.030
91.040
91.050
91.060
91.070
91.080
91.090
91.100
91.110
91.120
91.130
91.140
91.150
91.160
91.170
91.180
91.190
91.200
91.210
91.220
91.230
91.240
91.250
91.260
91.270
91.280
91.290
91.300
91.310
91.320
91.330
91.340
91.350
91.360
91.370
91.380
91.390
91.400
91.410
91.420
91.430
91.440
91.450
91.460
91.470
91.480
91.490
91.500
91.510
91.520
91.530
91.540
91.550
91.560
91.570
91.580
91.590
91.600
91.610
91.620
91.630
91.640
91.650
91.660
91.670
91.680
91.690
91.700
91.710
91.720
91.730
91.740
91.750
91.760
91.770
91.780
91.790
91.800
91.810
91.820
91.830
91.840
91.850
91.860
91.870
91.880
91.890
91.900
91.910
91.920
91.930
91.940
91.950
91.960
91.970
91.980
91.990
92.000
92.010
92.020
92.030
92.040
92.050
92.060
92.070
92.080
92.090
92.100
92.110
92.120
92.130
92.140
92.150
92.160
92.170
92.180
92.190
92.200
92.210
92.220
92.230
92.240
92.250
92.260
92.270
92.280
92.290
92.300
92.310
92.320
92.330
92.340
92.350
92.360
92.370
92.380
92.390
92.400
92.410
92.420
92.430
92.440
92.450
92.460
92.470
92.480
92.490
92.500
92.510
92.520
92.530
92.540
92.550
92.560
92.570
92.580
92.590
92.600
92.610
92.620
92.630
92.640
92.650
92.660
92.670
92.680
92.690
92.700
92.710
92.720
92.730
92.740
92.750
92.760
92.770
92.780
92.790
92.800
92.810
92.820
92.830
92.840
92.850
92.860
92.870
92.880
92.890
92.900
92.910
92.920
92.930
92.940
92.950
92.960
92.970
92.980
92.990
93.000
93.010
93.020
93.030
93.040
93.050
93.060
93.070
93.080
93.090
93.100
93.110
93.120
93.130
93.140
93.150
93.160
93.170
93.180
93.190
93.200
93.210
93.220
93.230
93.240
93.250
93.260
93.270
93.280
93.290
93.300
93.310
93.320
93.330
93.340
93.350
93.360
93.370
93.380
93.390
93.400
93.410
93.420
93.430
93.440
93.450
93.460
93.470
93.480
93.490
93.500
93.510
93.520
93.530
93.540
93.550
93.560
93.570
93.580
93.590
93.600
93.610
93.620
93.630
93.640
93.650
93.660
93.670
93.680
93.690
93.700
93.710
93.720
93.730
93.740
93.750
93.760
93.770
93.780
93.790
93.800
93.810
93.820
93.830
93.840
93.850
93.860
93.870
93.880
93.890
93.900
93.910
93.920
93.930
93.940
93.950
93.960
93.970
93.980
93.990
94.000
94.010
94.020
94.030
94.040
94.050
94.060
94.070
94.080
94.090
94.100
94.110
94.120
94.130
94.140
94.150
94.160
94.170
94.180
94.190
94.200
94.210
94.220
94.230
94.240
94.250
94.260
94.270
94.280
94.290
94.300
94.310
94.320
94.330
94.340
94.350
94.360
94.370
94.380
94.390
94.400
94.410
94.420
94.430
94.440
94.450
94.460
94.470
94.480
94.490
94.500
94.510
94.520
94.530
94.540
94.550
94.560
94.570
94.580
94.590
94.600
94.610
94.620
94.630
94.640
94.650
94.660
94.670
94.680
94.690
94.700
94.710
94.720
94.730
94.740
94.750
94.760
94.770
94.780
94.790
94.800
94.810
94.820
94.830
94.840
94.850
94.860
94.870
94.880
94.890
94.900
94.910
94.920
94.930
94.940
94.950
94.960
94.970
94.980
94.990
95.000
95.010
95.020
95.030
95.040
95.050
95.060
95.070
95.080
95.090
95.100
95.110
95.120
95.130
95.140
95.150
95.160
95.170
95.180
95.190
95.200
95.210
95.220
95.230
95.240
95.250
95.260
95.270
95.280
95.290
95.300
95.310
95.320
95.330
95.340
95.350
95.360
95.370
95.380
95.390
95.400
95.410
95.420
95.430
95.440
95.450
95.460
95.470
95.480
95.490
95.500
95.510
95.520
95.530
95.540
95.550
95.560
95.570
95.580
95.590
95.600
95.610
95.620
95.630
95.640
95.650
95.660
95.670
95.680
95.690
95.700
95.710
95.720
95.730
95.740
95.750
95.760
95.770
95.780
95.790
95.800
95.810
95.820
95.830
95.840
95.850
95.860
95.870
95.880
95.890
95.900
95.910
95.920
95.930
95.940
95.950
95.960
95.970
95.980
95.990
96.000
96.010
96.020
96.030
96.040
96.050
96.060
96.070
96.080
96.090
96.100
96.110
96.120
96.130
96.140
96.150
96.160
96.170
96.180
96.190
96.200
96.210
96.220
96.230
96.240
96.250
96.260
96.270
96.280
96.290
96.300
96.310
96.320
96.330
96.340
96.350
96.360
96.370
96.380
96.390
96.400
96.410
96.420
96.430
96.440
96.450
96.460
96.470
96.480
96.490
96.500
96.510
96.520
96.530
96.540
96.550
96.560
96.570
96.580
96.590
96.600
96.610
96.620
96.630
96.640
96.650
96.660
96.670
96.680
96.690
96.700
96.710
96.720
96.730
96.740
96.750
96.760
96.770
96.780
96.790
96.800
96.810
96.820
96.830
96.840
96.850
96.860
96.870
96.880
96.890
96.900
96.910
96.920
96.930
96.940
96.950
96.960
96.970
96.980
96.990
97.000
97.010
97.020
97.030
97.040
97.050
97.060
97.070
97.080
97.090
97.100
97.110
97.120
97.130
97.140
97.150
97.160
97.170
97.180
97.190
97.200
97.210
97.220
97.230
97.240
97.250
97.260
97.270
97.280
97.290
97.300
97.310
97.320
97.330
97.340
97.350
97.360
97.370
97.380
97.390
97.400
97.410
97.420
97.430
97.440
97.450
97.460
97.470
97.480
97.490
97.500
97.510
97.520
97.530
97.540
97.550
97.560
97.570
97.580
97.590
97.600
97.610
97.620
97.630
97.640
97.650
97.660
97.670
97.680
97.690
97.700
97.710
97.720
97.730
97.740
97.750
97.760
97.770
97.780
97.790
97.800
97.810
97.820
97.830
97.840
97.850
97.860
97.870
97.880
97.890
97.900
97.910
97.920
97.930
97.940
97.950
97.960
97.970
97.980
97.990
98.000
98.010
98.020
98.030
98.040
98.050
98.060
98.070
98.080
98.090
98.100
98.110
98.120
98.130
98.140
98.150
98.160
98.170
98.180
98.190
98.200
98.210
98.220
98.230
98.240
98.250
98.260
98.270
98.280
98.290
98.300
98.310
98.320
98.330
98.340
98.350
98.360
98.370
98.380
98.390
98.400
98.410
98.420
98.430
98.440
98.450
98.460
98.470
98.480
98.490
98.500
98.510
98.520
98.530
98.540
98.550
98.560
98.570
98.580
98.590
98.600
98.610
98.620
98.630
98.640
98.650
98.660
98.670
98.680
98.690
98.700
98.710
98.720
98.730
98.740
98.750
98.760
98.770
98.780
98.790
98.800
98.810
98.820
98.830
98.840
98.850
98.860
98.870
98.880
98.890
98.900
98.910
98.920
98.930
98.940
98.950
98.960
98.970
98.980
98.990
99.000
99.010
99.020
99.030
99.040
99.050
99.060
99.070
99.080
99.090
99.100
99.110
99.120
99.130
99.140
99.150
99.160
99.170
99.180
99.190
99.200
99.210
99.220
99.230
99.240
99.250
99.260
99.270
99.280
99.290
99.300
99.310
99.320
99.330
99.340
99.350
99.360
99.370
99.380
99.390
99.400
99.410
99.420
99.430
99.440
99.450
99.460
99.470
99.480
99.490
99.500
99.510
99.520
99.530
99.540
99.550
99.560
99.570
99.580
99.590
99.600
99.610
99.620
99.630
99.640
99.650
99.660
99.670
99.680
99.690
99.700
99.710
99.720
99.730
99.740
99.750
99.760
99.770
99.780
99.790
99.800
99.810
99.820
99.830
99.840
99.850
99.860
99.870
99.880
99.890
99.900
99.910
99.920
99.930
99.940
99.950
99.960
99.970
99.980
99.990
100.000
100.010
100.020
100.030
100.040
100.050
100.060
100.070
100.080
100.090
100.100
100.110
100.120
100.130
100.140
100.150
100.160
100.170
100.180
100.190
100.200
100.210
100.220
100.230
100.240
100.250
100.260
100.270
100.280
100.290
100.300
100.310
100.320
100.330
100.340
100.350
100.360
100.370
100.380
100.390
100.400
100.410
100.420
100.430
100.440
100.450
100.460
100.470
100.480
100.490
100.500
100.510
100.520
100.530
100.540
100.550
100.560
100.570
100.580
100.590
100.600
100.610
100.620
100.630
100.640
100.650
100.660
100.670
100.680
100.690
100.700
100.710
100.720
100.730
100.740
100.750
100.760
100.770
100.780
100.790
100.800
100.810
100.820
100.830
100.840
100.850
100.860
100.870
100.880
100.890
100.900
100.910
100.920
100.930
100.940
100.950
100.960
100.970
100.980
100.990
101.000
101.010
101.020
101.030
101.040
101.050
101.060
101.070
101.080
101.090
101.100
101.110
101.120
101.130
101.140
101.150
101.160
101.170
101.180
101.190
101.200
101.210
101.220
101.230
101.240
101.250
101.260
101.270
101.280
101.290
101.300
101.310
101.320
101.330
101.340
101.350
101.360
101.370
101.380
101.390
101.400
101.410
101.420
101.430
101.440
101.450
101.460
101.470
101.480
101.490
101.500
101.510
101.520
101.530
101.540
101.550
101.560
101.570
101.580
101.590
101.600
101.610
101.620
101.630
101.640
101.650
101.660
101.670
101.680
101.690
101.700
101.710
101.720
101.730
101.740
101.750
101.760
101.770
101.780
101.790
101.800
101.810
101.820
101.830
101.840
101.850
101.860
101.870
101.880
101.890
101.900
101.910
101.920
101.930
101.940
101.950
101.960
101.970
101.980
101.990
102.000
102.010
102.020
102.030
102.040
102.050
102.060
102.070
102.080
102.090
102.100
102.110
102.120
102.130
102.140
102.150
102.160
102.170
102.180
102.190
102.200
102.210
102.220
102.230
102.240
102.250
102.260
102.270
102.280
102.290
102.300
102.310
102.320
102.330
102.340
102.350
102.360
102.370
102.380
102.390
102.400
102.410
102.420
102.430
102.440
102.450
102.460
102.470
102.480
102.490
102.500
102.510
102.520
102.530
102.540
102.550
102.560
102.570
102.580
102.590
102.600
102.610
102.620
102.630
102.640
102.650
102.660
102.670
102.680
102.690
102.700
102.710
102.720
102.730
102.740
102.750
102.760
102.770
102.780
102.790
102.800
102.810
102.820
102.830
102.840
102.850
102.860
102.870
102.880
102.890
102.900
102.910
102.920
102.930
102.940
102.950
102.960
102.970
102.980
102.990
103.000
103.010
103.020
103.030
103.040
103.050
103.060
103.070
103.080
103.090
103.100
103.110
103.120
103.130
103.140
103.150
103.160
103.170
103.180
103.190
103.200
103.210
103.220
103.230
103.240
103.250
103.260
103.270
103.280
103.290
103.300
103.310
103.320
103.330
103.340
103.350
103.360
103.370
103.380
103.390
103.400
103.410
103.420
103.430
103.440
103.450
103.460
103.470
103.480
103.490
103.500
103.510
103.520
103.530
103.540
103.550
103.560
103.570
103.580
103.590
103.600
103.610
103.620
103.630
103.640
103.650
103.660
103.670
103.680
103.690
103.700
103.710
103.720
103.730
103.740
103.750
103.760
103.770
103.780
103.790
103.800
103.810
103.820
103.830
103.840
103.850
103.860
103.870
103.880
103.890
103.900
103.910
103.920
103.930
103.940
103.950
103.960
103.970
103.980
103.990
104.000
104.010
104.020
104.030
104.040
104.050
104.060
104.070
104.080
104.090
104.100
104.110
104.120
104.130
104.140
104.150
104.160
104.170
104.180
104.190
104.200
104.210
104.220
104.230
104.240
104.250
104.260
104.270
104.280
104.290
104.300
104.310
104.320
104.330
104.340
104.350
104.360
104.370
104.380
104.390
104.400
104.410
104.420
104.430
104.440
104.450
104.460
104.470
104.480
104.490
104.500
104.510
104.520
104.530
104.540
104.550
104.560
104.570
104.580
104.590
104.600
104.610
104.620
104.630
104.640
104.650
104.660
104.670
104.680
104.690
104.700
104.710
104.720
104.730
104.740
104.750
104.760
104.770
104.780
104.790
104.800
104.810
104.820
104.830
104.840
104.850
104.860
104.870
104.880
104.890
104.900
104.910
104.920
104.930
104.940
104.950
104.960
104.970
104.980
104.990
105.000
105.010
105.020
105.030
105.040
105.050
105.060
105.070
105.080
105.090
105.100
105.110
105.120
105.130
105.140
105.150
105.160
105.170
105.180
105.190
105.200
105.210
105.220
105.230
105.240
105.250
105.260
105.270
105.280
105.290
105.300
105.310
105.320
105.330
105.340
105.350
105.360
105.370
105.380
105.390
105.400
105.410
105.420
105.430
105.440
105.450
105.460
105.470
105.480
105.490
105.500
105.510
105.520
105.530
105.540
105.550
105.560
105.570
105.580
105.590
105.600
105.610
105.620
105.630
105.640
105.650
105.660
105.670
105.680
105.690
105.700
105.710
105.720
105.730
105.740
105.750
105.760
105.770
105.780
105.790
105.800
105.810
105.820
105.830
105.840
105.850
105.860
105.870
105.880
105.890
105.900
105.910
105.920
105.930
105.940
105.950
105.960
105.970
105.980
105.990
106.000
106.010
106.020
106.030
106.040
106.050
106.060
106.070
106.080
106.090
106.100
106.110
106.120
106.130
106.140
106.150
106.160
106.170
106.180
106.190
106.200
106.210
106.220
106.230
106.240
106.250
106.260
106.270
106.280
106.290
106.300
106.310
106.320
106.330
106.340
106.350
106.360
106.370
106.380
106.390
106.400
106.410
106.420
106.430
106.440
106.450
106.460
106.470
106.480
106.490
106.500
106.510
106.520
106.530
106.540
106.550
106.560
106.570
106.580
106.590
106.600
106.610
106.620
106.630
106.640
106.650
106.660
106.670
106.680
106.690
106.700
106.710
106.720
106.730
106.740
106.750
106.760
106.770
106.780
106.790
106.800
106.810
106.820
106.830
106.840
106.850
106.860
106.870
106.880
106.890
106.900
106.910
106.920
106.930
106.940
106.950
106.960
106.970
106.980
106.990
107.000
107.010
107.020
107.030
107.040
107.050
107.060
107.070
107.080
107.090
107.100
107.110
107.120
107.130
107.140
107.150
107.160
107.170
107.180
107.190
107.200
107.210
107.220
107.230
107.240
107.250
107.260
107.270
107.280
107.290
107.300
107.310
107.320
107.330
107.340
107.350
107.360
107.370
107.380
107.390
107.400
107.410
107.420
107.430
107.440
107.450
107.460
107.470
107.480
107.490
107.500
107.510
107.520
107.530
107.540
107.550
107.560
107.570
107.580
107.590
107.600
107.610
107.620
107.630
107.640
107.650
107.660
107.670
107.680
107.690
107.700
107.710
107.720
107.730
107.740
107.750
107.760
107.770
107.780
107.790
107.800
107.810
107.820
107.830
107.840
107.850
107.860
107.870
107.880
107.890
107.900
107.910
107.920
107.930
107.940
107.950
107.960
107.970
107.980
107.990
108.000
108.010
108.020
108.030
108.040
108.050
108.060
108.070
108.080
108.090
108.100
108.110
108.120
108.130
108.140
108.150
108.160
108.170
108.180
108.190
108.200
108.210
108.220
108.230
108.240
108.250
108.260
108.270
108.280
108.290
108.300
108.310
108.320
108.330
108.340
108.350
108.360
108.370
108.380
108.390
108.400
108.410
108.420
108.430
108.440
108.450
108.460
108.470
108.480
108.490
108.500
108.510
108.520
108.530
108.540
108.550
108.560
108.570
108.580
108.590
108.600
108.610
108.620
108.630
108.640
108.650
108.660
108.670
108.680
108.690
108.700
108.710
108.720
108.730
108.740
108.750
108.760
108.770
108.780
108.790
108.800
108.810
108.820
108.830
108.840
108.850
108.860
108.870
108.880
108.890
108.900
108.910
108.920
108.930
108.940
108.950
108.960
108.970
108.980
108.990
109.000
109.010
109.020
109.030
109.040
109.050
109.060
109.070
109.080
109.090
109.100
109.110
109.120
109.130
109.140
109.150
109.160
109.170
109.180
109.190
109.200
109.210
109.220
109.230
109.240
109.250
109.260
109.270
109.280
109.290
109.300
109.310
109.320
109.330
109.340
109.350
109.360
109.370
109.380
109.390
109.400
109.410
109.420
109.430
109.440
109.450
109.460
109.470
109.480
109.490
109.500
109.510
109.520
109.530
109.540
109.550
109.560
109.570
109.580
109.590
109.600
109.610
109.620
109.630
109.640
109.650
109.660
109.670
109.680
109.690
109.700
109.710
109.720
109.730
109.740
109.750
109.760
109.770
109.780
109.790
109.800
109.810
109.820
109.830
109.840
109.850
109.860
109.870
109.880
109.890
109.900
109.910
109.920
109.930
109.940
109.950
109.960
109.970
109.980
109.990
110.000
110.010
110.020
110.030
110.040
110.050
110.060
110.070
110.080
110.090
110.100
110.110
110.120
110.130
110.140
110.150
110.160
110.170
110.180
110.190
110.200
110.210
110.220
110.230
110.240
110.250
110.260
110.270
110.280
110.290
110.300
110.310
110.320
110.330
110.340
110.350
110.360
110.370
110.380
110.390
110.400
110.410
110.420
110.430
110.440
110.450
110.460
110.470
110.480
110.490
110.500
110.510
110.520
110.530
110.540
110.550
110.560
110.570
110.580
110.590
110.600
110.610
110.620
110.630
110.640
110.650
110.660
110.670
110.680
110.690
110.700
110.710
110.720
110.730
110.740
110.750
110.760
110.770
110.780
110.790
110.800
110.810
110.820
110.830
110.840
110.850
110.860
110.870
110.880
110.890
110.900
110.910
110.920
110.930
110.940
110.950
110.960
110.970
110.980
110.990
111.000
111.010
111.020
111.030
111.040
111.050
111.060
111.070
111.080
111.090
111.100
111.110
111.120
111.130
111.140
111.150
111.160
111.170
111.180
111.190
111.200
111.210
111.220
111.230
111.240
111.250
111.260
111.270
111.280
111.290
111.300
111.310
111.320
111.330
111.340
111.350
111.360
111.370
111.380
111.390
111.400
111.410
111.420
111.430
111.440
111.450
111.460
111.470
111.480
111.490
111.500
111.510
111.520
111.530
111.540
111.550
111.560
111.570
111.580
111.590
111.600
111.610
111.620
111.630
111.640
111.650
111.660
111.670
111.680
111.690
111.700
111.710
111.720
111.730
111.740
111.750
111.760
111.770
111.780
111.790
111.800
111.810
111.820
111.830
111.840
111.850
111.860
111.870
111.880
111.890
111.900
111.910
111.920
111.930
111.940
111.950
111.960
111.970
111.980
111.990
112.000
112.010
112.020
112.030
112.040
112.050
112.060
112.070
112.080
112.090
112.100
112.110
112.120
112.130
112.140
112.150
112.160
112.170
112.180
112.190
112.200
112.210
112.220
112.230
112.240
112.250
112.260
112.270
112.280
112.290
112.300
112.310
112.320
112.330
112.340
112.350
112.360
112.370
112.380
112.390
112.400
112.410
112.420
112.430
112.440
112.450
112.460
112.470
112.480
112.490
112.500
112.510
112.520
112.530
112.540
112.550
112.560
112.570
112.580
112.590
112.600
112.610
112.620
112.630
112.640
112.650
112.660
112.670
112.680
112.690
112.700
112.710
112.720
112.730
112.740
112.750
112.760
112.770
112.780
112.790
112.800
112.810
112.820
112.830
112.840
112.850
112.860
112.870
112.880
112.890
112.900
112.910
112.920
112.930
112.940
112.950
112.960
112.970
112.980
112.990
113.000
113.010
113.020
113.030
113.040
113.050
113.060
113.070
113.080
113.090
113.100
113.110
113.120
113.130
113.140
113.150
113.160
113.170
113.180
113.190
113.200
113.210
113.220
113.230
113.240
113.250
113.260
113.270
113.280
113.290
113.300
113.310
113.320
113.330
113.340
113.350
113.360
113.370
113.380
113.390
113.400
113.410
113.420
113.430
113.440
113.450
113.460
113.470
113.480
113.490
113.500
113.510
113.520
113.530
113.540
113.550
113.560
113.570
113.580
113.590
113.600
113.610
113.620
113.630
113.640
113.650
113.660
113.670
113.680
113.690
113.700
113.710
113.720
113.730
113.740
113.750
113.760
113.770
113.780
113.790
113.800
113.810
113.820
113.830
113.840
113.850
113.860
113.870
113.880
113.890
113.900
113.910
113.920
113.930
113.940
113.950
113.960
113.970
113.980
113.990
114.000
114.010
114.020
114.030
114.040
114.050
114.060
114.070
114.080
114.090
114.100
114.110
114.120
114.130
114.140
114.150
114.160
114.170
114.180
114.190
114.200
114.210
114.220
114.230
114.240
114.250
114.260
114.270
114.280
114.290
114.300
114.310
114.320
114.330
114.340
114.350
114.360
114.370
114.380
114.390
114.400
114.410
114.420
114.430
114.440
114.450
114.460
114.470
114.480
114.490
114.500
114.510
114.520
114.530
114.540
114.550
114.560
114.570
114.580
114.590
114.600
114.610
114.620
114.630
114.640
114.650
114.660
114.670
114.680
114.690
114.700
114.710
114.720
114.730
114.740
114.750
114.760
114.770
114.780
114.790
114.800
114.810
114.820
114.830
114.840
114.850
114.860
114.870
114.880
114.890
114.900
114.910
114.920
114.930
114.940
114.950
114.960
114.970
114.980
114.990
115.000
115.010
115.020
115.030
115.040
115.050
115.060
115.070
115.080
115.090
115.100
115.110
115.120
115.130
115.140
115.150
115.160
115.170
115.180
115.190
115.200
115.210
115.220
115.230
115.240
115.250
115.260
115.270
115.280
115.290
115.300
115.310
115.320
115.330
115.340
115.350
115.360
115.370
115.380
115.390
115.400
115.410
115.420
115.430
115.440
115.450
115.460
115.470
115.480
115.490
115.500
115.510
115.520
115.530
115.540
115.550
115.560
115.570
115.580
115.590
115.600
115.610
115.620
115.630
115.640
115.650
115.660
115.670
115.680
115.690
115.700
115.710
115.720
115.730
115.740
115.750
115.760
115.770
115.780
115.790
115.800
115.810
115.820
115.830
115.840
115.850
115.860
115.870
115.880
115.890
115.900
115.910
115.920
115.930
115.940
115.950
115.960
115.970
115.980
115.990
116.000
116.010
116.020
116.030
116.040
116.050
116.060
116.070
116.080
116.090
116.100
116.110
116.120
116.130
116.140
116.150
116.160
116.170
116.180
116.190
116.200
116.210
116.220
116.230
116.240
116.250
116.260
116.270
116.280
116.290
116.300
116.310
116.320
116.330
116.340
116.350
116.360
116.370
116.380
116.390
116.400
116.410
116.420
116.430
116.440
116.450
116.460
116.470
116.480
116.490
116.500
116.510
116.520
116.530
116.540
116.550
116.560
116.570
116.580
116.590
116.600
116.610
116.620
116.630
116.640
116.650
116.660
116.670
116.680
116.690
116.700
116.710
116.720
116.730
116.740
116.750
116.760
116.770
116.780
116.790
116.800
116.810
116.820
116.830
116.840
116.850
116.860
116.870
116.880
116.890
116.900
116.910
116.920
116.930
116.940
116.950
116.960
116.970
116.980
116.990
117.000
117.010
117.020
117.030
117.040
117.050
117.060
117.070
117.080
117.090
117.100
117.110
117.120
117.130
117.140
117.150
117.160
117.170
117.180
117.190
117.200
117.210
117.220
117.230
117.240
117.250
117.260
117.270
117.280
117.290
117.300
117.310
117.320
117.330
117.340
117.350
117.360
117.370
117.380
117.390
117.400
117.410
117.420
117.430
117.440
117.450
117.460
117.470
117.480
117.490
117.500
117.510
117.520
117.530
117.540
117.550
117.560
117.570
117.580
117.590
117.600
117.610
117.620
117.630
117.640
117.650
117.660
117.670
117.680
117.690
117.700
117.710
117.720
117.730
117.740
117.750
117.760
117.770
117.780
117.790
117.800
117.810
117.820
117.830
117.840
117.850
117.860
117.870
117.880
117.890
117.900
117.910
117.920
117.930
117.940
117.950
117.960
117.970
117.980
117.990
118.000
118.010
118.020
118.030
118.040
118.050
118.060
118.070
118.080
118.090
118.100
118.110
118.120
118.130
118.140
118.150
118.160
118.170
118.180
118.190
118.200
118.210
118.220
118.230
118.240
118.250
118.260
118.270
118.280
118.290
118.300
118.310
118.320
118.330
118.340
118.350
118.360
118.370
118.380
118.390
118.400
118.410
118.420
118.430
118.440
118.450
118.460
118.470
118.480
118.490
118.500
118.510
118.520
118.530
118.540
118.550
118.560
118.570
118.580
118.590
118.600
118.610
118.620
118.630
118.640
118.650
118.660
118.670
118.680
118.690
118.700
118.710
118.720
118.730
118.740
118.750
118.760
118.770
118.780
118.790
118.800
118.810
118.820
118.830
118.840
118.850
118.860
118.870
118.880
118.890
118.900
118.910
118.920
118.930
118.940
118.950
118.960
118.970
118.980
118.990
119.000
119.010
119.020
119.030
119.040
119.050
119.060
119.070
119.080
119.090
119.100
119.110
119.120
119.130
119.140
119.150
119.160
119.170
119.180
119.190
119.200
119.210
119.220
119.230
119.240
119.250
119.260
119.270
119.280
119.290
119.300
119.310
119.320
119.330
119.340
119.350
119.360
119.370
119.380
119.390
119.400
119.410
119.420
119.430
119.440
119.450
119.460
119.470
119.480
119.490
119.500
119.510
119.520
119.530
119.540
119.550
119.560
119.570
119.580
119.590
119.600
119.610
119.620
119.630
119.640
119.650
119.660
119.670
119.680
119.690
119.700
119.710
119.720
119.730
119.740
119.750
119.760
119.770
119.780
119.790
119.800
119.810
119.820
119.830
119.840
119.850
119.860
119.870
119.880
119.890
119.900
119.910
119.920
119.930
119.940
119.950
119.960
119.970
119.980
119.990
120.000
120.010
120.020
120.030
120.040
120.050
120.060
120.070
120.080
120.090
120.100
120.110
120.120
120.130
120.140
120.150
120.160
120.170
120.180
120.190
120.200
120.210
120.220
120.230
120.240
120.250
120.260
120.270
120.280
120.290
120.300
120.310
120.320
120.330
120.340
120.350
120.360
120.370
120.380
120.390
120.400
120.410
120.420
120.430
120.440
120.450
120.460
120.470
120.480
120.490
120.500
120.510
120.520
120.530
120.540
120.550
120.560
120.570
120.580
120.590
120.600
120.610
120.620
120.630
120.640
120.650
120.660
120.670
120.680
120.690
120.700
120.710
120.720
120.730
120.740
120.750
120.760
120.770
120.780
120.790
120.800
120.810
120.820
120.830
120.840
120.850
120.860
120.870
120.880
120.890
120.900
120.910
120.920
120.930
120.940
120.950
120.960
120.970
120.980
120.990
121.000
121.010
121.020
121.030
121.040
121.050
121.060
121.070
121.080
121.090
121.100
121.110
121.120
121.130
121.140
121.150
121.160
121.170
121.180
121.190
121.200
121.210
121.220
121.230
121.240
121.250
121.260
121.270
121.280
121.290
121.300
121.310
121.320
121.330
121.340
121.350
121.360
121.370
121.380
121.390
121.400
121.410
121.420
121.430
121.440
121.450
121.460
121.470
121.480
121.490
121.500
121.510
121.520
121.530
121.540
121.550
121.560
121.570
121.580
121.590
121.600
121.610
121.620
121.630
121.640
121.650
121.660
121.670
121.680
121.690
121.700
121.710
121.720
121.730
121.740
121.750
121.760
121.770
121.780
121.790
121.800
121.810
121.820
121.830
121.840
121.850
121.860
121.870
121.880
121.890
121.900
121.910
121.920
121.930
121.940
121.950
121.960
121.970
121.980
121.990
122.000
122.010
122.020
122.030
122.040
122.050
122.060
122.070
122.080
122.090
122.100
122.110
122.120
122.130
122.140
122.150
122.160
122.170
122.180
122.190
122.200
122.210
122.220
122.230
122.240
122.250
122.260
122.270
122.280
122.290
122.300
122.310
122.320
122.330
122.340
122.350
122.360
122.370
122.380
122.390
122.400
122.410
122.420
122.430
122.440
122.450
122.460
122.470
122.480
122.490
122.500
122.510
122.520
122.530
122.540
122.550
122.560
122.570
122.580
122.590
122.600
122.610
122.620
122.630
122.640
122.650
122.660
122.670
122.680
122.690
122.700
122.710
122.720
122.730
122.740
122.750
122.760
122.770
122.780
122.790
122.800
122.810
122.820
122.830
122.840
122.850
122.860
122.870
122.880
122.890
122.900
122.910
122.920
122.930
122.940
122.950
122.960
122.970
122.980
122.990
123.000
123.010
123.020
123.030
123.040
123.050
123.060
123.070
123.080
123.090
123.100
123.110
123.120
123.130
123.140
123.150
123.160
123.170
123.180
123.190
123.200
123.210
123.220
123.230
123.240
123.250
123.260
123.270
123.280
123.290
123.300
123.310
123.320
123.330
123.340
123.350
123.360
123.370
123.380
123.390
123.400
123.410
123.420
123.430
123.440
123.450
123.460
123.470
123.480
123.490
123.500
123.510
123.520
123.530
123.540
123.550
123.560
123.570
123.580
123.590
123.600
123.610
123.620
123.630
123.640
123.650
123.660
123.670
123.680
123.690
123.700
123.710
123.720
123.730
123.740
123.750
123.760
123.770
123.780
123.790
123.800
123.810
123.820
123.830
123.840
123.850
123.860
123.870
123.880
123.890
123.900
123.910
123.920
123.930
123.940
123.950
123.960
123.970
123.980
123.990
124.000
124.010
124.020
124.030
124.040
124.050
124.060
124.070
124.080
124.090
124.100
124.110
124.120
124.130
124.140
124.150
124.160
124.170
124.180
124.190
124.200
124.210
124.220
124.230
124.240
124.250
124.260
124.270
124.280
124.290
124.300
124.310
124.320
124.330
124.340
124.350
124.360
124.370
124.380
124.390
124.400
124.410
124.420
124.430
124.440
124.450
124.460
124.470
124.480
124.490
124.500
124.510
124.520
124.530
124.540
124.550
124.560
124.570
124.580
124.590
124.600
124.610
124.620
124.630
124.640
124.650
124.660
124.670
124.680
124.690
124.700
124.710
124.720
124.730
124.740
124.750
124.760
124.770
124.780
124.790
124.800
124.810
124.820
124.830
124.840
124.850
124.860
124.870
124.880
124.890
124.900
124.910
124.920
124.930
124.940
124.950
124.960
124.970
124.980
124.990
125.000
125.010
125.020
125.030
125.040
125.050
125.060
125.070
125.080
125.090
125.100
125.110
125.120
125.130
125.140
125.150
125.160
125.170
125.180
125.190
125.200
125.210
125.220
125.230
125.240
125.250
125.260
125.270
125.280
125.290
125.300
125.310
125.320
125.330
125.340
125.350
125.360
125.370
125.380
125.390
125.400
125.410
125.420
125.430
125.440
125.450
125.460
125.470
125.480
125.490
125.500
125.510
125.520
125.530
125.540
125.550
125.560
125.570
125.580
125.590
125.600
125.610
125.620
125.630
125.640
125.650
125.660
125.670
125.680
125.690
125.700
125.710
125.720
125.730
125.740
125.750
125.760
125.770
125.780
125.790
125.800
125.810
125.820
125.830
125.840
125.850
125.860
125.870
125.880
125.890
125.900
125.910
125.920
125.930
125.940
125.950
125.960
125.970
125.980
125.990
126.000
126.010
126.020
126.030
126.040
126.050
126.060
126.070
126.080
126.090
126.100
126.110
126.120
126.130
126.140
126.150
126.160
126.170
126.180
126.190
126.200
126.210
126.220
126.230
126.240
126.250
126.260
126.270
126.280
126.290
126.300
126.310
126.320
126.330
126.340
126.350
126.360
126.370
126.380
126.390
126.400
126.410
126.420
126.430
126.440
126.450
126.460
126.470
126.480
126.490
126.500
126.510
126.520
126.530
126.540
126.550
126.560
126.570
126.580
126.590
126.600
126.610
126.620
126.630
126.640
126.650
126.660
126.670
126.680
126.690
126.700
126.710
126.720
126.730
126.740
126.750
126.760
126.770
126.780
126.790
126.800
126.810
126.820
126.830
126.840
126.850
126.860
126.870
126.880
126.890
126.900
126.910
126.920
126.930
126.940
126.950
126.960
126.970
126.980
126.990
127.000
127.010
127.020
127.030
127.040
127.050
127.060
127.070
127.080
127.090
127.100
127.110
127.120
127.130
127.140
127.150
127.160
127.170
127.180
127.190
127.200
127.210
127.220
127.230
127.240
127.250
127.260
127.270
127.280
127.290
127.300
127.310
127.320
127.330
127.340
127.350
127.360
127.370
127.380
127.390
127.400
127.410
127.420
127.430
127.440
127.450
127.460
127.470
127.480
127.490
127.500
127.510
127.520
127.530
127.540
127.550
127.560
127.570
127.580
127.590
127.600
127.610
127.620
127.630
127.640
127.650
127.660
127.670
127.680
127.690
127.700
127.710
127.720
127.730
127.740
127.750
127.760
127.770
127.780
127.790
127.800
127.810
127.820
127.830
127.840
127.850
127.860
127.870
127.880
127.890
127.900
127.910
127.920
127.930
127.940
127.950
127.960
127.970
127.980
127.990
128.000
128.010
128.020
128.030
128.040
128.050
128.060
128.070
128.080
128.090
128.100
128.110
128.120
128.130
128.140
128.150
128.160
128.170
128.180
128.190
128.200
128.210
128.220
128.230
128.240
128.250
128.260
128.270
128.280
128.290
128.300
128.310
128.320
128.330
128.340
128.350
128.360
128.370
128.380
128.390
128.400
128.410
128.420
128.430
128.440
128.450
128.460
128.470
128.480
128.490
128.500
128.510
128.520
128.530
128.540
128.550
128.560
128.570
128.580
128.590
128.600
128.610
128.620
128.630
128.640
128.650
128.660
128.670
128.680
128.690
128.700
128.710
128.720
128.730
128.740
128.750
128.760
128.770
128.780
128.790
128.800
128.810
128.820
128.830
128.840
128.850
128.860
128.870
128.880
128.890
128.900
128.910
128.920
128.930
128.940
128.950
128.960
128.970
128.980
128.990
129.000
129.010
129.020
129.030
129.040
129.050
129.060
129.070
129.080
129.090
129.100
129.110
129.120
129.130
129.140
129.150
129.160
129.170
129.180
129.190
129.200
129.210
129.220
129.230
129.240
129.250
129.260
129.270
129.280
129.290
129.300
129.310
129.320
129.330
129.340
129.350
129.360
129.370
129.380
129.390
129.400
129.410
129.420
129.430
129.440
129.450
129.460
129.470
129.480
129.490
129.500
129.510
129.520
129.530
129.540
129.550
129.560
129.570
129.580
129.590
129.600
129.610
129.620
129.630
129.640
129.650
129.660
129.670
129.680
129.690
129.700
129.710
129.720
129.730
129.740
129.750
129.760
129.770
129.780
129.790
129.800
129.810
129.820
129.830
129.840
129.850
129.860
129.870
129.880
129.890
129.900
129.910
129.920
129.930
129.940
129.950
129.960
129.970
129.980
129.990
130.000
130.010
130.020
130.030
130.040
130.050
130.060
130.070
130.080
130.090
130.100
130.110
130.120
130.130
130.140
130.150
130.160
130.170
130.180
130.190
130.200
130.210
130.220
130.230
130.240
130.250
130.260
130.270
130.280
130.290
130.300
130.310
130.320
130.330
130.340
130.350
130.360
130.370
130.380
130.390
130.400
130.410
130.420
130.430
130.440
130.450
130.460
130.470
130.480
130.490
130.500
130.510
130.520
130.530
130.540
130.550
130.560
130.570
130.580
130.590
130.600
130.610
130.620
130.630
130.640
130.650
130.660
130.670
130.680
130.690
130.700
130.710
130.720
130.730
130.740
130.750
130.760
130.770
130.780
130.790
130.800
130.810
130.820
130.830
130.840
130.850
130.860
130.870
130.880
130.890
130.900
130.910
130.920
130.930
130.940
130.950
130.960
130.970
130.980
130.990
131.000
131.010
131.020
131.030
131.040
131.050
131.060
131.070
131.080
131.090
131.100
131.110
131.120
131.130
131.140
131.150
131.160
