0.200
0.392
0.576
0.753
0.923
1.086
1.243
1.393
1.537
1.676
1.809
1.936
2.059
2.177
2.290
2.398
2.502
2.602
2.698
2.790
2.878
2.963
3.045
3.123
3.198
3.270
3.339
3.406
3.469
3.531
3.589
3.646
3.700
3.752
3.802
3.850
3.896
3.940
3.982
4.023
4.062
4.100
4.136
4.170
4.204
4.235
4.266
4.295
4.324
4.351
4.377
4.401
4.425
4.448
4.470
4.492
4.512
4.532
4.550
4.568
4.586
4.602
4.618
4.633
4.648
4.662
4.676
4.689
4.701
4.713
4.724
4.735
4.746
4.756
4.766
4.775
4.784
4.793
4.801
4.809
4.817
4.824
4.831
4.838
4.844
4.851
4.857
4.862
4.868
4.873
4.878
4.883
4.888
4.892
4.897
4.901
4.905
4.908
4.912
4.916
4.919
4.922
4.925
4.928
4.931
4.934
4.937
4.939
4.942
4.944
4.946
4.948
4.950
4.952
4.954
4.956
4.958
4.960
4.961
4.963
4.964
4.966
4.967
4.968
4.970
4.971
4.972
4.973
4.974
4.975
4.976
4.977
4.978
4.979
4.980
4.981
4.981
4.982
4.983
4.984
4.984
4.985
4.985
4.986
4.987
4.987
4.988
4.988
4.989
4.989
4.989
4.990
4.990
4.991
4.991
4.991
4.992
4.992
4.992
4.993
4.993
4.993
4.994
4.994
4.994
4.994
4.995
4.995
4.995
4.995
4.995
4.996
4.996
4.996
4.996
4.996
4.996
4.997
4.997
4.997
4.997
4.997
4.997
4.997
4.997
4.997
4.998
4.998
4.998
4.998
4.998
4.998
4.998
4.998
4.998
4.998
4.998
4.998
4.999
4.999
4.999
4.999
4.999
4.999
4.999
4.999
4.999
4.999
4.999
4.999
4.999
4.999
4.999
4.999
4.999
4.999
4.999
4.999
4.999
4.999
4.999
4.999
4.999
4.999
4.999
5.000
5.000
5.000
5.000
5.000
5.000
5.000
