0 0.000000
1 0.000000
2 0.001000
3 0.002450
4 0.004159
5 0.005917
6 0.007574
7 0.009035
8 0.010251
9 0.011210
10 0.011927
11 0.012433
12 0.012771
13 0.012983
14 0.013107
15 0.013174
16 0.013208
17 0.013224
18 0.013230
19 0.013233
20 0.013233
21 0.013234
22 0.013234
23 0.013234
24 0.013234
25 0.013234
26 0.013234
27 0.013234
28 0.013234
29 0.013234
30 0.013234
31 0.013234
32 0.013234
33 0.013234
34 0.013234
35 0.013234
36 0.013234
37 0.013234
38 0.013234
39 0.013234
40 0.013234
41 0.013234
42 0.013234
43 0.013234
44 0.013234
45 0.013234
46 0.013234
47 0.013234
48 0.013234
49 0.013234
50 0.013234
51 0.013234
52 0.013234
53 0.013234
54 0.013234
55 0.013234
56 0.013234
57 0.013234
58 0.013234
59 0.013234
60 0.013234
61 0.013234
62 0.013234
63 0.013234
64 0.013234
65 0.013234
66 0.013234
67 0.013234
68 0.013234
69 0.013234
70 0.013234
71 0.013234
72 0.013233
73 0.013234
74 0.013232
75 0.013236
76 0.013229
77 0.013242
78 0.013218
79 0.013265
