0.100000, 0.000100 
0.200000, 0.000191 
0.300000, 0.000279 
0.400000, 0.000365 
0.500000, 0.000448 
0.600000, 0.000530 
0.700000, 0.000610 
0.800000, 0.000688 
0.900000, 0.000765 
1.000000, 0.000841 
1.100000, 0.000916 
1.200000, 0.000990 
1.300000, 0.001063 
1.400000, 0.001134 
1.500000, 0.001205 
1.600000, 0.001275 
1.700000, 0.001344 
1.800000, 0.001412 
1.900000, 0.001479 
2.000000, 0.001546 
2.100000, 0.001612 
2.200000, 0.001677 
2.300000, 0.001741 
2.400000, 0.001805 
2.500000, 0.001868 
2.600000, 0.001930 
2.700000, 0.001992 
2.799999, 0.002053 
2.899999, 0.002114 
2.999999, 0.002174 
3.099999, 0.002233 
3.199999, 0.002292 
3.299999, 0.002351 
3.399999, 0.002409 
3.499999, 0.002466 
3.599999, 0.002523 
3.699999, 0.002579 
3.799999, 0.002635 
3.899998, 0.002690 
3.999998, 0.002745 
4.099998, 0.002800 
4.199998, 0.002854 
4.299998, 0.002907 
4.399998, 0.002960 
4.499998, 0.003013 
4.599998, 0.003065 
4.699998, 0.003117 
4.799998, 0.003169 
4.899998, 0.003220 
4.999998, 0.003270 
5.099998, 0.003321 
5.199997, 0.003371 
5.299997, 0.003420 
5.399997, 0.003469 
5.499997, 0.003518 
5.599997, 0.003567 
5.699997, 0.003615 
5.799997, 0.003662 
5.899997, 0.003710 
5.999997, 0.003757 
6.099997, 0.003804 
6.199996, 0.003850 
6.299996, 0.003896 
6.399996, 0.003942 
6.499996, 0.003987 
6.599996, 0.004032 
6.699996, 0.004077 
6.799996, 0.004122 
6.899996, 0.004166 
6.999996, 0.004210 
7.099996, 0.004253 
7.199996, 0.004297 
7.299995, 0.004340 
7.399995, 0.004382 
7.499995, 0.004425 
7.599995, 0.004467 
7.699995, 0.004509 
7.799995, 0.004551 
7.899995, 0.004592 
7.999995, 0.004633 
8.099995, 0.004674 
8.199995, 0.004714 
8.299995, 0.004755 
8.399996, 0.004795 
8.499996, 0.004835 
8.599997, 0.004874 
8.699997, 0.004913 
8.799997, 0.004952 
8.899998, 0.004991 
8.999998, 0.005030 
9.099998, 0.005068 
9.199999, 0.005106 
9.299999, 0.005144 
9.400000, 0.005182 
9.500000, 0.005219 
9.600000, 0.005257 
9.700001, 0.005294 
9.800001, 0.005330 
9.900002, 0.005367 
10.000002, 0.005403 
10.100002, 0.005439 
10.200003, 0.005475 
10.300003, 0.005511 
10.400003, 0.005546 
10.500004, 0.005582 
10.600004, 0.005617 
10.700005, 0.005651 
10.800005, 0.005686 
10.900005, 0.005721 
11.000006, 0.005755 
11.100006, 0.005789 
11.200006, 0.005823 
11.300007, 0.005856 
11.400007, 0.005890 
11.500008, 0.005923 
11.600008, 0.005956 
11.700008, 0.005989 
11.800009, 0.006022 
11.900009, 0.006054 
12.000010, 0.006087 
12.100010, 0.006119 
12.200010, 0.006151 
12.300011, 0.006183 
12.400011, 0.006214 
12.500011, 0.006246 
12.600012, 0.006277 
12.700012, 0.006308 
12.800013, 0.006339 
12.900013, 0.006370 
13.000013, 0.006401 
13.100014, 0.006431 
13.200014, 0.006461 
13.300014, 0.006492 
13.400015, 0.006522 
13.500015, 0.006551 
13.600016, 0.006581 
13.700016, 0.006610 
13.800016, 0.006640 
13.900017, 0.006669 
14.000017, 0.006698 
14.100018, 0.006727 
14.200018, 0.006756 
14.300018, 0.006784 
14.400019, 0.006812 
14.500019, 0.006841 
14.600019, 0.006869 
14.700020, 0.006897 
14.800020, 0.006925 
14.900021, 0.006952 
15.000021, 0.006980 
15.100021, 0.007007 
15.200022, 0.007034 
15.300022, 0.007061 
15.400023, 0.007088 
15.500023, 0.007115 
15.600023, 0.007142 
15.700024, 0.007168 
15.800024, 0.007195 
15.900024, 0.007221 
16.000025, 0.007247 
16.100025, 0.007273 
16.200026, 0.007299 
16.300026, 0.007325 
16.400026, 0.007350 
16.500027, 0.007376 
16.600027, 0.007401 
16.700027, 0.007426 
16.800028, 0.007452 
16.900028, 0.007477 
17.000029, 0.007501 
17.100029, 0.007526 
17.200029, 0.007551 
17.300030, 0.007575 
17.400030, 0.007599 
17.500031, 0.007624 
17.600031, 0.007648 
17.700031, 0.007672 
17.800032, 0.007696 
17.900032, 0.007719 
18.000032, 0.007743 
18.100033, 0.007767 
18.200033, 0.007790 
18.300034, 0.007813 
18.400034, 0.007836 
18.500034, 0.007859 
18.600035, 0.007882 
18.700035, 0.007905 
18.800035, 0.007928 
18.900036, 0.007950 
19.000036, 0.007973 
19.100037, 0.007995 
19.200037, 0.008018 
19.300037, 0.008040 
19.400038, 0.008062 
19.500038, 0.008084 
19.600039, 0.008106 
19.700039, 0.008127 
19.800039, 0.008149 
19.900040, 0.008171 
20.000040, 0.008192 
20.100040, 0.008213 
20.200041, 0.008234 
20.300041, 0.008256 
20.400042, 0.008277 
20.500042, 0.008298 
20.600042, 0.008318 
20.700043, 0.008339 
20.800043, 0.008360 
20.900043, 0.008380 
21.000044, 0.008401 
21.100044, 0.008421 
21.200045, 0.008441 
21.300045, 0.008461 
21.400045, 0.008481 
21.500046, 0.008501 
21.600046, 0.008521 
21.700047, 0.008541 
21.800047, 0.008561 
21.900047, 0.008580 
22.000048, 0.008600 
22.100048, 0.008619 
22.200048, 0.008638 
22.300049, 0.008658 
22.400049, 0.008677 
22.500050, 0.008696 
22.600050, 0.008715 
22.700050, 0.008733 
22.800051, 0.008752 
22.900051, 0.008771 
23.000051, 0.008790 
23.100052, 0.008808 
23.200052, 0.008826 
23.300053, 0.008845 
23.400053, 0.008863 
23.500053, 0.008881 
23.600054, 0.008899 
23.700054, 0.008917 
23.800055, 0.008935 
23.900055, 0.008953 
24.000055, 0.008971 
24.100056, 0.008988 
24.200056, 0.009006 
24.300056, 0.009023 
24.400057, 0.009041 
24.500057, 0.009058 
24.600058, 0.009076 
24.700058, 0.009093 
24.800058, 0.009110 
24.900059, 0.009127 
25.000059, 0.009144 
25.100060, 0.009161 
25.200060, 0.009177 
25.300060, 0.009194 
25.400061, 0.009211 
25.500061, 0.009227 
25.600061, 0.009244 
25.700062, 0.009260 
25.800062, 0.009277 
25.900063, 0.009293 
26.000063, 0.009309 
26.100063, 0.009325 
26.200064, 0.009341 
26.300064, 0.009357 
26.400064, 0.009373 
26.500065, 0.009389 
26.600065, 0.009405 
26.700066, 0.009421 
26.800066, 0.009436 
26.900066, 0.009452 
27.000067, 0.009467 
27.100067, 0.009483 
27.200068, 0.009498 
27.300068, 0.009513 
27.400068, 0.009529 
27.500069, 0.009544 
27.600069, 0.009559 
27.700069, 0.009574 
27.800070, 0.009589 
27.900070, 0.009604 
28.000071, 0.009618 
28.100071, 0.009633 
28.200071, 0.009648 
28.300072, 0.009662 
28.400072, 0.009677 
28.500072, 0.009691 
28.600073, 0.009706 
28.700073, 0.009720 
28.800074, 0.009735 
28.900074, 0.009749 
29.000074, 0.009763 
29.100075, 0.009777 
29.200075, 0.009791 
29.300076, 0.009805 
29.400076, 0.009819 
29.500076, 0.009833 
29.600077, 0.009847 
29.700077, 0.009860 
29.800077, 0.009874 
29.900078, 0.009888 
30.000078, 0.009901 
30.100079, 0.009915 
30.200079, 0.009928 
30.300079, 0.009942 
30.400080, 0.009955 
30.500080, 0.009968 
30.600080, 0.009981 
30.700081, 0.009995 
30.800081, 0.010008 
30.900082, 0.010021 
31.000082, 0.010034 
31.100082, 0.010047 
31.200083, 0.010059 
31.300083, 0.010072 
31.400084, 0.010085 
31.500084, 0.010098 
31.600084, 0.010110 
31.700085, 0.010123 
31.800085, 0.010136 
31.900085, 0.010148 
32.000084, 0.010160 
32.100082, 0.010173 
32.200081, 0.010185 
32.300079, 0.010197 
32.400078, 0.010210 
32.500076, 0.010222 
32.600075, 0.010234 
32.700073, 0.010246 
32.800072, 0.010258 
32.900070, 0.010270 
33.000069, 0.010282 
33.100067, 0.010294 
33.200066, 0.010306 
33.300064, 0.010317 
33.400063, 0.010329 
33.500061, 0.010341 
33.600060, 0.010352 
33.700058, 0.010364 
33.800056, 0.010375 
33.900055, 0.010387 
34.000053, 0.010398 
34.100052, 0.010410 
34.200050, 0.010421 
34.300049, 0.010432 
34.400047, 0.010443 
34.500046, 0.010454 
34.600044, 0.010466 
34.700043, 0.010477 
34.800041, 0.010488 
34.900040, 0.010499 
35.000038, 0.010510 
35.100037, 0.010520 
35.200035, 0.010531 
35.300034, 0.010542 
35.400032, 0.010553 
35.500031, 0.010564 
35.600029, 0.010574 
35.700027, 0.010585 
35.800026, 0.010595 
35.900024, 0.010606 
36.000023, 0.010616 
36.100021, 0.010627 
36.200020, 0.010637 
36.300018, 0.010648 
36.400017, 0.010658 
36.500015, 0.010668 
36.600014, 0.010678 
36.700012, 0.010689 
36.800011, 0.010699 
36.900009, 0.010709 
37.000008, 0.010719 
37.100006, 0.010729 
37.200005, 0.010739 
37.300003, 0.010749 
37.400002, 0.010759 
37.500000, 0.010768 
37.599998, 0.010778 
37.699997, 0.010788 
37.799995, 0.010798 
37.899994, 0.010807 
37.999992, 0.010817 
38.099991, 0.010827 
38.199989, 0.010836 
38.299988, 0.010846 
38.399986, 0.010855 
38.499985, 0.010865 
38.599983, 0.010874 
38.699982, 0.010883 
38.799980, 0.010893 
38.899979, 0.010902 
38.999977, 0.010911 
39.099976, 0.010920 
39.199974, 0.010929 
39.299973, 0.010939 
39.399971, 0.010948 
39.499969, 0.010957 
39.599968, 0.010966 
39.699966, 0.010975 
39.799965, 0.010984 
39.899963, 0.010993 
39.999962, 0.011001 
40.099960, 0.011010 
40.199959, 0.011019 
40.299957, 0.011028 
40.399956, 0.011036 
40.499954, 0.011045 
40.599953, 0.011054 
40.699951, 0.011062 
40.799950, 0.011071 
40.899948, 0.011079 
40.999947, 0.011088 
41.099945, 0.011096 
41.199944, 0.011105 
41.299942, 0.011113 
41.399940, 0.011122 
41.499939, 0.011130 
41.599937, 0.011138 
41.699936, 0.011147 
41.799934, 0.011155 
41.899933, 0.011163 
41.999931, 0.011171 
42.099930, 0.011179 
42.199928, 0.011187 
42.299927, 0.011195 
42.399925, 0.011203 
42.499924, 0.011211 
42.599922, 0.011219 
42.699921, 0.011227 
42.799919, 0.011235 
42.899918, 0.011243 
42.999916, 0.011251 
43.099915, 0.011259 
43.199913, 0.011266 
43.299911, 0.011274 
43.399910, 0.011282 
43.499908, 0.011289 
43.599907, 0.011297 
43.699905, 0.011305 
43.799904, 0.011312 
43.899902, 0.011320 
43.999901, 0.011327 
44.099899, 0.011335 
44.199898, 0.011342 
44.299896, 0.011350 
44.399895, 0.011357 
44.499893, 0.011364 
44.599892, 0.011372 
44.699890, 0.011379 
44.799889, 0.011386 
44.899887, 0.011394 
44.999886, 0.011401 
45.099884, 0.011408 
45.199883, 0.011415 
45.299881, 0.011422 
45.399879, 0.011429 
45.499878, 0.011436 
45.599876, 0.011444 
45.699875, 0.011451 
45.799873, 0.011457 
45.899872, 0.011464 
45.999870, 0.011471 
46.099869, 0.011478 
46.199867, 0.011485 
46.299866, 0.011492 
46.399864, 0.011499 
46.499863, 0.011506 
46.599861, 0.011512 
46.699860, 0.011519 
46.799858, 0.011526 
46.899857, 0.011532 
46.999855, 0.011539 
47.099854, 0.011546 
47.199852, 0.011552 
47.299850, 0.011559 
47.399849, 0.011565 
47.499847, 0.011572 
47.599846, 0.011578 
47.699844, 0.011585 
47.799843, 0.011591 
47.899841, 0.011598 
47.999840, 0.011604 
48.099838, 0.011610 
48.199837, 0.011617 
48.299835, 0.011623 
48.399834, 0.011629 
48.499832, 0.011636 
48.599831, 0.011642 
48.699829, 0.011648 
48.799828, 0.011654 
48.899826, 0.011660 
48.999825, 0.011667 
49.099823, 0.011673 
49.199821, 0.011679 
49.299820, 0.011685 
49.399818, 0.011691 
49.499817, 0.011697 
49.599815, 0.011703 
49.699814, 0.011709 
49.799812, 0.011715 
49.899811, 0.011721 
49.999809, 0.011727 
50.099808, 0.011732 
50.199806, 0.011738 
50.299805, 0.011744 
50.399803, 0.011750 
50.499802, 0.011756 
50.599800, 0.011761 
50.699799, 0.011767 
50.799797, 0.011773 
50.899796, 0.011779 
50.999794, 0.011784 
51.099792, 0.011790 
51.199791, 0.011795 
51.299789, 0.011801 
51.399788, 0.011807 
51.499786, 0.011812 
51.599785, 0.011818 
51.699783, 0.011823 
51.799782, 0.011829 
51.899780, 0.011834 
51.999779, 0.011840 
52.099777, 0.011845 
52.199776, 0.011850 
52.299774, 0.011856 
52.399773, 0.011861 
52.499771, 0.011866 
52.599770, 0.011872 
52.699768, 0.011877 
52.799767, 0.011882 
52.899765, 0.011887 
52.999763, 0.011893 
53.099762, 0.011898 
53.199760, 0.011903 
53.299759, 0.011908 
53.399757, 0.011913 
53.499756, 0.011919 
53.599754, 0.011924 
53.699753, 0.011929 
53.799751, 0.011934 
53.899750, 0.011939 
53.999748, 0.011944 
54.099747, 0.011949 
54.199745, 0.011954 
54.299744, 0.011959 
54.399742, 0.011964 
54.499741, 0.011969 
54.599739, 0.011974 
54.699738, 0.011978 
54.799736, 0.011983 
54.899734, 0.011988 
54.999733, 0.011993 
55.099731, 0.011998 
55.199730, 0.012003 
55.299728, 0.012007 
55.399727, 0.012012 
55.499725, 0.012017 
55.599724, 0.012021 
55.699722, 0.012026 
55.799721, 0.012031 
55.899719, 0.012035 
55.999718, 0.012040 
56.099716, 0.012045 
56.199715, 0.012049 
56.299713, 0.012054 
56.399712, 0.012058 
56.499710, 0.012063 
56.599709, 0.012068 
56.699707, 0.012072 
56.799706, 0.012077 
56.899704, 0.012081 
56.999702, 0.012085 
57.099701, 0.012090 
57.199699, 0.012094 
57.299698, 0.012099 
57.399696, 0.012103 
57.499695, 0.012107 
57.599693, 0.012112 
57.699692, 0.012116 
57.799690, 0.012120 
57.899689, 0.012125 
57.999687, 0.012129 
58.099686, 0.012133 
58.199684, 0.012138 
58.299683, 0.012142 
58.399681, 0.012146 
58.499680, 0.012150 
58.599678, 0.012154 
58.699677, 0.012159 
58.799675, 0.012163 
58.899673, 0.012167 
58.999672, 0.012171 
59.099670, 0.012175 
59.199669, 0.012179 
59.299667, 0.012183 
59.399666, 0.012187 
59.499664, 0.012191 
59.599663, 0.012195 
59.699661, 0.012199 
59.799660, 0.012203 
59.899658, 0.012207 
59.999657, 0.012211 
60.099655, 0.012215 
60.199654, 0.012219 
60.299652, 0.012223 
60.399651, 0.012227 
60.499649, 0.012231 
60.599648, 0.012235 
60.699646, 0.012238 
60.799644, 0.012242 
60.899643, 0.012246 
60.999641, 0.012250 
61.099640, 0.012254 
61.199638, 0.012258 
61.299637, 0.012261 
61.399635, 0.012265 
61.499634, 0.012269 
61.599632, 0.012272 
61.699631, 0.012276 
61.799629, 0.012280 
61.899628, 0.012284 
61.999626, 0.012287 
62.099625, 0.012291 
62.199623, 0.012294 
62.299622, 0.012298 
62.399620, 0.012302 
62.499619, 0.012305 
62.599617, 0.012309 
62.699615, 0.012312 
62.799614, 0.012316 
62.899612, 0.012319 
62.999611, 0.012323 
63.099609, 0.012326 
63.199608, 0.012330 
63.299606, 0.012333 
63.399605, 0.012337 
63.499603, 0.012340 
63.599602, 0.012344 
63.699600, 0.012347 
63.799599, 0.012351 
63.899597, 0.012354 
63.999596, 0.012357 
64.099594, 0.012361 
64.199593, 0.012364 
64.299591, 0.012367 
64.399590, 0.012371 
64.499588, 0.012374 
64.599586, 0.012377 
64.699585, 0.012381 
64.799583, 0.012384 
64.899582, 0.012387 
64.999580, 0.012390 
65.099579, 0.012394 
65.199577, 0.012397 
65.299576, 0.012400 
65.399574, 0.012403 
65.499573, 0.012407 
65.599571, 0.012410 
65.699570, 0.012413 
65.799568, 0.012416 
65.899567, 0.012419 
65.999565, 0.012422 
66.099564, 0.012425 
66.199562, 0.012429 
66.299561, 0.012432 
66.399559, 0.012435 
66.499557, 0.012438 
66.599556, 0.012441 
66.699554, 0.012444 
66.799553, 0.012447 
66.899551, 0.012450 
66.999550, 0.012453 
67.099548, 0.012456 
67.199547, 0.012459 
67.299545, 0.012462 
67.399544, 0.012465 
67.499542, 0.012468 
67.599541, 0.012471 
67.699539, 0.012474 
67.799538, 0.012477 
67.899536, 0.012479 
67.999535, 0.012482 
68.099533, 0.012485 
68.199532, 0.012488 
68.299530, 0.012491 
68.399529, 0.012494 
68.499527, 0.012497 
68.599525, 0.012499 
68.699524, 0.012502 
68.799522, 0.012505 
68.899521, 0.012508 
68.999519, 0.012511 
69.099518, 0.012513 
69.199516, 0.012516 
69.299515, 0.012519 
69.399513, 0.012522 
69.499512, 0.012524 
69.599510, 0.012527 
69.699509, 0.012530 
69.799507, 0.012533 
69.899506, 0.012535 
69.999504, 0.012538 
70.099503, 0.012541 
70.199501, 0.012543 
70.299500, 0.012546 
70.399498, 0.012548 
70.499496, 0.012551 
70.599495, 0.012554 
70.699493, 0.012556 
70.799492, 0.012559 
70.899490, 0.012561 
70.999489, 0.012564 
71.099487, 0.012567 
71.199486, 0.012569 
71.299484, 0.012572 
71.399483, 0.012574 
71.499481, 0.012577 
71.599480, 0.012579 
71.699478, 0.012582 
71.799477, 0.012584 
71.899475, 0.012587 
71.999474, 0.012589 
72.099472, 0.012592 
72.199471, 0.012594 
72.299469, 0.012597 
72.399467, 0.012599 
72.499466, 0.012601 
72.599464, 0.012604 
72.699463, 0.012606 
72.799461, 0.012609 
72.899460, 0.012611 
72.999458, 0.012613 
73.099457, 0.012616 
73.199455, 0.012618 
73.299454, 0.012621 
73.399452, 0.012623 
73.499451, 0.012625 
73.599449, 0.012628 
73.699448, 0.012630 
73.799446, 0.012632 
73.899445, 0.012634 
73.999443, 0.012637 
74.099442, 0.012639 
74.199440, 0.012641 
74.299438, 0.012644 
74.399437, 0.012646 
74.499435, 0.012648 
74.599434, 0.012650 
74.699432, 0.012653 
74.799431, 0.012655 
74.899429, 0.012657 
74.999428, 0.012659 
75.099426, 0.012661 
75.199425, 0.012664 
75.299423, 0.012666 
75.399422, 0.012668 
75.499420, 0.012670 
75.599419, 0.012672 
75.699417, 0.012674 
75.799416, 0.012677 
75.899414, 0.012679 
75.999413, 0.012681 
76.099411, 0.012683 
76.199409, 0.012685 
76.299408, 0.012687 
76.399406, 0.012689 
76.499405, 0.012691 
76.599403, 0.012693 
76.699402, 0.012695 
76.799400, 0.012697 
76.899399, 0.012699 
76.999397, 0.012702 
77.099396, 0.012704 
77.199394, 0.012706 
77.299393, 0.012708 
77.399391, 0.012710 
77.499390, 0.012712 
77.599388, 0.012714 
77.699387, 0.012716 
77.799385, 0.012718 
77.899384, 0.012720 
77.999382, 0.012722 
78.099380, 0.012723 
78.199379, 0.012725 
78.299377, 0.012727 
78.399376, 0.012729 
78.499374, 0.012731 
78.599373, 0.012733 
78.699371, 0.012735 
78.799370, 0.012737 
78.899368, 0.012739 
78.999367, 0.012741 
79.099365, 0.012743 
79.199364, 0.012744 
79.299362, 0.012746 
79.399361, 0.012748 
79.499359, 0.012750 
79.599358, 0.012752 
79.699356, 0.012754 
79.799355, 0.012756 
79.899353, 0.012757 
79.999352, 0.012759 
80.099350, 0.012761 
80.199348, 0.012763 
80.299347, 0.012765 
80.399345, 0.012766 
80.499344, 0.012768 
80.599342, 0.012770 
80.699341, 0.012772 
80.799339, 0.012773 
80.899338, 0.012775 
80.999336, 0.012777 
81.099335, 0.012779 
81.199333, 0.012780 
81.299332, 0.012782 
81.399330, 0.012784 
81.499329, 0.012786 
81.599327, 0.012787 
81.699326, 0.012789 
81.799324, 0.012791 
81.899323, 0.012792 
81.999321, 0.012794 
82.099319, 0.012796 
82.199318, 0.012797 
82.299316, 0.012799 
82.399315, 0.012801 
82.499313, 0.012802 
82.599312, 0.012804 
82.699310, 0.012806 
82.799309, 0.012807 
82.899307, 0.012809 
82.999306, 0.012811 
83.099304, 0.012812 
83.199303, 0.012814 
83.299301, 0.012815 
83.399300, 0.012817 
83.499298, 0.012819 
83.599297, 0.012820 
83.699295, 0.012822 
83.799294, 0.012823 
83.899292, 0.012825 
83.999290, 0.012826 
84.099289, 0.012828 
84.199287, 0.012830 
84.299286, 0.012831 
84.399284, 0.012833 
84.499283, 0.012834 
84.599281, 0.012836 
84.699280, 0.012837 
84.799278, 0.012839 
84.899277, 0.012840 
84.999275, 0.012842 
85.099274, 0.012843 
85.199272, 0.012845 
85.299271, 0.012846 
85.399269, 0.012848 
85.499268, 0.012849 
85.599266, 0.012851 
85.699265, 0.012852 
85.799263, 0.012853 
85.899261, 0.012855 
85.999260, 0.012856 
86.099258, 0.012858 
86.199257, 0.012859 
86.299255, 0.012861 
86.399254, 0.012862 
86.499252, 0.012863 
86.599251, 0.012865 
86.699249, 0.012866 
86.799248, 0.012868 
86.899246, 0.012869 
86.999245, 0.012870 
87.099243, 0.012872 
87.199242, 0.012873 
87.299240, 0.012875 
87.399239, 0.012876 
87.499237, 0.012877 
87.599236, 0.012879 
87.699234, 0.012880 
87.799232, 0.012881 
87.899231, 0.012883 
87.999229, 0.012884 
88.099228, 0.012885 
88.199226, 0.012887 
88.299225, 0.012888 
88.399223, 0.012889 
88.499222, 0.012891 
88.599220, 0.012892 
88.699219, 0.012893 
88.799217, 0.012895 
88.899216, 0.012896 
88.999214, 0.012897 
89.099213, 0.012898 
89.199211, 0.012900 
89.299210, 0.012901 
89.399208, 0.012902 
89.499207, 0.012903 
89.599205, 0.012905 
89.699203, 0.012906 
89.799202, 0.012907 
89.899200, 0.012908 
89.999199, 0.012910 
90.099197, 0.012911 
90.199196, 0.012912 
90.299194, 0.012913 
90.399193, 0.012915 
90.499191, 0.012916 
90.599190, 0.012917 
90.699188, 0.012918 
90.799187, 0.012919 
90.899185, 0.012921 
90.999184, 0.012922 
91.099182, 0.012923 
91.199181, 0.012924 
91.299179, 0.012925 
91.399178, 0.012927 
91.499176, 0.012928 
91.599174, 0.012929 
91.699173, 0.012930 
91.799171, 0.012931 
91.899170, 0.012932 
91.999168, 0.012933 
92.099167, 0.012935 
92.199165, 0.012936 
92.299164, 0.012937 
92.399162, 0.012938 
92.499161, 0.012939 
92.599159, 0.012940 
92.699158, 0.012941 
92.799156, 0.012942 
92.899155, 0.012944 
92.999153, 0.012945 
93.099152, 0.012946 
93.199150, 0.012947 
93.299149, 0.012948 
93.399147, 0.012949 
93.499146, 0.012950 
93.599144, 0.012951 
93.699142, 0.012952 
93.799141, 0.012953 
93.899139, 0.012954 
93.999138, 0.012955 
94.099136, 0.012957 
94.199135, 0.012958 
94.299133, 0.012959 
94.399132, 0.012960 
94.499130, 0.012961 
94.599129, 0.012962 
94.699127, 0.012963 
94.799126, 0.012964 
94.899124, 0.012965 
94.999123, 0.012966 
95.099121, 0.012967 
95.199120, 0.012968 
95.299118, 0.012969 
95.399117, 0.012970 
95.499115, 0.012971 
95.599113, 0.012972 
95.699112, 0.012973 
95.799110, 0.012974 
95.899109, 0.012975 
95.999107, 0.012976 
96.099106, 0.012977 
96.199104, 0.012978 
96.299103, 0.012979 
96.399101, 0.012980 
96.499100, 0.012981 
96.599098, 0.012982 
96.699097, 0.012983 
96.799095, 0.012984 
96.899094, 0.012985 
96.999092, 0.012985 
97.099091, 0.012986 
97.199089, 0.012987 
97.299088, 0.012988 
97.399086, 0.012989 
97.499084, 0.012990 
97.599083, 0.012991 
97.699081, 0.012992 
97.799080, 0.012993 
97.899078, 0.012994 
97.999077, 0.012995 
98.099075, 0.012996 
98.199074, 0.012997 
98.299072, 0.012997 
98.399071, 0.012998 
98.499069, 0.012999 
98.599068, 0.013000 
98.699066, 0.013001 
98.799065, 0.013002 
98.899063, 0.013003 
98.999062, 0.013004 
99.099060, 0.013005 
99.199059, 0.013005 
99.299057, 0.013006 
99.399055, 0.013007 
99.499054, 0.013008 
99.599052, 0.013009 
99.699051, 0.013010 
99.799049, 0.013011 
99.899048, 0.013011 
99.999046, 0.013012 
100.099045, 0.013013 
100.199043, 0.013014 
100.299042, 0.013015 
100.399040, 0.013016 
100.499039, 0.013016 
100.599037, 0.013017 
100.699036, 0.013018 
100.799034, 0.013019 
100.899033, 0.013020 
100.999031, 0.013021 
101.099030, 0.013021 
101.199028, 0.013022 
101.299026, 0.013023 
101.399025, 0.013024 
101.499023, 0.013025 
101.599022, 0.013025 
101.699020, 0.013026 
101.799019, 0.013027 
101.899017, 0.013028 
101.999016, 0.013028 
102.099014, 0.013029 
102.199013, 0.013030 
102.299011, 0.013031 
102.399010, 0.013032 
102.499008, 0.013032 
102.599007, 0.013033 
102.699005, 0.013034 
102.799004, 0.013035 
102.899002, 0.013035 
102.999001, 0.013036 
103.098999, 0.013037 
103.198997, 0.013038 
103.298996, 0.013038 
103.398994, 0.013039 
103.498993, 0.013040 
103.598991, 0.013041 
103.698990, 0.013041 
103.798988, 0.013042 
103.898987, 0.013043 
103.998985, 0.013044 
104.098984, 0.013044 
104.198982, 0.013045 
104.298981, 0.013046 
104.398979, 0.013046 
104.498978, 0.013047 
104.598976, 0.013048 
104.698975, 0.013048 
104.798973, 0.013049 
104.898972, 0.013050 
104.998970, 0.013051 
105.098969, 0.013051 
105.198967, 0.013052 
105.298965, 0.013053 
105.398964, 0.013053 
105.498962, 0.013054 
105.598961, 0.013055 
105.698959, 0.013055 
105.798958, 0.013056 
105.898956, 0.013057 
105.998955, 0.013057 
106.098953, 0.013058 
106.198952, 0.013059 
106.298950, 0.013059 
106.398949, 0.013060 
106.498947, 0.013061 
106.598946, 0.013061 
106.698944, 0.013062 
106.798943, 0.013063 
106.898941, 0.013063 
106.998940, 0.013064 
107.098938, 0.013065 
107.198936, 0.013065 
107.298935, 0.013066 
107.398933, 0.013067 
107.498932, 0.013067 
107.598930, 0.013068 
107.698929, 0.013068 
107.798927, 0.013069 
107.898926, 0.013070 
107.998924, 0.013070 
108.098923, 0.013071 
108.198921, 0.013072 
108.298920, 0.013072 
108.398918, 0.013073 
108.498917, 0.013073 
108.598915, 0.013074 
108.698914, 0.013075 
108.798912, 0.013075 
108.898911, 0.013076 
108.998909, 0.013076 
109.098907, 0.013077 
109.198906, 0.013078 
109.298904, 0.013078 
109.398903, 0.013079 
109.498901, 0.013079 
109.598900, 0.013080 
109.698898, 0.013081 
109.798897, 0.013081 
109.898895, 0.013082 
109.998894, 0.013082 
110.098892, 0.013083 
110.198891, 0.013083 
110.298889, 0.013084 
110.398888, 0.013085 
110.498886, 0.013085 
110.598885, 0.013086 
110.698883, 0.013086 
110.798882, 0.013087 
110.898880, 0.013087 
110.998878, 0.013088 
111.098877, 0.013088 
111.198875, 0.013089 
111.298874, 0.013090 
111.398872, 0.013090 
111.498871, 0.013091 
111.598869, 0.013091 
111.698868, 0.013092 
111.798866, 0.013092 
111.898865, 0.013093 
111.998863, 0.013093 
112.098862, 0.013094 
112.198860, 0.013094 
112.298859, 0.013095 
112.398857, 0.013095 
112.498856, 0.013096 
112.598854, 0.013097 
112.698853, 0.013097 
112.798851, 0.013098 
112.898849, 0.013098 
112.998848, 0.013099 
113.098846, 0.013099 
113.198845, 0.013100 
113.298843, 0.013100 
113.398842, 0.013101 
113.498840, 0.013101 
113.598839, 0.013102 
113.698837, 0.013102 
113.798836, 0.013103 
113.898834, 0.013103 
113.998833, 0.013104 
114.098831, 0.013104 
114.198830, 0.013105 
114.298828, 0.013105 
114.398827, 0.013106 
114.498825, 0.013106 
114.598824, 0.013107 
114.698822, 0.013107 
114.798820, 0.013108 
114.898819, 0.013108 
114.998817, 0.013108 
115.098816, 0.013109 
115.198814, 0.013109 
115.298813, 0.013110 
115.398811, 0.013110 
115.498810, 0.013111 
115.598808, 0.013111 
115.698807, 0.013112 
115.798805, 0.013112 
115.898804, 0.013113 
115.998802, 0.013113 
116.098801, 0.013114 
116.198799, 0.013114 
116.298798, 0.013114 
116.398796, 0.013115 
116.498795, 0.013115 
116.598793, 0.013116 
116.698792, 0.013116 
116.798790, 0.013117 
116.898788, 0.013117 
116.998787, 0.013118 
117.098785, 0.013118 
117.198784, 0.013118 
117.298782, 0.013119 
117.398781, 0.013119 
117.498779, 0.013120 
117.598778, 0.013120 
117.698776, 0.013121 
117.798775, 0.013121 
117.898773, 0.013122 
117.998772, 0.013122 
118.098770, 0.013122 
118.198769, 0.013123 
118.298767, 0.013123 
118.398766, 0.013124 
118.498764, 0.013124 
118.598763, 0.013124 
118.698761, 0.013125 
118.798759, 0.013125 
118.898758, 0.013126 
118.998756, 0.013126 
119.098755, 0.013127 
119.198753, 0.013127 
119.298752, 0.013127 
119.398750, 0.013128 
119.498749, 0.013128 
119.598747, 0.013129 
119.698746, 0.013129 
119.798744, 0.013129 
119.898743, 0.013130 
119.998741, 0.013130 
120.098740, 0.013131 
120.198738, 0.013131 
120.298737, 0.013131 
120.398735, 0.013132 
120.498734, 0.013132 
120.598732, 0.013132 
120.698730, 0.013133 
120.798729, 0.013133 
120.898727, 0.013134 
120.998726, 0.013134 
121.098724, 0.013134 
121.198723, 0.013135 
121.298721, 0.013135 
121.398720, 0.013135 
121.498718, 0.013136 
121.598717, 0.013136 
121.698715, 0.013137 
121.798714, 0.013137 
121.898712, 0.013137 
121.998711, 0.013138 
122.098709, 0.013138 
122.198708, 0.013138 
122.298706, 0.013139 
122.398705, 0.013139 
122.498703, 0.013139 
122.598701, 0.013140 
122.698700, 0.013140 
122.798698, 0.013141 
122.898697, 0.013141 
122.998695, 0.013141 
123.098694, 0.013142 
123.198692, 0.013142 
123.298691, 0.013142 
123.398689, 0.013143 
123.498688, 0.013143 
123.598686, 0.013143 
123.698685, 0.013144 
123.798683, 0.013144 
123.898682, 0.013144 
123.998680, 0.013145 
124.098679, 0.013145 
124.198677, 0.013145 
124.298676, 0.013146 
124.398674, 0.013146 
124.498672, 0.013146 
124.598671, 0.013147 
124.698669, 0.013147 
124.798668, 0.013147 
124.898666, 0.013148 
124.998665, 0.013148 
125.098663, 0.013148 
125.198662, 0.013149 
125.298660, 0.013149 
125.398659, 0.013149 
125.498657, 0.013150 
125.598656, 0.013150 
125.698654, 0.013150 
125.798653, 0.013151 
125.898651, 0.013151 
125.998650, 0.013151 
126.098648, 0.013152 
126.198647, 0.013152 
126.298645, 0.013152 
126.398643, 0.013152 
126.498642, 0.013153 
126.598640, 0.013153 
126.698639, 0.013153 
126.798637, 0.013154 
126.898636, 0.013154 
126.998634, 0.013154 
127.098633, 0.013155 
127.198631, 0.013155 
127.298630, 0.013155 
127.398628, 0.013155 
127.498627, 0.013156 
127.598625, 0.013156 
127.698624, 0.013156 
127.798622, 0.013157 
127.898621, 0.013157 
127.998619, 0.013157 
128.098618, 0.013158 
128.198624, 0.013158 
128.298630, 0.013158 
128.398636, 0.013158 
128.498642, 0.013159 
128.598648, 0.013159 
128.698654, 0.013159 
128.798660, 0.013160 
128.898666, 0.013160 
128.998672, 0.013160 
129.098679, 0.013160 
129.198685, 0.013161 
129.298691, 0.013161 
129.398697, 0.013161 
129.498703, 0.013161 
129.598709, 0.013162 
129.698715, 0.013162 
129.798721, 0.013162 
129.898727, 0.013163 
129.998734, 0.013163 
130.098740, 0.013163 
130.198746, 0.013163 
130.298752, 0.013164 
130.398758, 0.013164 
130.498764, 0.013164 
130.598770, 0.013164 
130.698776, 0.013165 
130.798782, 0.013165 
130.898788, 0.013165 
130.998795, 0.013165 
131.098801, 0.013166 
131.198807, 0.013166 
131.298813, 0.013166 
131.398819, 0.013166 
131.498825, 0.013167 
131.598831, 0.013167 
131.698837, 0.013167 
131.798843, 0.013168 
131.898849, 0.013168 
131.998856, 0.013168 
132.098862, 0.013168 
132.198868, 0.013169 
132.298874, 0.013169 
132.398880, 0.013169 
132.498886, 0.013169 
132.598892, 0.013169 
132.698898, 0.013170 
132.798904, 0.013170 
132.898911, 0.013170 
132.998917, 0.013170 
133.098923, 0.013171 
133.198929, 0.013171 
133.298935, 0.013171 
133.398941, 0.013171 
133.498947, 0.013172 
133.598953, 0.013172 
133.698959, 0.013172 
133.798965, 0.013172 
133.898972, 0.013173 
133.998978, 0.013173 
134.098984, 0.013173 
134.198990, 0.013173 
134.298996, 0.013173 
134.399002, 0.013174 
134.499008, 0.013174 
134.599014, 0.013174 
134.699020, 0.013174 
134.799026, 0.013175 
134.899033, 0.013175 
134.999039, 0.013175 
135.099045, 0.013175 
135.199051, 0.013176 
135.299057, 0.013176 
135.399063, 0.013176 
135.499069, 0.013176 
135.599075, 0.013176 
135.699081, 0.013177 
135.799088, 0.013177 
135.899094, 0.013177 
135.999100, 0.013177 
136.099106, 0.013177 
136.199112, 0.013178 
136.299118, 0.013178 
136.399124, 0.013178 
136.499130, 0.013178 
136.599136, 0.013179 
136.699142, 0.013179 
136.799149, 0.013179 
136.899155, 0.013179 
136.999161, 0.013179 
137.099167, 0.013180 
137.199173, 0.013180 
137.299179, 0.013180 
137.399185, 0.013180 
137.499191, 0.013180 
137.599197, 0.013181 
137.699203, 0.013181 
137.799210, 0.013181 
137.899216, 0.013181 
137.999222, 0.013181 
138.099228, 0.013182 
138.199234, 0.013182 
138.299240, 0.013182 
138.399246, 0.013182 
138.499252, 0.013182 
138.599258, 0.013183 
138.699265, 0.013183 
138.799271, 0.013183 
138.899277, 0.013183 
138.999283, 0.013183 
139.099289, 0.013184 
139.199295, 0.013184 
139.299301, 0.013184 
139.399307, 0.013184 
139.499313, 0.013184 
139.599319, 0.013184 
139.699326, 0.013185 
139.799332, 0.013185 
139.899338, 0.013185 
139.999344, 0.013185 
140.099350, 0.013185 
140.199356, 0.013186 
140.299362, 0.013186 
140.399368, 0.013186 
140.499374, 0.013186 
140.599380, 0.013186 
140.699387, 0.013186 
140.799393, 0.013187 
140.899399, 0.013187 
140.999405, 0.013187 
141.099411, 0.013187 
141.199417, 0.013187 
141.299423, 0.013188 
141.399429, 0.013188 
141.499435, 0.013188 
141.599442, 0.013188 
141.699448, 0.013188 
141.799454, 0.013188 
141.899460, 0.013189 
141.999466, 0.013189 
142.099472, 0.013189 
142.199478, 0.013189 
142.299484, 0.013189 
142.399490, 0.013189 
142.499496, 0.013190 
142.599503, 0.013190 
142.699509, 0.013190 
142.799515, 0.013190 
142.899521, 0.013190 
142.999527, 0.013190 
143.099533, 0.013191 
143.199539, 0.013191 
143.299545, 0.013191 
143.399551, 0.013191 
143.499557, 0.013191 
143.599564, 0.013191 
143.699570, 0.013192 
143.799576, 0.013192 
143.899582, 0.013192 
143.999588, 0.013192 
144.099594, 0.013192 
144.199600, 0.013192 
144.299606, 0.013193 
144.399612, 0.013193 
144.499619, 0.013193 
144.599625, 0.013193 
144.699631, 0.013193 
144.799637, 0.013193 
144.899643, 0.013193 
144.999649, 0.013194 
145.099655, 0.013194 
145.199661, 0.013194 
145.299667, 0.013194 
145.399673, 0.013194 
145.499680, 0.013194 
145.599686, 0.013194 
145.699692, 0.013195 
145.799698, 0.013195 
145.899704, 0.013195 
145.999710, 0.013195 
146.099716, 0.013195 
146.199722, 0.013195 
146.299728, 0.013196 
146.399734, 0.013196 
146.499741, 0.013196 
146.599747, 0.013196 
146.699753, 0.013196 
146.799759, 0.013196 
146.899765, 0.013196 
146.999771, 0.013197 
147.099777, 0.013197 
147.199783, 0.013197 
147.299789, 0.013197 
147.399796, 0.013197 
147.499802, 0.013197 
147.599808, 0.013197 
147.699814, 0.013198 
147.799820, 0.013198 
147.899826, 0.013198 
147.999832, 0.013198 
148.099838, 0.013198 
148.199844, 0.013198 
148.299850, 0.013198 
148.399857, 0.013198 
148.499863, 0.013199 
148.599869, 0.013199 
148.699875, 0.013199 
148.799881, 0.013199 
148.899887, 0.013199 
148.999893, 0.013199 
149.099899, 0.013199 
149.199905, 0.013200 
149.299911, 0.013200 
149.399918, 0.013200 
149.499924, 0.013200 
149.599930, 0.013200 
149.699936, 0.013200 
149.799942, 0.013200 
149.899948, 0.013200 
149.999954, 0.013201 
150.099960, 0.013201 
150.199966, 0.013201 
150.299973, 0.013201 
150.399979, 0.013201 
150.499985, 0.013201 
150.599991, 0.013201 
150.699997, 0.013201 
150.800003, 0.013202 
150.900009, 0.013202 
151.000015, 0.013202 
151.100021, 0.013202 
151.200027, 0.013202 
151.300034, 0.013202 
151.400040, 0.013202 
151.500046, 0.013202 
151.600052, 0.013202 
151.700058, 0.013203 
151.800064, 0.013203 
151.900070, 0.013203 
152.000076, 0.013203 
152.100082, 0.013203 
152.200089, 0.013203 
152.300095, 0.013203 
152.400101, 0.013203 
152.500107, 0.013204 
152.600113, 0.013204 
152.700119, 0.013204 
152.800125, 0.013204 
152.900131, 0.013204 
153.000137, 0.013204 
153.100143, 0.013204 
153.200150, 0.013204 
153.300156, 0.013204 
153.400162, 0.013205 
153.500168, 0.013205 
153.600174, 0.013205 
153.700180, 0.013205 
153.800186, 0.013205 
153.900192, 0.013205 
154.000198, 0.013205 
154.100204, 0.013205 
154.200211, 0.013205 
154.300217, 0.013206 
154.400223, 0.013206 
154.500229, 0.013206 
154.600235, 0.013206 
154.700241, 0.013206 
154.800247, 0.013206 
154.900253, 0.013206 
155.000259, 0.013206 
155.100266, 0.013206 
155.200272, 0.013206 
155.300278, 0.013207 
155.400284, 0.013207 
155.500290, 0.013207 
155.600296, 0.013207 
155.700302, 0.013207 
155.800308, 0.013207 
155.900314, 0.013207 
156.000320, 0.013207 
156.100327, 0.013207 
156.200333, 0.013207 
