0.000000
0.010000
0.020000
0.030000
0.040000
0.050000
0.060000
0.070000
0.080000
0.090000
0.100000
0.110000
0.120000
0.130000
0.140000
0.150000
0.160000
0.170000
0.180000
0.190000
0.200000
0.210000
0.220000
0.230000
0.240000
0.250000
0.260000
0.270000
0.280000
0.290000
0.300000
0.310000
0.320000
0.330000
0.340000
0.350000
0.360000
0.370000
0.380000
0.390000
0.400000
0.410000
0.420000
0.430000
0.440000
0.450000
0.460000
0.470000
0.480000
0.490000
0.500000
0.510000
0.520000
0.530000
0.540000
0.550000
0.560000
0.570000
0.580000
0.590000
0.600000
0.610000
0.620000
0.630000
0.640000
0.650000
0.660000
0.670000
0.680000
0.690000
0.700000
0.710000
0.720000
0.730000
0.740000
0.750000
0.760000
0.770000
0.780000
0.790000
0.800000
0.810000
0.820000
0.830000
0.840000
0.850000
0.860000
0.870000
0.880000
0.890000
0.900000
0.910000
0.920000
0.930000
0.940000
0.950000
0.960000
0.970000
0.980000
0.990000
1.000000
1.010000
1.020000
1.030000
1.040000
1.050000
1.060000
1.070000
1.080000
1.090000
1.100000
1.110000
1.120000
1.130000
1.140000
1.150000
1.160000
1.170000
1.180000
1.190000
1.200000
1.210000
1.220000
1.230000
1.240000
1.250000
1.260000
1.270000
1.280000
1.290000
1.300000
1.310000
1.320000
1.330000
1.340000
1.350000
1.360000
1.370000
1.380000
1.390000
1.400000
1.410000
1.420000
1.430000
1.440000
1.450000
1.460000
1.470000
1.480000
1.490000
1.500000
1.510000
1.520000
1.530000
1.540000
1.550000
1.560000
1.570000
1.580000
1.590000
1.600000
1.610000
1.620000
1.630000
1.640000
1.650000
1.660000
1.670000
1.680000
1.690000
1.700000
1.710000
1.720000
1.730000
1.740000
1.750000
1.760000
1.770000
1.780000
1.790000
1.800000
1.810000
1.820000
1.830000
1.840000
1.850000
1.860000
1.870000
1.880000
1.890000
1.900000
1.910000
1.920000
1.930000
1.940000
1.950000
1.960000
1.970000
1.980000
1.990000
2.000000
2.010000
2.020000
2.030000
2.040000
2.050000
2.060000
2.070000
2.080000
2.090000
2.100000
2.110000
2.120000
2.130000
2.140000
2.150000
2.160000
2.170000
2.180000
2.190000
2.200000
2.210000
2.220000
2.230000
2.240000
2.250000
2.260000
2.270000
2.280000
2.290000
2.300000
2.310000
2.320000
2.330000
2.340000
2.350000
2.360000
2.370000
2.380000
2.390000
2.400000
2.410000
2.420000
2.430000
2.440000
2.450000
2.460000
2.470000
2.480000
2.490000
2.500000
2.510000
2.520000
2.530000
2.540000
2.550000
2.560000
2.570000
2.580000
2.590000
2.600000
2.610000
2.620000
2.630000
2.640000
2.650000
2.660000
2.670000
2.680000
2.690000
2.700000
2.710000
2.720000
2.730000
2.740000
2.750000
2.760000
2.770000
2.780000
2.790000
2.800000
2.810000
2.820000
2.830000
2.840000
2.850000
2.860000
2.870000
2.880000
2.890000
2.900000
2.910000
2.920000
2.930000
2.940000
2.950000
2.960000
2.970000
2.980000
2.990000
3.000000
3.010000
3.020000
3.030000
3.040000
3.050000
3.060000
3.070000
3.080000
3.090000
3.100000
3.110000
3.120000
3.130000
3.140000
3.150000
3.160000
3.170000
3.180000
3.190000
3.200000
3.210000
3.220000
3.230000
3.240000
3.250000
3.260000
3.270000
3.280000
3.290000
3.300000
3.310000
3.320000
3.330000
3.340000
3.350000
3.360000
3.370000
3.380000
3.390000
3.400000
3.410000
3.420000
3.430000
3.440000
3.450000
3.460000
3.470000
3.480000
3.490000
3.500000
3.510000
3.520000
3.530000
3.540000
3.550000
3.560000
3.570000
3.580000
3.590000
3.600000
3.610000
3.620000
3.630000
3.640000
3.650000
3.660000
3.670000
3.680000
3.690000
3.700000
3.710000
3.720000
3.730000
3.740000
3.750000
3.760000
3.770000
3.780000
3.790000
3.800000
3.810000
3.820000
3.830000
3.840000
3.850000
3.860000
3.870000
3.880000
3.890000
3.900000
3.910000
3.920000
3.930000
3.940000
3.950000
3.960000
3.970000
3.980000
3.990000
4.000000
4.010000
4.020000
4.030000
4.040000
4.050000
4.060000
4.070000
4.080000
4.090000
4.100000
4.110000
4.120000
4.130000
4.140000
4.150000
4.160000
4.170000
4.180000
4.190000
4.200000
4.210000
4.220000
4.230000
4.240000
4.250000
4.260000
4.270000
4.280000
4.290000
4.300000
4.310000
4.320000
4.330000
4.340000
4.350000
4.360000
4.370000
4.380000
4.390000
4.400000
4.410000
4.420000
4.430000
4.440000
4.450000
4.460000
4.470000
4.480000
4.490000
4.500000
4.510000
4.520000
4.530000
4.540000
4.550000
4.560000
4.570000
4.580000
4.590000
4.600000
4.610000
4.620000
4.630000
4.640000
4.650000
4.660000
4.670000
4.680000
4.690000
4.700000
4.710000
4.720000
4.730000
4.740000
4.750000
4.760000
4.770000
4.780000
4.790000
4.800000
4.810000
4.820000
4.830000
4.840000
4.850000
4.860000
4.870000
4.880000
4.890000
4.900000
4.910000
4.920000
4.930000
4.940000
4.950000
4.960000
4.970000
4.980000
4.990000
5.000000
0.000000
0.000000
0.000000
0.000000
0.000000
0.000000
0.000000
0.000000
0.000000
0.000000
0.000000
0.000000
0.000000
0.000000
0.000000
0.000000
0.000000
0.000000
0.000000
0.000000
0.000000
0.000000
0.000000
0.000000
0.000000
0.000000
0.000000
0.000000
0.000000
0.000000
0.000000
0.000000
0.000000
0.000000
0.000000
0.000000
0.000000
0.000000
0.000000
0.000000
0.000000
0.000000
0.000000
0.000000
0.000000
0.000000
0.000000
0.000000
0.000000
0.000000
0.000000
0.000000
0.000000
0.000000
0.000000
0.000000
0.000000
0.000000
0.000000
0.000000
0.000000
0.000000
0.000000
0.000000
0.000000
0.000000
0.000000
0.000000
0.000000
0.000000
0.000000
0.000000
0.000000
0.000000
0.000000
0.000000
0.000000
0.000000
0.000000
0.000000
0.000000
0.000000
0.000000
0.000000
0.000000
0.000000
0.000000
0.000000
0.000000
0.000000
0.000000
0.000000
0.000000
0.000000
0.000000
0.000000
0.000000
0.000000
0.000000
0.000000
0.000000
0.000000
0.000050
0.000151
0.000302
0.000505
0.000760
0.001068
0.001428
0.001842
0.002310
0.002833
0.003410
0.004043
0.004732
0.005477
0.006280
0.007140
0.008058
0.009035
0.010070
0.011165
0.012320
0.013535
0.014812
0.016150
0.017550
0.019013
0.020538
0.022127
0.023780
0.025497
0.027280
0.029128
0.031042
0.033023
0.035070
0.037185
0.039368
0.041619
0.043940
0.046330
0.048790
0.051321
0.053922
0.056595
0.059340
0.062157
0.065048
0.068012
0.071050
0.074163
0.077350
0.080613
0.083952
0.087367
0.090860
0.094430
0.098078
0.101805
0.105610
0.109495
0.113460
0.117506
0.121632
0.125840
0.130130
0.134503
0.138958
0.143497
0.148120
0.152828
0.157620
0.162498
0.167462
0.172512
0.177650
0.182875
0.188188
0.193589
0.199080
0.204660
0.210330
0.216091
0.221942
0.227885
0.233920
0.240048
0.246268
0.252582
0.258990
0.265492
0.272090
0.278783
0.285572
0.292458
0.299440
0.306520
0.313698
0.320974
0.328350
0.335825
0.343300
0.350774
0.358248
0.365720
0.373190
0.380658
0.388122
0.395583
0.403040
0.410493
0.417940
0.425382
0.432818
0.440247
0.447670
0.455085
0.462492
0.469890
0.477280
0.484660
0.492030
0.499389
0.506738
0.514075
0.521400
0.528712
0.536012
0.543298
0.550570
0.557828
0.565070
0.572297
0.579508
0.586703
0.593880
0.601040
0.608182
0.615306
0.622410
0.629495
0.636560
0.643605
0.650628
0.657630
0.664610
0.671567
0.678502
0.685413
0.692300
0.699163
0.706000
0.712812
0.719598
0.726358
0.733090
0.739795
0.746472
0.753121
0.759740
0.766330
0.772890
0.779419
0.785918
0.792385
0.798820
0.805223
0.811592
0.817928
0.824230
0.830498
0.836730
0.842927
0.849088
0.855212
0.861300
0.867350
0.873362
0.879336
0.885270
0.891165
0.897020
0.902834
0.908608
0.914340
0.920030
0.925678
0.931282
0.936843
0.942360
0.947832
0.953260
0.958642
0.963978
0.969267
0.974510
0.979705
0.984852
0.989951
0.995000
1.000000
1.004850
1.009549
1.014098
1.018495
1.022740
1.026833
1.030772
1.034558
1.038190
1.041667
1.044990
1.048157
1.051168
1.054022
1.056720
1.059260
1.061642
1.063865
1.065930
1.067835
1.069580
1.071165
1.072588
1.073850
1.074950
1.075888
1.076662
1.077273
1.077720
1.078003
1.078120
1.078072
1.077858
1.077478
1.076930
1.076215
1.075332
1.074281
1.073060
1.071670
1.070110
1.068380
1.066478
1.064405
1.062160
1.059743
1.057152
1.054388
1.051450
1.048337
1.045050
1.041587
1.037948
1.034132
1.030140
1.025970
1.021622
1.017095
1.012390
1.007505
1.002440
0.997195
0.991768
0.986160
0.980370
0.974398
0.968242
0.961903
0.955380
0.948672
0.941780
0.934702
0.927438
0.919987
0.912350
0.904525
0.896512
0.888311
0.879920
0.871340
0.862570
0.853609
0.844458
0.835115
0.825580
0.815853
0.805932
0.795818
0.785510
0.775008
0.764310
0.753417
0.742328
0.731043
0.719560
0.707880
0.696002
0.683926
0.671650
0.659175
0.646800
0.634526
0.622352
0.610280
0.598310
0.586442
0.574678
0.563017
0.551460
0.540008
0.528660
0.517418
0.506282
0.495253
0.484330
0.473515
0.462808
0.452210
0.441720
0.431340
0.421070
0.410911
0.400862
0.390925
0.381100
0.371388
0.361788
0.352302
0.342930
0.333672
0.324530
0.315503
0.306592
0.297798
0.289120
0.280560
0.272118
0.263794
0.255590
0.247505
0.239540
0.231696
0.223972
0.216370
0.208890
0.201533
0.194298
0.187187
0.180200
0.173338
0.166600
0.159988
0.153502
0.147142
0.140910
0.134805
0.128828
0.122980
0.117260
0.111670
0.106210
0.100881
0.095682
0.090615
0.085680
0.080877
0.076208
0.071672
0.067270
0.063003
0.058870
0.054873
0.051012
0.047288
0.043700
0.040250
0.036938
0.033765
0.030730
0.027835
0.025080
0.022465
0.019992
0.017660
0.015470
0.013423
0.011518
0.009757
0.008140
0.006668
0.005340
0.004158
0.003122
0.002233
0.001490
0.000895
0.000448
0.000150
0.000000
