0.000000 	0.000000 
0.010000 	0.001000 
0.020000 	0.001984 
0.030000 	0.002962 
0.040000 	0.003933 
0.050000 	0.004901 
0.060000 	0.005864 
0.070000 	0.006824 
0.080000 	0.007780 
0.090000 	0.008734 
0.100000 	0.009684 
0.110000 	0.010632 
0.120000 	0.011577 
0.130000 	0.012520 
0.140000 	0.013460 
0.150000 	0.014398 
0.160000 	0.015334 
0.170000 	0.016268 
0.180000 	0.017199 
0.190000 	0.018129 
0.200000 	0.019057 
0.210000 	0.019983 
0.220000 	0.020907 
0.230000 	0.021829 
0.240000 	0.022749 
0.250000 	0.023668 
0.260000 	0.024585 
0.270000 	0.025500 
0.280000 	0.026414 
0.290000 	0.027326 
0.300000 	0.028237 
0.310000 	0.029146 
0.320000 	0.030053 
0.330000 	0.030959 
0.340000 	0.031864 
0.350000 	0.032767 
0.360000 	0.033669 
0.370000 	0.034569 
0.380000 	0.035468 
0.390000 	0.036365 
0.400000 	0.037262 
0.410000 	0.038157 
0.420000 	0.039050 
0.430000 	0.039942 
0.440000 	0.040834 
0.450000 	0.041723 
0.460000 	0.042612 
0.470000 	0.043499 
0.480000 	0.044385 
0.490000 	0.045270 
0.500000 	0.046154 
0.510000 	0.047036 
0.520000 	0.047917 
0.530000 	0.048797 
0.540000 	0.049676 
0.550000 	0.050554 
0.560000 	0.051431 
0.570000 	0.052306 
0.580000 	0.053181 
0.590000 	0.054054 
0.600000 	0.054926 
0.610000 	0.055798 
0.620000 	0.056668 
0.630000 	0.057537 
0.640000 	0.058405 
0.650000 	0.059272 
0.660000 	0.060138 
0.670000 	0.061003 
0.680000 	0.061866 
0.690000 	0.062729 
0.700000 	0.063591 
0.710000 	0.064452 
0.720000 	0.065312 
0.730000 	0.066171 
0.740000 	0.067029 
0.750000 	0.067885 
0.760000 	0.068741 
0.770000 	0.069596 
0.780000 	0.070450 
0.790000 	0.071304 
0.800000 	0.072156 
0.810000 	0.073007 
0.820000 	0.073857 
0.830000 	0.074707 
0.840000 	0.075555 
0.850000 	0.076402 
0.860000 	0.077249 
0.870000 	0.078095 
0.880000 	0.078940 
0.890000 	0.079784 
0.900000 	0.080627 
0.910000 	0.081469 
0.920000 	0.082310 
0.930000 	0.083151 
0.940000 	0.083990 
0.950000 	0.084829 
0.960000 	0.085667 
0.970000 	0.086504 
0.980000 	0.087340 
0.990000 	0.088175 
1.000000 	0.089009 
1.010000 	0.089843 
1.020000 	0.090676 
1.030000 	0.091508 
1.040000 	0.092339 
1.050000 	0.093169 
1.060000 	0.093999 
1.070000 	0.094827 
1.080000 	0.095655 
1.090000 	0.096482 
1.100000 	0.097309 
1.110000 	0.098134 
1.120000 	0.098959 
1.130000 	0.099783 
1.140000 	0.100606 
1.150000 	0.101428 
1.160000 	0.102250 
1.170000 	0.103070 
1.180000 	0.103891 
1.190000 	0.104710 
1.200000 	0.105528 
1.210000 	0.106346 
1.220000 	0.107163 
1.230000 	0.107979 
1.240000 	0.108795 
1.250000 	0.109609 
1.260000 	0.110423 
1.270000 	0.111236 
1.280000 	0.112049 
1.290000 	0.112861 
1.300000 	0.113672 
1.310000 	0.114482 
1.320000 	0.115291 
1.330000 	0.116100 
1.340000 	0.116908 
1.350000 	0.117716 
1.360000 	0.118522 
1.370000 	0.119328 
1.380000 	0.120133 
1.390000 	0.120938 
1.400000 	0.121742 
1.410000 	0.122545 
1.420000 	0.123347 
1.430000 	0.124149 
1.440000 	0.124950 
1.450000 	0.125750 
1.460000 	0.126550 
1.470000 	0.127348 
1.480000 	0.128147 
1.490000 	0.128944 
1.500000 	0.129741 
1.510000 	0.130537 
1.520000 	0.131333 
1.530000 	0.132128 
1.540000 	0.132922 
1.550000 	0.133715 
1.560000 	0.134508 
1.570000 	0.135300 
1.580000 	0.136091 
1.590000 	0.136882 
1.600000 	0.137672 
1.610000 	0.138462 
1.620000 	0.139251 
1.630000 	0.140039 
1.640000 	0.140826 
1.650000 	0.141613 
1.660000 	0.142399 
1.670000 	0.143185 
1.680000 	0.143970 
1.690000 	0.144754 
1.700000 	0.145538 
1.710000 	0.146321 
1.720000 	0.147103 
1.730000 	0.147885 
1.740000 	0.148666 
1.750000 	0.149446 
1.760000 	0.150226 
1.770000 	0.151005 
1.780000 	0.151784 
1.790000 	0.152562 
1.800000 	0.153339 
1.810000 	0.154116 
1.820000 	0.154892 
1.830000 	0.155667 
1.840000 	0.156442 
1.850000 	0.157216 
1.860000 	0.157990 
1.870000 	0.158763 
1.880000 	0.159535 
1.890000 	0.160307 
1.900000 	0.161078 
1.910000 	0.161849 
1.920000 	0.162619 
1.930000 	0.163388 
1.940000 	0.164157 
1.950000 	0.164925 
1.960000 	0.165693 
1.970000 	0.166460 
1.980000 	0.167226 
1.990000 	0.167992 
2.000000 	0.168757 
2.010000 	0.169522 
2.020000 	0.170286 
2.030000 	0.171049 
2.040000 	0.171812 
2.050000 	0.172574 
2.060000 	0.173336 
2.070000 	0.174097 
2.080000 	0.174857 
2.090000 	0.175617 
2.100000 	0.176377 
2.110000 	0.177135 
2.120000 	0.177894 
2.130000 	0.178651 
2.140000 	0.179408 
2.150000 	0.180165 
2.160000 	0.180921 
2.170000 	0.181676 
2.180000 	0.182431 
2.190000 	0.183185 
2.200000 	0.183939 
2.210000 	0.184692 
2.220000 	0.185444 
2.230000 	0.186196 
2.240000 	0.186948 
2.250000 	0.187699 
2.260000 	0.188449 
2.270000 	0.189199 
2.280000 	0.189948 
2.290000 	0.190697 
2.300000 	0.191445 
2.310000 	0.192192 
2.320000 	0.192939 
2.330000 	0.193686 
2.340000 	0.194432 
2.350000 	0.195177 
2.360000 	0.195922 
2.370000 	0.196666 
2.380000 	0.197410 
2.390000 	0.198153 
2.400000 	0.198896 
2.410000 	0.199638 
2.420000 	0.200379 
2.430000 	0.201120 
2.440000 	0.201861 
2.450000 	0.202601 
2.460000 	0.203340 
2.470000 	0.204079 
2.480000 	0.204818 
2.490000 	0.205555 
2.500000 	0.206293 
2.510000 	0.207029 
2.520000 	0.207766 
2.530000 	0.208501 
2.540000 	0.209237 
2.550000 	0.209971 
2.560000 	0.210706 
2.570000 	0.211439 
2.580000 	0.212172 
2.590000 	0.212905 
2.600000 	0.213637 
2.610000 	0.214369 
2.620000 	0.215100 
2.630000 	0.215830 
2.640000 	0.216560 
2.650000 	0.217290 
2.660000 	0.218019 
2.670000 	0.218747 
2.680000 	0.219475 
2.690000 	0.220203 
2.700000 	0.220930 
2.710000 	0.221656 
2.720000 	0.222382 
2.730000 	0.223108 
2.740000 	0.223832 
2.750000 	0.224557 
2.760000 	0.225281 
2.770000 	0.226004 
2.780000 	0.226727 
2.790000 	0.227450 
2.800000 	0.228172 
2.810000 	0.228893 
2.820000 	0.229614 
2.830000 	0.230334 
2.840000 	0.231054 
2.850000 	0.231774 
2.860000 	0.232493 
2.870000 	0.233211 
2.880000 	0.233929 
2.890000 	0.234647 
2.900000 	0.235364 
2.910000 	0.236080 
2.920000 	0.236796 
2.930000 	0.237512 
2.940000 	0.238227 
2.950000 	0.238941 
2.960000 	0.239655 
2.970000 	0.240369 
2.980000 	0.241082 
2.990000 	0.241795 
3.000000 	0.242507 
3.010000 	0.243218 
3.020000 	0.243930 
3.030000 	0.244640 
3.040000 	0.245351 
3.050000 	0.246060 
3.060000 	0.246770 
3.070000 	0.247478 
3.080000 	0.248187 
3.090000 	0.248894 
3.100000 	0.249602 
3.110000 	0.250309 
3.120000 	0.251015 
3.130000 	0.251721 
3.140000 	0.252427 
3.150000 	0.253132 
3.160000 	0.253836 
3.170000 	0.254540 
3.180000 	0.255244 
3.190000 	0.255947 
3.200000 	0.256649 
3.210000 	0.257352 
3.220000 	0.258053 
3.230000 	0.258755 
3.240000 	0.259455 
3.250000 	0.260156 
3.260000 	0.260856 
3.270000 	0.261555 
3.280000 	0.262254 
3.290000 	0.262952 
3.300000 	0.263651 
3.310000 	0.264348 
3.320000 	0.265045 
3.330000 	0.265742 
3.340000 	0.266438 
3.350000 	0.267134 
3.360000 	0.267829 
3.370000 	0.268524 
3.380000 	0.269218 
3.390000 	0.269912 
3.400000 	0.270606 
3.410000 	0.271299 
3.420000 	0.271991 
3.430000 	0.272683 
3.440000 	0.273375 
3.450000 	0.274066 
3.460000 	0.274757 
3.470000 	0.275447 
3.480000 	0.276137 
3.490000 	0.276827 
3.500000 	0.277516 
3.510000 	0.278204 
3.520000 	0.278892 
3.530000 	0.279580 
3.540000 	0.280267 
3.550000 	0.280954 
3.560000 	0.281640 
3.570000 	0.282326 
3.580000 	0.283012 
3.590000 	0.283697 
3.600000 	0.284381 
3.610000 	0.285065 
3.620000 	0.285749 
3.630000 	0.286432 
3.640000 	0.287115 
3.650000 	0.287797 
3.660000 	0.288479 
3.670000 	0.289161 
3.680000 	0.289842 
3.690000 	0.290522 
3.700000 	0.291203 
3.710000 	0.291882 
3.720000 	0.292562 
3.730000 	0.293241 
3.740000 	0.293919 
3.750000 	0.294597 
3.760000 	0.295275 
3.770000 	0.295952 
3.780000 	0.296629 
3.790000 	0.297305 
3.800000 	0.297981 
3.810000 	0.298656 
3.820000 	0.299331 
3.830000 	0.300006 
3.840000 	0.300680 
3.850000 	0.301354 
3.860000 	0.302027 
3.870000 	0.302700 
3.880000 	0.303373 
3.890000 	0.304045 
3.900000 	0.304716 
3.910000 	0.305387 
3.920000 	0.306058 
3.930000 	0.306729 
3.940000 	0.307399 
3.950000 	0.308068 
3.960000 	0.308737 
3.970000 	0.309406 
3.980000 	0.310074 
3.990000 	0.310742 
4.000000 	0.311409 
4.010000 	0.312076 
4.020000 	0.312743 
4.030000 	0.313409 
4.040000 	0.314075 
4.050000 	0.314740 
4.060000 	0.315405 
4.070000 	0.316070 
4.080000 	0.316734 
4.090000 	0.317398 
4.100000 	0.318061 
4.110000 	0.318724 
4.120000 	0.319386 
4.130000 	0.320048 
4.140000 	0.320710 
4.150000 	0.321371 
4.160000 	0.322032 
4.170000 	0.322693 
4.180000 	0.323353 
4.190000 	0.324012 
4.200000 	0.324671 
4.210000 	0.325330 
4.220000 	0.325989 
4.230000 	0.326647 
4.240000 	0.327304 
4.250000 	0.327961 
4.260000 	0.328618 
4.270000 	0.329274 
4.280000 	0.329930 
4.290000 	0.330586 
4.300000 	0.331241 
4.310000 	0.331896 
4.320000 	0.332550 
4.330000 	0.333204 
4.340000 	0.333858 
4.350000 	0.334511 
4.360000 	0.335164 
4.370000 	0.335816 
4.380000 	0.336468 
4.390000 	0.337120 
4.400000 	0.337771 
4.410000 	0.338421 
4.420000 	0.339072 
4.430000 	0.339722 
4.440000 	0.340371 
4.450000 	0.341021 
4.460000 	0.341669 
4.470000 	0.342318 
4.480000 	0.342966 
4.490000 	0.343613 
4.500000 	0.344261 
4.510000 	0.344907 
4.520000 	0.345554 
4.530000 	0.346200 
4.540000 	0.346845 
4.550000 	0.347491 
4.560000 	0.348136 
4.570000 	0.348780 
4.580000 	0.349424 
4.590000 	0.350068 
4.600000 	0.350711 
4.610000 	0.351354 
4.620000 	0.351996 
4.630000 	0.352639 
4.640000 	0.353280 
4.650000 	0.353922 
4.660000 	0.354563 
4.670000 	0.355203 
4.680000 	0.355843 
4.690000 	0.356483 
4.700000 	0.357123 
4.710000 	0.357762 
4.720000 	0.358400 
4.730000 	0.359039 
4.740000 	0.359677 
4.750000 	0.360314 
4.760000 	0.360951 
4.770000 	0.361588 
4.780000 	0.362224 
4.790000 	0.362860 
4.800000 	0.363496 
4.810000 	0.364131 
4.820000 	0.364766 
4.830000 	0.365401 
4.840000 	0.366035 
4.850000 	0.366668 
4.860000 	0.367302 
4.870000 	0.367935 
4.880000 	0.368567 
4.890000 	0.369199 
4.900000 	0.369831 
4.910000 	0.370463 
4.920000 	0.371094 
4.930000 	0.371724 
4.940000 	0.372355 
4.950000 	0.372985 
4.960000 	0.373614 
4.970000 	0.374243 
4.980000 	0.374872 
4.990000 	0.375501 
5.000000 	0.376129 
5.010000 	0.376757 
5.020000 	0.377384 
5.030000 	0.378011 
5.040000 	0.378637 
5.050000 	0.379264 
5.060000 	0.379889 
5.070000 	0.380515 
5.080000 	0.381140 
5.090000 	0.381765 
5.100000 	0.382389 
5.110000 	0.383013 
5.120000 	0.383637 
5.130000 	0.384260 
5.140000 	0.384883 
5.150000 	0.385505 
5.160000 	0.386128 
5.170000 	0.386749 
5.180000 	0.387371 
5.190000 	0.387992 
5.200000 	0.388613 
5.210000 	0.389233 
5.220000 	0.389853 
5.230000 	0.390473 
5.240000 	0.391092 
5.250000 	0.391711 
5.260000 	0.392329 
5.270000 	0.392947 
5.280000 	0.393565 
5.290000 	0.394182 
5.300000 	0.394800 
5.310000 	0.395416 
5.320000 	0.396033 
5.330000 	0.396649 
5.340000 	0.397264 
5.350000 	0.397879 
5.360000 	0.398494 
5.370000 	0.399109 
5.380000 	0.399723 
5.390000 	0.400337 
5.400000 	0.400950 
5.410000 	0.401563 
5.420000 	0.402176 
5.430000 	0.402788 
5.440000 	0.403400 
5.450000 	0.404012 
5.460000 	0.404623 
5.470000 	0.405234 
5.480000 	0.405845 
5.490000 	0.406455 
5.500000 	0.407065 
5.510000 	0.407675 
5.520000 	0.408284 
5.530000 	0.408893 
5.540000 	0.409501 
5.550000 	0.410109 
5.560000 	0.410717 
5.570000 	0.411324 
5.580000 	0.411931 
5.590000 	0.412538 
5.600000 	0.413144 
5.610000 	0.413750 
5.620000 	0.414356 
5.630000 	0.414961 
5.640000 	0.415566 
5.650000 	0.416171 
5.660000 	0.416775 
5.670000 	0.417379 
5.680000 	0.417983 
5.690000 	0.418586 
5.700000 	0.419189 
5.710000 	0.419791 
5.720000 	0.420393 
5.730000 	0.420995 
5.740000 	0.421596 
5.750000 	0.422197 
5.760000 	0.422798 
5.770000 	0.423399 
5.780000 	0.423999 
5.790000 	0.424598 
5.800000 	0.425198 
5.810000 	0.425797 
5.820000 	0.426395 
5.830000 	0.426994 
5.840000 	0.427592 
5.850000 	0.428189 
5.860000 	0.428787 
5.870000 	0.429384 
5.880000 	0.429980 
5.890000 	0.430576 
5.900000 	0.431172 
5.910000 	0.431768 
5.920000 	0.432363 
5.930000 	0.432958 
5.940000 	0.433553 
5.950000 	0.434147 
5.960000 	0.434741 
5.970000 	0.435334 
5.980000 	0.435927 
5.990000 	0.436520 
6.000000 	0.437113 
6.010000 	0.437705 
6.020000 	0.438297 
6.030000 	0.438888 
6.040000 	0.439479 
6.050000 	0.440070 
6.060000 	0.440661 
6.070000 	0.441251 
6.080000 	0.441841 
6.090000 	0.442430 
6.100000 	0.443019 
6.110000 	0.443608 
6.120000 	0.444196 
6.130000 	0.444784 
6.140000 	0.445372 
6.150000 	0.445960 
6.160000 	0.446547 
6.170000 	0.447133 
6.180000 	0.447720 
6.190000 	0.448306 
6.200000 	0.448892 
6.210000 	0.449477 
6.220000 	0.450062 
6.230000 	0.450647 
6.240000 	0.451231 
6.250000 	0.451815 
6.260000 	0.452399 
6.270000 	0.452983 
6.280000 	0.453566 
6.290000 	0.454148 
6.300000 	0.454731 
6.310000 	0.455313 
6.320000 	0.455895 
6.330000 	0.456476 
6.340000 	0.457057 
6.350000 	0.457638 
6.360000 	0.458218 
6.370000 	0.458798 
6.380000 	0.459378 
6.390000 	0.459958 
6.400000 	0.460537 
6.410000 	0.461116 
6.420000 	0.461694 
6.430000 	0.462272 
6.440000 	0.462850 
6.450000 	0.463427 
6.460000 	0.464005 
6.470000 	0.464581 
6.480000 	0.465158 
6.490000 	0.465734 
6.500000 	0.466310 
6.510000 	0.466885 
6.520000 	0.467460 
6.530000 	0.468035 
6.540000 	0.468610 
6.550000 	0.469184 
6.560000 	0.469758 
6.570000 	0.470331 
6.580000 	0.470905 
6.590000 	0.471478 
6.600000 	0.472050 
6.610000 	0.472622 
6.620000 	0.473194 
6.630000 	0.473766 
6.640000 	0.474337 
6.650000 	0.474908 
6.660000 	0.475479 
6.670000 	0.476049 
6.680000 	0.476619 
6.690000 	0.477189 
6.700000 	0.477758 
6.710000 	0.478327 
6.720000 	0.478896 
6.730000 	0.479464 
6.740000 	0.480032 
6.750000 	0.480600 
6.760000 	0.481167 
6.770000 	0.481734 
6.780000 	0.482301 
6.790000 	0.482868 
6.800000 	0.483434 
6.810000 	0.484000 
6.820000 	0.484565 
6.830000 	0.485130 
6.840000 	0.485695 
6.850000 	0.486260 
6.860000 	0.486824 
6.870000 	0.487388 
6.880000 	0.487951 
6.890000 	0.488515 
6.900000 	0.489078 
6.910000 	0.489640 
6.920000 	0.490203 
6.930000 	0.490765 
6.940000 	0.491326 
6.950000 	0.491888 
6.960000 	0.492449 
6.970000 	0.493009 
6.980000 	0.493570 
6.990000 	0.494130 
7.000000 	0.494690 
7.010000 	0.495249 
7.020000 	0.495808 
7.030000 	0.496367 
7.040000 	0.496926 
7.050000 	0.497484 
7.060000 	0.498042 
7.070000 	0.498599 
7.080000 	0.499157 
7.090000 	0.499714 
7.100000 	0.500270 
7.110000 	0.500827 
7.120000 	0.501383 
7.130000 	0.501938 
7.140000 	0.502494 
7.150000 	0.503049 
7.160000 	0.503604 
7.170000 	0.504158 
7.180000 	0.504712 
7.190000 	0.505266 
7.200000 	0.505820 
7.210000 	0.506373 
7.220000 	0.506926 
7.230000 	0.507478 
7.240000 	0.508031 
7.250000 	0.508583 
7.260000 	0.509134 
7.270000 	0.509686 
7.280000 	0.510237 
7.290000 	0.510787 
7.300000 	0.511338 
7.310000 	0.511888 
7.320000 	0.512438 
7.330000 	0.512987 
7.340000 	0.513537 
7.350000 	0.514085 
7.360000 	0.514634 
7.370000 	0.515182 
7.380000 	0.515730 
7.390000 	0.516278 
7.400000 	0.516825 
7.410000 	0.517372 
7.420000 	0.517919 
7.430000 	0.518466 
7.440000 	0.519012 
7.450000 	0.519558 
7.460000 	0.520103 
7.470000 	0.520648 
7.480000 	0.521193 
7.490000 	0.521738 
7.500000 	0.522282 
7.510000 	0.522826 
7.520000 	0.523370 
7.530000 	0.523913 
7.540000 	0.524456 
7.550000 	0.524999 
7.560000 	0.525542 
7.570000 	0.526084 
7.580000 	0.526626 
7.590000 	0.527167 
7.600000 	0.527709 
7.610000 	0.528250 
7.620000 	0.528790 
7.630000 	0.529331 
7.640000 	0.529871 
7.650000 	0.530410 
7.660000 	0.530950 
7.670000 	0.531489 
7.680000 	0.532028 
7.690000 	0.532566 
7.700000 	0.533105 
7.710000 	0.533643 
7.720000 	0.534180 
7.730000 	0.534718 
7.740000 	0.535255 
7.750000 	0.535792 
7.760000 	0.536328 
7.770000 	0.536864 
7.780000 	0.537400 
7.790000 	0.537936 
7.800000 	0.538471 
7.810000 	0.539006 
7.820000 	0.539541 
7.830000 	0.540075 
7.840000 	0.540609 
7.850000 	0.541143 
7.860000 	0.541676 
7.870000 	0.542209 
7.880000 	0.542742 
7.890000 	0.543275 
7.900000 	0.543807 
7.910000 	0.544339 
7.920000 	0.544871 
7.930000 	0.545402 
7.940000 	0.545934 
7.950000 	0.546464 
7.960000 	0.546995 
7.970000 	0.547525 
7.980000 	0.548055 
7.990000 	0.548585 
8.000000 	0.549114 
8.010000 	0.549643 
8.020000 	0.550172 
8.030000 	0.550700 
8.040000 	0.551228 
8.050000 	0.551756 
8.060000 	0.552284 
8.070000 	0.552811 
8.080000 	0.553338 
8.090000 	0.553865 
8.100000 	0.554391 
8.110000 	0.554917 
8.120000 	0.555443 
8.130000 	0.555969 
8.140000 	0.556494 
8.150000 	0.557019 
8.160000 	0.557544 
8.170000 	0.558068 
8.180000 	0.558592 
8.190000 	0.559116 
8.200000 	0.559639 
8.210000 	0.560162 
8.220000 	0.560685 
8.230000 	0.561208 
8.240000 	0.561730 
8.250000 	0.562252 
8.260000 	0.562774 
8.270000 	0.563296 
8.280000 	0.563817 
8.290000 	0.564338 
8.300000 	0.564858 
8.310000 	0.565378 
8.320000 	0.565898 
8.330000 	0.566418 
8.340000 	0.566938 
8.350000 	0.567457 
8.360000 	0.567976 
8.370000 	0.568494 
8.380000 	0.569012 
8.390000 	0.569530 
8.400000 	0.570048 
8.410000 	0.570566 
8.420000 	0.571083 
8.430000 	0.571600 
8.440000 	0.572116 
8.450000 	0.572632 
8.460000 	0.573148 
8.470000 	0.573664 
8.480000 	0.574179 
8.490000 	0.574695 
8.500000 	0.575209 
8.510000 	0.575724 
8.520000 	0.576238 
8.530000 	0.576752 
8.540000 	0.577266 
8.550000 	0.577779 
8.560000 	0.578292 
8.570000 	0.578805 
8.580000 	0.579318 
8.590000 	0.579830 
8.600000 	0.580342 
8.610000 	0.580854 
8.620000 	0.581365 
8.630000 	0.581876 
8.640000 	0.582387 
8.650000 	0.582898 
8.660000 	0.583408 
8.670000 	0.583918 
8.680000 	0.584428 
8.690000 	0.584937 
8.700000 	0.585446 
8.710000 	0.585955 
8.720000 	0.586464 
8.730000 	0.586972 
8.740000 	0.587480 
8.750000 	0.587988 
8.760000 	0.588495 
8.770000 	0.589003 
8.780000 	0.589510 
8.790000 	0.590016 
8.800000 	0.590522 
8.810000 	0.591029 
8.820000 	0.591534 
8.830000 	0.592040 
8.840000 	0.592545 
8.850000 	0.593050 
8.860000 	0.593555 
8.870000 	0.594059 
8.880000 	0.594563 
8.890000 	0.595067 
8.900000 	0.595570 
8.910000 	0.596074 
8.920000 	0.596577 
8.930000 	0.597079 
8.940000 	0.597582 
8.950000 	0.598084 
8.960000 	0.598586 
8.970000 	0.599087 
8.980000 	0.599589 
8.990000 	0.600090 
9.000000 	0.600590 
9.010000 	0.601091 
9.020000 	0.601591 
9.030000 	0.602091 
9.040000 	0.602591 
9.050000 	0.603090 
9.060000 	0.603589 
9.070000 	0.604088 
9.080000 	0.604587 
9.090000 	0.605085 
9.100000 	0.605583 
9.110000 	0.606080 
9.120000 	0.606578 
9.130000 	0.607075 
9.140000 	0.607572 
9.150000 	0.608069 
9.160000 	0.608565 
9.170000 	0.609061 
9.180000 	0.609557 
9.190000 	0.610052 
9.200000 	0.610547 
9.210000 	0.611042 
9.220000 	0.611537 
9.230000 	0.612031 
9.240000 	0.612526 
9.250000 	0.613019 
9.260000 	0.613513 
9.270000 	0.614006 
9.280000 	0.614499 
9.290000 	0.614992 
9.300000 	0.615485 
9.310000 	0.615977 
9.320000 	0.616469 
9.330000 	0.616960 
9.340000 	0.617452 
9.350000 	0.617943 
9.360000 	0.618434 
9.370000 	0.618924 
9.380000 	0.619415 
9.390000 	0.619905 
9.400000 	0.620395 
9.410000 	0.620884 
9.420000 	0.621373 
9.430000 	0.621862 
9.440000 	0.622351 
9.450000 	0.622839 
9.460000 	0.623327 
9.470000 	0.623815 
9.480000 	0.624303 
9.490000 	0.624790 
9.500000 	0.625277 
9.510000 	0.625764 
9.520000 	0.626251 
9.530000 	0.626737 
9.540000 	0.627223 
9.550000 	0.627709 
9.560000 	0.628194 
9.570000 	0.628679 
9.580000 	0.629164 
9.590000 	0.629649 
9.600000 	0.630133 
9.610000 	0.630617 
9.620000 	0.631101 
9.630000 	0.631584 
9.640000 	0.632068 
9.650000 	0.632551 
9.660000 	0.633034 
9.670000 	0.633516 
9.680000 	0.633998 
9.690000 	0.634480 
9.700000 	0.634962 
9.710000 	0.635443 
9.720000 	0.635924 
9.730000 	0.636405 
9.740000 	0.636886 
9.750000 	0.637366 
9.760000 	0.637846 
9.770000 	0.638326 
9.780000 	0.638806 
9.790000 	0.639285 
9.800000 	0.639764 
9.810000 	0.640243 
9.820000 	0.640721 
9.830000 	0.641199 
9.840000 	0.641677 
9.850000 	0.642155 
9.860000 	0.642632 
9.870000 	0.643110 
9.880000 	0.643586 
9.890000 	0.644063 
9.900000 	0.644539 
9.910000 	0.645015 
9.920000 	0.645491 
9.930000 	0.645967 
9.940000 	0.646442 
9.950000 	0.646917 
9.960000 	0.647392 
9.970000 	0.647866 
9.980000 	0.648341 
9.990000 	0.648815 
10.000000 	0.649288 
10.010000 	0.649762 
10.020000 	0.650235 
10.030000 	0.650708 
10.040000 	0.651181 
10.050000 	0.651653 
10.060000 	0.652125 
10.070000 	0.652597 
10.080000 	0.653069 
10.090000 	0.653540 
10.100000 	0.654011 
10.110000 	0.654482 
10.120000 	0.654952 
10.130000 	0.655423 
10.140000 	0.655893 
10.150000 	0.656363 
10.160000 	0.656832 
10.170000 	0.657301 
10.180000 	0.657770 
10.190000 	0.658239 
10.200000 	0.658708 
10.210000 	0.659176 
10.220000 	0.659644 
10.230000 	0.660111 
10.240000 	0.660579 
10.250000 	0.661046 
10.260000 	0.661513 
10.270000 	0.661980 
10.280000 	0.662446 
10.290000 	0.662912 
10.300000 	0.663378 
10.310000 	0.663844 
10.320000 	0.664309 
10.330000 	0.664774 
10.340000 	0.665239 
10.350000 	0.665703 
10.360000 	0.666168 
10.370000 	0.666632 
10.380000 	0.667096 
10.390000 	0.667559 
10.400000 	0.668022 
10.410000 	0.668485 
10.420000 	0.668948 
10.430000 	0.669411 
10.440000 	0.669873 
10.450000 	0.670335 
10.460000 	0.670797 
10.470000 	0.671258 
10.480000 	0.671719 
10.490000 	0.672180 
10.500000 	0.672641 
10.510000 	0.673101 
10.520000 	0.673562 
10.530000 	0.674021 
10.540000 	0.674481 
10.550000 	0.674941 
10.560000 	0.675400 
10.570000 	0.675859 
10.580000 	0.676317 
10.590000 	0.676776 
10.600000 	0.677234 
10.610000 	0.677692 
10.620000 	0.678149 
10.630000 	0.678607 
10.640000 	0.679064 
10.650000 	0.679521 
10.660000 	0.679977 
10.670000 	0.680434 
10.680000 	0.680890 
10.690000 	0.681346 
10.700000 	0.681801 
10.710000 	0.682256 
10.720000 	0.682712 
10.730000 	0.683166 
10.740000 	0.683621 
10.750000 	0.684075 
10.760000 	0.684529 
10.770000 	0.684983 
10.780000 	0.685437 
10.790000 	0.685890 
10.800000 	0.686343 
10.810000 	0.686796 
10.820000 	0.687248 
10.830000 	0.687701 
10.840000 	0.688153 
10.850000 	0.688604 
10.860000 	0.689056 
10.870000 	0.689507 
10.880000 	0.689958 
10.890000 	0.690409 
10.900000 	0.690860 
10.910000 	0.691310 
10.920000 	0.691760 
10.930000 	0.692210 
10.940000 	0.692659 
10.950000 	0.693108 
10.960000 	0.693557 
10.970000 	0.694006 
10.980000 	0.694455 
10.990000 	0.694903 
11.000000 	0.695351 
11.010000 	0.695799 
11.020000 	0.696246 
11.030000 	0.696693 
11.040000 	0.697140 
11.050000 	0.697587 
11.060000 	0.698034 
11.070000 	0.698480 
11.080000 	0.698926 
11.090000 	0.699371 
11.100000 	0.699817 
11.110000 	0.700262 
11.120000 	0.700707 
11.130000 	0.701152 
11.140000 	0.701596 
11.150000 	0.702041 
11.160000 	0.702485 
11.170000 	0.702928 
11.180000 	0.703372 
11.190000 	0.703815 
11.200000 	0.704258 
11.210000 	0.704701 
11.220000 	0.705143 
11.230000 	0.705586 
11.240000 	0.706028 
11.250000 	0.706469 
11.260000 	0.706911 
11.270000 	0.707352 
11.280000 	0.707793 
11.290000 	0.708234 
11.300000 	0.708674 
11.310000 	0.709115 
11.320000 	0.709555 
11.330000 	0.709994 
11.340000 	0.710434 
11.350000 	0.710873 
11.360000 	0.711312 
11.370000 	0.711751 
11.380000 	0.712190 
11.390000 	0.712628 
11.400000 	0.713066 
11.410000 	0.713504 
11.420000 	0.713941 
11.430000 	0.714379 
11.440000 	0.714816 
11.450000 	0.715252 
11.460000 	0.715689 
11.470000 	0.716125 
11.480000 	0.716561 
11.490000 	0.716997 
11.500000 	0.717433 
11.510000 	0.717868 
11.520000 	0.718303 
11.530000 	0.718738 
11.540000 	0.719173 
11.550000 	0.719607 
11.560000 	0.720041 
11.570000 	0.720475 
11.580000 	0.720909 
11.590000 	0.721342 
11.600000 	0.721775 
11.610000 	0.722208 
11.620000 	0.722641 
11.630000 	0.723073 
11.640000 	0.723505 
11.650000 	0.723937 
11.660000 	0.724369 
11.670000 	0.724800 
11.680000 	0.725231 
11.690000 	0.725662 
11.700000 	0.726093 
11.710000 	0.726523 
11.720000 	0.726954 
11.730000 	0.727383 
11.740000 	0.727813 
11.750000 	0.728243 
11.760000 	0.728672 
11.770000 	0.729101 
11.780000 	0.729530 
11.790000 	0.729958 
11.800000 	0.730386 
11.810000 	0.730814 
11.820000 	0.731242 
11.830000 	0.731670 
11.840000 	0.732097 
11.850000 	0.732524 
11.860000 	0.732951 
11.870000 	0.733377 
11.880000 	0.733804 
11.890000 	0.734230 
11.900000 	0.734656 
11.910000 	0.735081 
11.920000 	0.735507 
11.930000 	0.735932 
11.940000 	0.736357 
11.950000 	0.736781 
11.960000 	0.737206 
11.970000 	0.737630 
11.980000 	0.738054 
11.990000 	0.738477 
12.000000 	0.738901 
12.010000 	0.739324 
12.020000 	0.739747 
12.030000 	0.740170 
12.040000 	0.740592 
12.050000 	0.741014 
12.060000 	0.741436 
12.070000 	0.741858 
12.080000 	0.742279 
12.090000 	0.742701 
12.100000 	0.743122 
12.110000 	0.743543 
12.120000 	0.743963 
12.130000 	0.744383 
12.140000 	0.744803 
12.150000 	0.745223 
12.160000 	0.745643 
12.170000 	0.746062 
12.180000 	0.746481 
12.190000 	0.746900 
12.200000 	0.747319 
12.210000 	0.747737 
12.220000 	0.748155 
12.230000 	0.748573 
12.240000 	0.748991 
12.250000 	0.749408 
12.260000 	0.749826 
12.270000 	0.750243 
12.280000 	0.750659 
12.290000 	0.751076 
12.300000 	0.751492 
12.310000 	0.751908 
12.320000 	0.752324 
12.330000 	0.752739 
12.340000 	0.753155 
12.350000 	0.753570 
12.360000 	0.753985 
12.370000 	0.754399 
12.380000 	0.754814 
12.390000 	0.755228 
12.400000 	0.755642 
12.410000 	0.756055 
12.420000 	0.756469 
12.430000 	0.756882 
12.440000 	0.757295 
12.450000 	0.757708 
12.460000 	0.758120 
12.470000 	0.758532 
12.480000 	0.758944 
12.490000 	0.759356 
12.500000 	0.759767 
12.510000 	0.760179 
12.520000 	0.760590 
12.530000 	0.761001 
12.540000 	0.761411 
12.550000 	0.761822 
12.560000 	0.762232 
12.570000 	0.762642 
12.580000 	0.763051 
12.590000 	0.763461 
12.600000 	0.763870 
12.610000 	0.764279 
12.620000 	0.764687 
12.630000 	0.765096 
12.640000 	0.765504 
12.650000 	0.765912 
12.660000 	0.766320 
12.670000 	0.766727 
12.680000 	0.767135 
12.690000 	0.767542 
12.700000 	0.767949 
12.710000 	0.768355 
12.720000 	0.768762 
12.730000 	0.769168 
12.740000 	0.769574 
12.750000 	0.769979 
12.760000 	0.770385 
12.770000 	0.770790 
12.780000 	0.771195 
12.790000 	0.771600 
12.800000 	0.772004 
12.810000 	0.772408 
12.820000 	0.772812 
12.830000 	0.773216 
12.840000 	0.773620 
12.850000 	0.774023 
12.860000 	0.774426 
12.870000 	0.774829 
12.880000 	0.775232 
12.890000 	0.775634 
12.900000 	0.776036 
12.910000 	0.776438 
12.920000 	0.776840 
12.930000 	0.777241 
12.940000 	0.777643 
12.950000 	0.778044 
12.960000 	0.778445 
12.970000 	0.778845 
12.980000 	0.779245 
12.990000 	0.779645 
13.000000 	0.780045 
13.010000 	0.780445 
13.020000 	0.780844 
13.030000 	0.781244 
13.040000 	0.781642 
13.050000 	0.782041 
13.060000 	0.782440 
13.070000 	0.782838 
13.080000 	0.783236 
13.090000 	0.783634 
13.100000 	0.784031 
13.110000 	0.784429 
13.120000 	0.784826 
13.130000 	0.785223 
13.140000 	0.785619 
13.150000 	0.786016 
13.160000 	0.786412 
13.170000 	0.786808 
13.180000 	0.787203 
13.190000 	0.787599 
13.200000 	0.787994 
13.210000 	0.788389 
13.220000 	0.788784 
13.230000 	0.789179 
13.240000 	0.789573 
13.250000 	0.789967 
13.260000 	0.790361 
13.270000 	0.790755 
13.280000 	0.791148 
13.290000 	0.791541 
13.300000 	0.791934 
13.310000 	0.792327 
13.320000 	0.792719 
13.330000 	0.793112 
13.340000 	0.793504 
13.350000 	0.793896 
13.360000 	0.794287 
13.370000 	0.794679 
13.380000 	0.795070 
13.390000 	0.795461 
13.400000 	0.795851 
13.410000 	0.796242 
13.420000 	0.796632 
13.430000 	0.797022 
13.440000 	0.797412 
13.450000 	0.797801 
13.460000 	0.798191 
13.470000 	0.798580 
13.480000 	0.798969 
13.490000 	0.799357 
13.500000 	0.799746 
13.510000 	0.800134 
13.520000 	0.800522 
13.530000 	0.800910 
13.540000 	0.801297 
13.550000 	0.801684 
13.560000 	0.802071 
13.570000 	0.802458 
13.580000 	0.802845 
13.590000 	0.803231 
13.600000 	0.803617 
13.610000 	0.804003 
13.620000 	0.804389 
13.630000 	0.804774 
13.640000 	0.805160 
13.650000 	0.805545 
13.660000 	0.805930 
13.670000 	0.806314 
13.680000 	0.806698 
13.690000 	0.807083 
13.700000 	0.807467 
13.710000 	0.807850 
13.720000 	0.808234 
13.730000 	0.808617 
13.740000 	0.809000 
13.750000 	0.809383 
13.760000 	0.809765 
13.770000 	0.810148 
13.780000 	0.810530 
13.790000 	0.810911 
13.800000 	0.811293 
13.810000 	0.811675 
13.820000 	0.812056 
13.830000 	0.812437 
13.840000 	0.812818 
13.850000 	0.813198 
13.860000 	0.813578 
13.870000 	0.813958 
13.880000 	0.814338 
13.890000 	0.814718 
13.900000 	0.815097 
13.910000 	0.815477 
13.920000 	0.815856 
13.930000 	0.816234 
13.940000 	0.816613 
13.950000 	0.816991 
13.960000 	0.817369 
13.970000 	0.817747 
13.980000 	0.818125 
13.990000 	0.818502 
14.000000 	0.818879 
14.010000 	0.819256 
14.020000 	0.819633 
14.030000 	0.820009 
14.040000 	0.820386 
14.050000 	0.820762 
14.060000 	0.821138 
14.070000 	0.821513 
14.080000 	0.821889 
14.090000 	0.822264 
14.100000 	0.822639 
14.110000 	0.823014 
14.120000 	0.823388 
14.130000 	0.823762 
14.140000 	0.824137 
14.150000 	0.824510 
14.160000 	0.824884 
14.170000 	0.825257 
14.180000 	0.825631 
14.190000 	0.826004 
14.200000 	0.826376 
14.210000 	0.826749 
14.220000 	0.827121 
14.230000 	0.827493 
14.240000 	0.827865 
14.250000 	0.828237 
14.260000 	0.828608 
14.270000 	0.828979 
14.280000 	0.829350 
14.290000 	0.829721 
14.300000 	0.830092 
14.310000 	0.830462 
14.320000 	0.830832 
14.330000 	0.831202 
14.340000 	0.831572 
14.350000 	0.831941 
14.360000 	0.832310 
14.370000 	0.832679 
14.380000 	0.833048 
14.390000 	0.833417 
14.400000 	0.833785 
14.410000 	0.834153 
14.420000 	0.834521 
14.430000 	0.834889 
14.440000 	0.835256 
14.450000 	0.835623 
14.460000 	0.835990 
14.470000 	0.836357 
14.480000 	0.836724 
14.490000 	0.837090 
14.500000 	0.837456 
14.510000 	0.837822 
14.520000 	0.838188 
14.530000 	0.838553 
14.540000 	0.838919 
14.550000 	0.839284 
14.560000 	0.839649 
14.570000 	0.840013 
14.580000 	0.840378 
14.590000 	0.840742 
14.600000 	0.841106 
14.610000 	0.841470 
14.620000 	0.841833 
14.630000 	0.842196 
14.640000 	0.842560 
14.650000 	0.842922 
14.660000 	0.843285 
14.670000 	0.843648 
14.680000 	0.844010 
14.690000 	0.844372 
14.700000 	0.844734 
14.710000 	0.845095 
14.720000 	0.845456 
14.730000 	0.845818 
14.740000 	0.846179 
14.750000 	0.846539 
14.760000 	0.846900 
14.770000 	0.847260 
14.780000 	0.847620 
14.790000 	0.847980 
14.800000 	0.848340 
14.810000 	0.848699 
14.820000 	0.849058 
14.830000 	0.849417 
14.840000 	0.849776 
14.850000 	0.850134 
14.860000 	0.850493 
14.870000 	0.850851 
14.880000 	0.851209 
14.890000 	0.851566 
14.900000 	0.851924 
14.910000 	0.852281 
14.920000 	0.852638 
14.930000 	0.852995 
14.940000 	0.853352 
14.950000 	0.853708 
14.960000 	0.854064 
14.970000 	0.854420 
14.980000 	0.854776 
14.990000 	0.855131 
15.000000 	0.855487 
15.010000 	0.855842 
15.020000 	0.856197 
15.030000 	0.856551 
15.040000 	0.856906 
15.050000 	0.857260 
15.060000 	0.857614 
15.070000 	0.857968 
15.080000 	0.858321 
15.090000 	0.858675 
15.100000 	0.859028 
15.110000 	0.859381 
15.120000 	0.859734 
15.130000 	0.860086 
15.140000 	0.860438 
15.150000 	0.860791 
15.160000 	0.861142 
15.170000 	0.861494 
15.180000 	0.861845 
15.190000 	0.862197 
15.200000 	0.862548 
15.210000 	0.862899 
15.220000 	0.863249 
15.230000 	0.863600 
15.240000 	0.863950 
15.250000 	0.864300 
15.260000 	0.864649 
15.270000 	0.864999 
15.280000 	0.865348 
15.290000 	0.865697 
15.300000 	0.866046 
15.310000 	0.866395 
15.320000 	0.866743 
15.330000 	0.867092 
15.340000 	0.867440 
15.350000 	0.867787 
15.360000 	0.868135 
15.370000 	0.868482 
15.380000 	0.868830 
15.390000 	0.869177 
15.400000 	0.869523 
15.410000 	0.869870 
15.420000 	0.870216 
15.430000 	0.870562 
15.440000 	0.870908 
15.450000 	0.871254 
15.460000 	0.871600 
15.470000 	0.871945 
15.480000 	0.872290 
15.490000 	0.872635 
15.500000 	0.872979 
15.510000 	0.873324 
15.520000 	0.873668 
15.530000 	0.874012 
15.540000 	0.874356 
15.550000 	0.874699 
15.560000 	0.875043 
15.570000 	0.875386 
15.580000 	0.875729 
15.590000 	0.876072 
15.600000 	0.876414 
15.610000 	0.876756 
15.620000 	0.877099 
15.630000 	0.877440 
15.640000 	0.877782 
15.650000 	0.878124 
15.660000 	0.878465 
15.670000 	0.878806 
15.680000 	0.879147 
15.690000 	0.879487 
15.700000 	0.879828 
15.710000 	0.880168 
15.720000 	0.880508 
15.730000 	0.880848 
15.740000 	0.881187 
15.750000 	0.881527 
15.760000 	0.881866 
15.770000 	0.882205 
15.780000 	0.882544 
15.790000 	0.882882 
15.800000 	0.883221 
15.810000 	0.883559 
15.820000 	0.883897 
15.830000 	0.884234 
15.840000 	0.884572 
15.850000 	0.884909 
15.860000 	0.885246 
15.870000 	0.885583 
15.880000 	0.885920 
15.890000 	0.886256 
15.900000 	0.886592 
15.910000 	0.886928 
15.920000 	0.887264 
15.930000 	0.887600 
15.940000 	0.887935 
15.950000 	0.888270 
15.960000 	0.888605 
15.970000 	0.888940 
15.980000 	0.889275 
15.990000 	0.889609 
16.000000 	0.889943 
16.010000 	0.890277 
16.020000 	0.890611 
16.030000 	0.890944 
16.040000 	0.891278 
16.050000 	0.891611 
16.060000 	0.891944 
16.070000 	0.892276 
16.080000 	0.892609 
16.090000 	0.892941 
16.100000 	0.893273 
16.110000 	0.893605 
16.120000 	0.893937 
16.130000 	0.894268 
16.140000 	0.894599 
16.150000 	0.894930 
16.160000 	0.895261 
16.170000 	0.895592 
16.180000 	0.895922 
16.190000 	0.896253 
16.200000 	0.896582 
16.210000 	0.896912 
16.220000 	0.897242 
16.230000 	0.897571 
16.240000 	0.897900 
16.250000 	0.898229 
16.260000 	0.898558 
16.270000 	0.898887 
16.280000 	0.899215 
16.290000 	0.899543 
16.300000 	0.899871 
16.310000 	0.900199 
16.320000 	0.900526 
16.330000 	0.900854 
16.340000 	0.901181 
16.350000 	0.901508 
16.360000 	0.901834 
16.370000 	0.902161 
16.380000 	0.902487 
16.390000 	0.902813 
16.400000 	0.903139 
16.410000 	0.903465 
16.420000 	0.903790 
16.430000 	0.904115 
16.440000 	0.904440 
16.450000 	0.904765 
16.460000 	0.905090 
16.470000 	0.905414 
16.480000 	0.905739 
16.490000 	0.906063 
16.500000 	0.906386 
16.510000 	0.906710 
16.520000 	0.907033 
16.530000 	0.907357 
16.540000 	0.907680 
16.550000 	0.908002 
16.560000 	0.908325 
16.570000 	0.908647 
16.580000 	0.908970 
16.590000 	0.909292 
16.600000 	0.909613 
16.610000 	0.909935 
16.620000 	0.910256 
16.630000 	0.910577 
16.640000 	0.910898 
16.650000 	0.911219 
16.660000 	0.911540 
16.670000 	0.911860 
16.680000 	0.912180 
16.690000 	0.912500 
16.700000 	0.912820 
16.710000 	0.913139 
16.720000 	0.913459 
16.730000 	0.913778 
16.740000 	0.914097 
16.750000 	0.914415 
16.760000 	0.914734 
16.770000 	0.915052 
16.780000 	0.915370 
16.790000 	0.915688 
16.800000 	0.916006 
16.810000 	0.916323 
16.820000 	0.916641 
16.830000 	0.916958 
16.840000 	0.917275 
16.850000 	0.917591 
16.860000 	0.917908 
16.870000 	0.918224 
16.880000 	0.918540 
16.890000 	0.918856 
16.900000 	0.919172 
16.910000 	0.919487 
16.920000 	0.919802 
16.930000 	0.920117 
16.940000 	0.920432 
16.950000 	0.920747 
16.960000 	0.921061 
16.970000 	0.921376 
16.980000 	0.921690 
16.990000 	0.922004 
17.000000 	0.922317 
17.010000 	0.922631 
17.020000 	0.922944 
17.030000 	0.923257 
17.040000 	0.923570 
17.050000 	0.923882 
17.060000 	0.924195 
17.070000 	0.924507 
17.080000 	0.924819 
17.090000 	0.925131 
17.100000 	0.925443 
17.110000 	0.925754 
17.120000 	0.926065 
17.130000 	0.926376 
17.140000 	0.926687 
17.150000 	0.926998 
17.160000 	0.927308 
17.170000 	0.927618 
17.180000 	0.927928 
17.190000 	0.928238 
17.200000 	0.928548 
17.210000 	0.928857 
17.220000 	0.929166 
17.230000 	0.929475 
17.240000 	0.929784 
17.250000 	0.930093 
17.260000 	0.930401 
17.270000 	0.930709 
17.280000 	0.931017 
17.290000 	0.931325 
17.300000 	0.931633 
17.310000 	0.931940 
17.320000 	0.932247 
17.330000 	0.932554 
17.340000 	0.932861 
17.350000 	0.933168 
17.360000 	0.933474 
17.370000 	0.933780 
17.380000 	0.934086 
17.390000 	0.934392 
17.400000 	0.934698 
17.410000 	0.935003 
17.420000 	0.935308 
17.430000 	0.935613 
17.440000 	0.935918 
17.450000 	0.936223 
17.460000 	0.936527 
17.470000 	0.936832 
17.480000 	0.937136 
17.490000 	0.937439 
17.500000 	0.937743 
17.510000 	0.938046 
17.520000 	0.938350 
17.530000 	0.938653 
17.540000 	0.938955 
17.550000 	0.939258 
17.560000 	0.939560 
17.570000 	0.939863 
17.580000 	0.940165 
17.590000 	0.940467 
17.600000 	0.940768 
17.610000 	0.941070 
17.620000 	0.941371 
17.630000 	0.941672 
17.640000 	0.941973 
17.650000 	0.942273 
17.660000 	0.942574 
17.670000 	0.942874 
17.680000 	0.943174 
17.690000 	0.943474 
17.700000 	0.943773 
17.710000 	0.944073 
17.720000 	0.944372 
17.730000 	0.944671 
17.740000 	0.944970 
17.750000 	0.945269 
17.760000 	0.945567 
17.770000 	0.945865 
17.780000 	0.946164 
17.790000 	0.946461 
17.800000 	0.946759 
17.810000 	0.947057 
17.820000 	0.947354 
17.830000 	0.947651 
17.840000 	0.947948 
17.850000 	0.948244 
17.860000 	0.948541 
17.870000 	0.948837 
17.880000 	0.949133 
17.890000 	0.949429 
17.900000 	0.949725 
17.910000 	0.950020 
17.920000 	0.950316 
17.930000 	0.950611 
17.940000 	0.950906 
17.950000 	0.951200 
17.960000 	0.951495 
17.970000 	0.951789 
17.980000 	0.952083 
17.990000 	0.952377 
18.000000 	0.952671 
18.010000 	0.952965 
18.020000 	0.953258 
18.030000 	0.953551 
18.040000 	0.953844 
18.050000 	0.954137 
18.060000 	0.954429 
18.070000 	0.954722 
18.080000 	0.955014 
18.090000 	0.955306 
18.100000 	0.955598 
18.110000 	0.955889 
18.120000 	0.956180 
18.130000 	0.956472 
18.140000 	0.956763 
18.150000 	0.957053 
18.160000 	0.957344 
18.170000 	0.957634 
18.180000 	0.957925 
18.190000 	0.958215 
18.200000 	0.958504 
18.210000 	0.958794 
18.220000 	0.959083 
18.230000 	0.959373 
18.240000 	0.959662 
18.250000 	0.959951 
18.260000 	0.960239 
18.270000 	0.960528 
18.280000 	0.960816 
18.290000 	0.961104 
18.300000 	0.961392 
18.310000 	0.961680 
18.320000 	0.961967 
18.330000 	0.962254 
18.340000 	0.962541 
18.350000 	0.962828 
18.360000 	0.963115 
18.370000 	0.963401 
18.380000 	0.963688 
18.390000 	0.963974 
18.400000 	0.964260 
18.410000 	0.964546 
18.420000 	0.964831 
18.430000 	0.965116 
18.440000 	0.965402 
18.450000 	0.965686 
18.460000 	0.965971 
18.470000 	0.966256 
18.480000 	0.966540 
18.490000 	0.966824 
18.500000 	0.967108 
18.510000 	0.967392 
18.520000 	0.967676 
18.530000 	0.967959 
18.540000 	0.968242 
18.550000 	0.968525 
18.560000 	0.968808 
18.570000 	0.969091 
18.580000 	0.969373 
18.590000 	0.969655 
18.600000 	0.969937 
18.610000 	0.970219 
18.620000 	0.970501 
18.630000 	0.970782 
18.640000 	0.971064 
18.650000 	0.971345 
18.660000 	0.971626 
18.670000 	0.971906 
18.680000 	0.972187 
18.690000 	0.972467 
18.700000 	0.972747 
18.710000 	0.973027 
18.720000 	0.973307 
18.730000 	0.973587 
18.740000 	0.973866 
18.750000 	0.974145 
18.760000 	0.974424 
18.770000 	0.974703 
18.780000 	0.974981 
18.790000 	0.975260 
18.800000 	0.975538 
18.810000 	0.975816 
18.820000 	0.976094 
18.830000 	0.976371 
18.840000 	0.976649 
18.850000 	0.976926 
18.860000 	0.977203 
18.870000 	0.977480 
18.880000 	0.977757 
18.890000 	0.978033 
18.900000 	0.978309 
18.910000 	0.978585 
18.920000 	0.978861 
18.930000 	0.979137 
18.940000 	0.979413 
18.950000 	0.979688 
18.960000 	0.979963 
18.970000 	0.980238 
18.980000 	0.980513 
18.990000 	0.980787 
19.000000 	0.981062 
19.010000 	0.981336 
19.020000 	0.981610 
19.030000 	0.981884 
19.040000 	0.982157 
19.050000 	0.982431 
19.060000 	0.982704 
19.070000 	0.982977 
19.080000 	0.983250 
19.090000 	0.983522 
19.100000 	0.983795 
19.110000 	0.984067 
19.120000 	0.984339 
19.130000 	0.984611 
19.140000 	0.984883 
19.150000 	0.985154 
19.160000 	0.985425 
19.170000 	0.985697 
19.180000 	0.985967 
19.190000 	0.986238 
19.200000 	0.986509 
19.210000 	0.986779 
19.220000 	0.987049 
19.230000 	0.987319 
19.240000 	0.987589 
19.250000 	0.987859 
19.260000 	0.988128 
19.270000 	0.988397 
19.280000 	0.988666 
19.290000 	0.988935 
19.300000 	0.989204 
19.310000 	0.989472 
19.320000 	0.989741 
19.330000 	0.990009 
19.340000 	0.990277 
19.350000 	0.990544 
19.360000 	0.990812 
19.370000 	0.991079 
19.380000 	0.991346 
19.390000 	0.991613 
19.400000 	0.991880 
19.410000 	0.992147 
19.420000 	0.992413 
19.430000 	0.992679 
19.440000 	0.992945 
19.450000 	0.993211 
19.460000 	0.993477 
19.470000 	0.993742 
19.480000 	0.994007 
19.490000 	0.994272 
19.500000 	0.994537 
19.510000 	0.994802 
19.520000 	0.995066 
19.530000 	0.995331 
19.540000 	0.995595 
19.550000 	0.995859 
19.560000 	0.996122 
19.570000 	0.996386 
19.580000 	0.996649 
19.590000 	0.996913 
19.600000 	0.997176 
19.610000 	0.997438 
19.620000 	0.997701 
19.630000 	0.997963 
19.640000 	0.998226 
19.650000 	0.998488 
19.660000 	0.998749 
19.670000 	0.999011 
19.680000 	0.999273 
19.690000 	0.999534 
19.700000 	0.999795 
