0.60000 
1.20000 
1.80000 
2.40000 
3.00000 
3.60000 
4.20000 
4.80000 
5.40000 
6.00000 
6.60000 
7.20000 
7.80000 
8.40000 
9.00000 
9.60000 
10.20000 
10.80000 
11.40000 
12.00000 
12.60000 
13.20000 
13.80000 
14.40000 
15.00000 
15.60000 
16.20000 
16.80000 
17.40000 
18.00000 
18.60000 
19.20000 
19.80000 
20.40000 
21.00000 
21.60000 
22.20000 
22.80000 
23.40000 
24.00000 
24.60000 
25.20000 
25.80000 
26.40000 
27.00000 
27.60000 
28.20000 
28.80000 
29.40000 
30.00000 
30.60000 
31.20000 
31.80000 
32.40000 
33.00000 
33.60000 
34.20000 
34.80000 
35.40000 
36.00000 
36.60000 
37.20000 
37.80000 
38.40000 
39.00000 
39.60000 
40.20000 
40.80000 
41.40000 
42.00000 
42.60000 
43.20000 
43.80000 
44.40000 
45.00000 
45.60000 
46.20000 
46.80000 
47.40000 
48.00000 
48.60000 
49.20000 
49.80000 
50.40000 
51.00000 
51.60000 
52.20000 
52.80000 
53.40000 
54.00000 
54.60000 
55.20000 
55.80000 
56.40000 
57.00000 
57.60000 
58.20000 
58.80000 
59.40000 
60.00000 
60.60000 
61.20000 
61.80000 
62.40000 
63.00000 
63.60000 
64.20000 
64.80000 
65.40000 
66.00000 
66.60000 
67.20000 
67.80000 
68.40000 
69.00000 
69.60000 
70.20000 
70.80000 
71.40000 
72.00000 
72.60000 
73.20000 
73.80000 
74.40000 
75.00000 
75.60000 
76.20000 
76.80000 
77.40000 
78.00000 
78.60000 
79.20000 
79.80000 
80.40000 
81.00000 
81.60000 
82.20000 
82.80000 
83.40000 
84.00000 
84.60000 
85.20000 
85.80000 
86.40000 
87.00000 
87.60000 
88.20000 
88.80000 
89.40000 
90.00000 
90.60000 
91.20000 
91.80000 
92.40000 
93.00000 
93.60000 
94.20000 
94.80000 
95.40000 
96.00000 
96.60000 
97.20000 
97.80000 
98.40000 
99.00000 
99.60000 
100.20000 
100.80000 
101.40000 
102.00000 
102.60000 
103.20000 
103.80000 
104.40000 
105.00000 
105.60000 
106.20000 
106.80000 
107.40000 
108.00000 
108.60000 
109.20000 
109.80000 
110.40000 
111.00000 
111.60000 
112.20000 
112.80000 
113.40000 
114.00000 
114.60000 
115.20000 
115.80000 
116.40000 
117.00000 
117.60000 
118.20000 
118.80000 
119.40000 
120.00000 
120.60000 
121.20000 
121.80000 
122.40000 
123.00000 
123.60000 
124.20000 
124.80000 
125.40000 
126.00000 
126.60000 
127.20000 
127.80000 
128.40000 
129.00000 
129.60000 
130.20000 
130.80000 
131.40000 
132.00000 
132.60000 
133.20000 
133.80000 
134.40000 
135.00000 
135.60000 
136.20000 
136.80000 
137.40000 
138.00000 
138.60000 
139.20000 
139.80000 
140.40000 
141.00000 
141.60000 
142.20000 
142.80000 
143.40000 
144.00000 
144.60000 
145.20000 
145.80000 
146.40000 
147.00000 
147.60000 
148.20000 
148.80000 
149.40000 
150.00000 
150.60000 
151.20000 
