0.00060 
0.00107 
0.00150 
0.00189 
0.00227 
0.00261 
0.00295 
0.00326 
0.00356 
0.00384 
0.00412 
0.00438 
0.00463 
0.00487 
0.00510 
0.00533 
0.00554 
0.00575 
0.00595 
0.00615 
0.00633 
0.00651 
0.00669 
0.00686 
0.00702 
0.00718 
0.00733 
0.00748 
0.00763 
0.00777 
0.00790 
0.00803 
0.00816 
0.00828 
0.00841 
0.00852 
0.00864 
0.00875 
0.00885 
0.00896 
0.00906 
0.00916 
0.00925 
0.00935 
0.00944 
0.00953 
0.00961 
0.00969 
0.00978 
0.00986 
0.00993 
0.01001 
0.01008 
0.01015 
0.01022 
0.01029 
0.01035 
0.01042 
0.01048 
0.01054 
0.01060 
0.01066 
0.01071 
0.01077 
0.01082 
0.01087 
0.01092 
0.01097 
0.01102 
0.01107 
0.01111 
0.01116 
0.01120 
0.01124 
0.01129 
0.01133 
0.01136 
0.01140 
0.01144 
0.01148 
0.01151 
0.01155 
0.01158 
0.01161 
0.01165 
0.01168 
0.01171 
0.01174 
0.01177 
0.01180 
0.01182 
0.01185 
0.01188 
0.01190 
0.01193 
0.01195 
0.01198 
0.01200 
0.01202 
0.01205 
0.01207 
0.01209 
0.01211 
0.01213 
0.01215 
0.01217 
0.01219 
0.01221 
0.01222 
0.01224 
0.01226 
0.01227 
0.01229 
0.01231 
0.01232 
0.01234 
0.01235 
0.01237 
0.01238 
0.01239 
0.01241 
0.01242 
0.01243 
0.01245 
0.01246 
0.01247 
0.01248 
0.01249 
0.01250 
0.01252 
0.01253 
0.01254 
0.01255 
0.01256 
0.01257 
0.01258 
0.01258 
0.01259 
0.01260 
0.01261 
0.01262 
0.01263 
0.01264 
0.01264 
0.01265 
0.01266 
0.01267 
0.01267 
0.01268 
0.01269 
0.01269 
0.01270 
0.01271 
0.01271 
0.01272 
0.01272 
0.01273 
0.01273 
0.01274 
0.01275 
0.01275 
0.01276 
0.01276 
0.01277 
0.01277 
0.01277 
0.01278 
0.01278 
0.01279 
0.01279 
0.01280 
0.01280 
0.01280 
0.01281 
0.01281 
0.01282 
0.01282 
0.01282 
0.01283 
0.01283 
0.01283 
0.01284 
0.01284 
0.01284 
0.01284 
0.01285 
0.01285 
0.01285 
0.01286 
0.01286 
0.01286 
0.01286 
0.01287 
0.01287 
0.01287 
0.01287 
0.01288 
0.01288 
0.01288 
0.01288 
0.01288 
0.01289 
0.01289 
0.01289 
0.01289 
0.01289 
0.01289 
0.01290 
0.01290 
0.01290 
0.01290 
0.01290 
0.01290 
0.01291 
0.01291 
0.01291 
0.01291 
0.01291 
0.01291 
0.01291 
0.01292 
0.01292 
0.01292 
0.01292 
0.01292 
0.01292 
0.01292 
0.01292 
0.01292 
0.01293 
0.01293 
0.01293 
0.01293 
0.01293 
0.01293 
0.01293 
0.01293 
0.01293 
0.01293 
0.01293 
0.01294 
0.01294 
0.01294 
0.01294 
0.01294 
0.01294 
0.01294 
0.01294 
0.01294 
0.01294 
0.01294 
0.01294 
