0.001000 0.500000
0.002000 0.950000
0.003000 1.355000
0.004000 1.719500
0.005000 2.047550
0.006000 2.342795
0.007000 2.608516
0.008000 2.847664
0.009000 3.062898
0.010000 3.256608
0.011000 3.430947
0.012000 3.587852
0.013000 3.729067
0.014000 3.856160
0.015000 3.970544
0.016000 4.073490
0.017000 4.166141
0.018000 4.249527
0.019000 4.324574
0.020000 4.392117
0.021000 4.452905
0.022000 4.507615
0.023000 4.556853
0.024000 4.601168
0.025000 4.641051
0.026000 4.676946
0.027000 4.709251
0.028000 4.738326
0.029000 4.764494
0.030000 4.788044
0.031000 4.809240
0.032000 4.828316
0.033000 4.845484
0.034000 4.860936
0.035000 4.874842
0.036000 4.887358
0.037000 4.898622
0.038000 4.908760
0.039000 4.917884
0.040000 4.926096
0.041000 4.933486
0.042000 4.940137
0.043000 4.946124
0.044000 4.951511
0.045000 4.956360
0.046000 4.960724
0.047000 4.964652
0.048000 4.968187
0.049000 4.971368
0.050000 4.974231
0.051000 4.976808
0.052000 4.979127
0.053000 4.981214
0.054000 4.983093
0.055000 4.984784
0.056000 4.986305
0.057000 4.987675
0.058000 4.988907
0.059000 4.990017
0.060000 4.991015
0.061000 4.991913
0.062000 4.992722
0.063000 4.993450
0.064000 4.994105
0.065000 4.994694
0.066000 4.995225
0.067000 4.995702
0.068000 4.996132
0.069000 4.996519
0.070000 4.996867
0.071000 4.997180
0.072000 4.997462
0.073000 4.997716
0.074000 4.997945
0.075000 4.998150
0.076000 4.998335
0.077000 4.998502
0.078000 4.998651
0.079000 4.998786
0.080000 4.998908
