0.0000,0.0000
0.0010,0.0000
0.0020,0.0000
0.0030,0.0000
0.0040,0.0000
0.0050,0.0000
0.0060,0.0000
0.0070,0.0000
0.0080,0.0000
0.0090,0.0000
0.0100,0.0000
0.0110,0.0000
0.0120,0.0000
0.0130,0.0000
0.0140,0.0000
0.0150,0.0000
0.0160,0.0000
0.0170,0.0000
0.0180,0.0000
0.0190,0.0000
0.0200,0.0000
0.0210,0.0000
0.0220,0.0000
0.0230,0.0000
0.0240,0.0000
0.0250,0.0000
0.0260,0.0000
0.0270,0.0000
0.0280,0.0000
0.0290,0.0000
0.0300,0.0000
0.0310,0.0000
0.0320,0.0000
0.0330,0.0000
0.0340,0.0000
0.0350,0.0000
0.0360,0.0000
0.0370,0.0000
0.0380,0.0000
0.0390,0.0000
0.0400,0.0000
0.0410,0.0000
0.0420,0.0000
0.0430,0.0000
0.0440,0.0000
0.0450,0.0000
0.0460,0.0000
0.0470,0.0000
0.0480,0.0000
0.0490,0.0000
0.0500,0.0000
0.0510,0.0000
0.0520,0.0000
0.0530,0.0000
0.0540,0.0000
0.0550,0.0000
0.0560,0.0000
0.0570,0.0000
0.0580,0.0000
0.0590,0.0000
0.0600,0.0000
0.0610,0.0000
0.0620,0.0000
0.0630,0.0000
0.0640,0.0000
0.0650,0.0000
0.0660,0.0000
0.0670,0.0000
0.0680,0.0000
0.0690,0.0000
0.0700,0.0000
0.0710,0.0000
0.0720,0.0000
0.0730,0.0000
0.0740,0.0000
0.0750,0.0000
0.0760,0.0000
0.0770,0.0000
0.0780,0.0000
0.0790,0.0000
0.0800,0.0000
0.0810,0.0000
0.0820,0.0000
0.0830,0.0000
0.0840,0.0000
0.0850,0.0000
0.0860,0.0000
0.0870,0.0000
0.0880,0.0000
0.0890,0.0000
0.0900,0.0000
0.0910,0.0000
0.0920,0.0000
0.0930,0.0000
0.0940,0.0000
0.0950,0.0000
0.0960,0.0000
0.0970,0.0000
0.0980,0.0000
0.0990,0.0000
0.1000,0.0000
0.1010,0.0000
0.1020,0.0000
0.1030,0.0000
0.1040,0.0000
0.1050,0.0000
0.1060,0.0000
0.1070,0.0000
0.1080,0.0000
0.1090,0.0000
0.1100,0.0000
0.1110,0.0000
0.1120,0.0000
0.1130,0.0000
0.1140,0.0000
0.1150,0.0000
0.1160,0.0000
0.1170,0.0000
0.1180,0.0000
0.1190,0.0000
0.1200,0.0000
0.1210,0.0000
0.1220,0.0000
0.1230,0.0000
0.1240,0.0000
0.1250,0.0000
0.1260,0.0000
0.1270,0.0000
0.1280,0.0000
0.1290,0.0000
0.1300,0.0000
0.1310,0.0000
0.1320,0.0000
0.1330,0.0000
0.1340,0.0000
0.1350,0.0000
0.1360,0.0000
0.1370,0.0000
0.1380,0.0000
0.1390,0.0000
0.1400,0.0000
0.1410,0.0000
0.1420,0.0000
0.1430,0.0000
0.1440,0.0000
0.1450,0.0000
0.1460,0.0000
0.1470,0.0000
0.1480,0.0000
0.1490,0.0000
0.1500,0.0000
0.1510,0.0000
0.1520,0.0000
0.1530,0.0000
0.1540,0.0000
0.1550,0.0000
0.1560,0.0000
0.1570,0.0000
0.1580,0.0000
0.1590,0.0000
0.1600,0.0000
0.1610,0.0000
0.1620,0.0000
0.1630,0.0000
0.1640,0.0000
0.1650,0.0000
0.1660,0.0000
0.1670,0.0000
0.1680,0.0000
0.1690,0.0000
0.1700,0.0000
0.1710,0.0000
0.1720,0.0000
0.1730,0.0000
0.1740,0.0000
0.1750,0.0000
0.1760,0.0000
0.1770,0.0000
0.1780,0.0000
0.1790,0.0000
0.1800,0.0000
0.1810,0.0000
0.1820,0.0000
0.1830,0.0000
0.1840,0.0000
0.1850,0.0000
0.1860,0.0000
0.1870,0.0000
0.1880,0.0000
0.1890,0.0000
0.1900,0.0000
0.1910,0.0000
0.1920,0.0000
0.1930,0.0000
0.1940,0.0000
0.1950,0.0000
0.1960,0.0000
0.1970,0.0000
0.1980,0.0000
0.1990,0.0000
0.2000,0.0000
0.2010,0.0000
0.2020,0.0000
0.2030,0.0000
0.2040,0.0000
0.2050,0.0000
0.2060,0.0000
0.2070,0.0000
0.2080,0.0000
0.2090,0.0000
0.2100,0.0000
0.2110,0.0000
0.2120,0.0000
0.2130,0.0000
0.2140,0.0000
0.2150,0.0000
0.2160,0.0000
0.2170,0.0000
0.2180,0.0000
0.2190,0.0000
0.2200,0.0000
0.2210,0.0000
0.2220,0.0000
0.2230,0.0000
0.2240,0.0000
0.2250,0.0000
0.2260,0.0000
0.2270,0.0000
0.2280,0.0000
0.2290,0.0000
0.2300,0.0000
0.2310,0.0000
0.2320,0.0000
0.2330,0.0000
0.2340,0.0000
0.2350,0.0000
0.2360,0.0000
0.2370,0.0000
0.2380,0.0000
0.2390,0.0000
0.2400,0.0000
0.2410,0.0000
0.2420,0.0000
0.2430,0.0000
0.2440,0.0000
0.2450,0.0000
0.2460,0.0000
0.2470,0.0000
0.2480,0.0000
0.2490,0.0000
0.2500,0.0000
0.2510,0.0000
0.2520,0.0000
0.2530,0.0000
0.2540,0.0000
0.2550,0.0000
0.2560,0.0000
0.2570,0.0000
0.2580,0.0000
0.2590,0.0000
0.2600,0.0000
0.2610,0.0000
0.2620,0.0000
0.2630,0.0000
0.2640,0.0000
0.2650,0.0000
0.2660,0.0000
0.2670,0.0000
0.2680,0.0000
0.2690,0.0000
0.2700,0.0000
0.2710,0.0000
0.2720,0.0000
0.2730,0.0000
0.2740,0.0000
0.2750,0.0000
0.2760,0.0000
0.2770,0.0000
0.2780,0.0000
0.2790,0.0000
0.2800,0.0000
0.2810,0.0000
0.2820,0.0000
0.2830,0.0000
0.2840,0.0000
0.2850,0.0000
0.2860,0.0000
0.2870,0.0000
0.2880,0.0000
0.2890,0.0000
0.2900,0.0000
0.2910,0.0000
0.2920,0.0000
0.2930,0.0000
0.2940,0.0000
0.2950,0.0000
0.2960,0.0000
0.2970,0.0000
0.2980,0.0000
0.2990,0.0000
0.3000,0.0000
0.3010,0.0000
0.3020,0.0000
0.3030,0.0000
0.3040,0.0000
0.3050,0.0000
0.3060,0.0000
0.3070,0.0000
0.3080,0.0000
0.3090,0.0000
0.3100,0.0000
0.3110,0.0000
0.3120,0.0000
0.3130,0.0000
0.3140,0.0000
0.3150,0.0000
0.3160,0.0000
0.3170,0.0000
0.3180,0.0000
0.3190,0.0000
0.3200,0.0000
0.3210,0.0000
0.3220,0.0000
0.3230,0.0000
0.3240,0.0000
0.3250,0.0000
0.3260,0.0000
0.3270,0.0000
0.3280,0.0000
0.3290,0.0000
0.3300,0.0000
0.3310,0.0000
0.3320,0.0000
0.3330,0.0000
0.3340,0.0000
0.3350,0.0000
0.3360,0.0000
0.3370,0.0000
0.3380,0.0000
0.3390,0.0000
0.3400,0.0000
0.3410,0.0000
0.3420,0.0000
0.3430,0.0000
0.3440,0.0000
0.3450,0.0000
0.3460,0.0000
0.3470,0.0000
0.3480,0.0000
0.3490,0.0000
0.3500,0.0000
0.3510,0.0000
0.3520,0.0000
0.3530,0.0000
0.3540,0.0000
0.3550,0.0000
0.3560,0.0000
0.3570,0.0000
0.3580,0.0000
0.3590,0.0000
0.3600,0.0000
0.3610,0.0000
0.3620,0.0000
0.3630,0.0000
0.3640,0.0000
0.3650,0.0000
0.3660,0.0000
0.3670,0.0000
0.3680,0.0000
0.3690,0.0000
0.3700,0.0000
0.3710,0.0000
0.3720,0.0000
0.3730,0.0000
0.3740,0.0000
0.3750,0.0000
0.3760,0.0000
0.3770,0.0000
0.3780,0.0000
0.3790,0.0000
0.3800,0.0000
0.3810,0.0000
0.3820,0.0000
0.3830,0.0000
0.3840,0.0000
0.3850,0.0000
0.3860,0.0000
0.3870,0.0000
0.3880,0.0000
0.3890,0.0000
0.3900,0.0000
0.3910,0.0000
0.3920,0.0000
0.3930,0.0000
0.3940,0.0000
0.3950,0.0000
0.3960,0.0000
0.3970,0.0000
0.3980,0.0000
0.3990,0.0000
0.4000,0.0000
0.4010,0.0000
0.4020,0.0000
0.4030,0.0000
0.4040,0.0000
0.4050,0.0000
0.4060,0.0000
0.4070,0.0000
0.4080,0.0000
0.4090,0.0000
0.4100,0.0000
0.4110,0.0000
0.4120,0.0000
0.4130,0.0000
0.4140,0.0000
0.4150,0.0000
0.4160,0.0000
0.4170,0.0000
0.4180,0.0000
0.4190,0.0000
0.4200,0.0000
0.4210,0.0000
0.4220,0.0000
0.4230,0.0000
0.4240,0.0000
0.4250,0.0000
0.4260,0.0000
0.4270,0.0000
0.4280,0.0000
0.4290,0.0000
0.4300,0.0000
0.4310,0.0000
0.4320,0.0000
0.4330,0.0000
0.4340,0.0000
0.4350,0.0000
0.4360,0.0000
0.4370,0.0000
0.4380,0.0000
0.4390,0.0000
0.4400,0.0000
0.4410,0.0000
0.4420,0.0000
0.4430,0.0000
0.4440,0.0000
0.4450,0.0000
0.4460,0.0000
0.4470,0.0000
0.4480,0.0000
0.4490,0.0000
0.4500,0.0000
0.4510,0.0000
0.4520,0.0000
0.4530,0.0000
0.4540,0.0000
0.4550,0.0000
0.4560,0.0000
0.4570,0.0000
0.4580,0.0000
0.4590,0.0000
0.4600,0.0000
0.4610,0.0000
0.4620,0.0000
0.4630,0.0000
0.4640,0.0000
0.4650,0.0000
0.4660,0.0000
0.4670,0.0000
0.4680,0.0000
0.4690,0.0000
0.4700,0.0000
0.4710,0.0000
0.4720,0.0000
0.4730,0.0000
0.4740,0.0000
0.4750,0.0000
0.4760,0.0000
0.4770,0.0000
0.4780,0.0000
0.4790,0.0000
0.4800,0.0000
0.4810,0.0000
0.4820,0.0000
0.4830,0.0000
0.4840,0.0000
0.4850,0.0000
0.4860,0.0000
0.4870,0.0000
0.4880,0.0000
0.4890,0.0000
0.4900,0.0000
0.4910,0.0000
0.4920,0.0000
0.4930,0.0000
0.4940,0.0000
0.4950,0.0000
0.4960,0.0000
0.4970,0.0000
0.4980,0.0000
0.4990,0.0000
0.5000,0.0000
0.5010,0.0000
0.5020,0.0000
0.5030,0.0000
0.5040,0.0000
0.5050,0.0000
0.5060,0.0000
0.5070,0.0000
0.5080,0.0000
0.5090,0.0000
0.5100,0.0000
0.5110,0.0000
0.5120,0.0000
0.5130,0.0000
0.5140,0.0000
0.5150,0.0000
0.5160,0.0000
0.5170,0.0000
0.5180,0.0000
0.5190,0.0000
0.5200,0.0000
0.5210,0.0000
0.5220,0.0000
0.5230,0.0000
0.5240,0.0000
0.5250,0.0000
0.5260,0.0000
0.5270,0.0000
0.5280,0.0000
0.5290,0.0000
0.5300,0.0000
0.5310,0.0000
0.5320,0.0000
0.5330,0.0000
0.5340,0.0000
0.5350,0.0000
0.5360,0.0000
0.5370,0.0000
0.5380,0.0000
0.5390,0.0000
0.5400,0.0000
0.5410,0.0000
0.5420,0.0000
0.5430,0.0000
0.5440,0.0000
0.5450,0.0000
0.5460,0.0000
0.5470,0.0000
0.5480,0.0000
0.5490,0.0000
0.5500,0.0000
0.5510,0.0000
0.5520,0.0000
0.5530,0.0000
0.5540,0.0000
0.5550,0.0000
0.5560,0.0000
0.5570,0.0000
0.5580,0.0000
0.5590,0.0000
0.5600,0.0000
0.5610,0.0000
0.5620,0.0000
0.5630,0.0000
0.5640,0.0000
0.5650,0.0000
0.5660,0.0000
0.5670,0.0000
0.5680,0.0000
0.5690,0.0000
0.5700,0.0000
0.5710,0.0000
0.5720,0.0000
0.5730,0.0000
0.5740,0.0000
0.5750,0.0000
0.5760,0.0000
0.5770,0.0000
0.5780,0.0000
0.5790,0.0000
0.5800,0.0000
0.5810,0.0000
0.5820,0.0000
0.5830,0.0000
0.5840,0.0000
0.5850,0.0000
0.5860,0.0000
0.5870,0.0000
0.5880,0.0000
0.5890,0.0000
0.5900,0.0000
0.5910,0.0000
0.5920,0.0000
0.5930,0.0000
0.5940,0.0000
0.5950,0.0000
0.5960,0.0000
0.5970,0.0000
0.5980,0.0000
0.5990,0.0000
0.6000,0.0000
0.6010,0.0000
0.6020,0.0000
0.6030,0.0000
0.6040,0.0000
0.6050,0.0000
0.6060,0.0000
0.6070,0.0000
0.6080,0.0000
0.6090,0.0000
0.6100,0.0000
0.6110,0.0000
0.6120,0.0000
0.6130,0.0000
0.6140,0.0000
0.6150,0.0000
0.6160,0.0000
0.6170,0.0000
0.6180,0.0000
0.6190,0.0000
0.6200,0.0000
0.6210,0.0000
0.6220,0.0000
0.6230,0.0000
0.6240,0.0000
0.6250,0.0000
0.6260,0.0000
0.6270,0.0000
0.6280,0.0000
0.6290,0.0000
0.6300,0.0000
0.6310,0.0000
0.6320,0.0000
0.6330,0.0000
0.6340,0.0000
0.6350,0.0000
0.6360,0.0000
0.6370,0.0000
0.6380,0.0000
0.6390,0.0000
0.6400,0.0000
0.6410,0.0000
0.6420,0.0000
0.6430,0.0000
0.6440,0.0000
0.6450,0.0000
0.6460,0.0000
0.6470,0.0000
0.6480,0.0000
0.6490,0.0000
0.6500,0.0000
0.6510,0.0000
0.6520,0.0000
0.6530,0.0000
0.6540,0.0000
0.6550,0.0000
0.6560,0.0000
0.6570,0.0000
0.6580,0.0000
0.6590,0.0000
0.6600,0.0000
0.6610,0.0000
0.6620,0.0000
0.6630,0.0000
0.6640,0.0000
0.6650,0.0000
0.6660,0.0000
0.6670,0.0000
0.6680,0.0000
0.6690,0.0000
0.6700,0.0000
0.6710,0.0000
0.6720,0.0000
0.6730,0.0000
0.6740,0.0000
0.6750,0.0000
0.6760,0.0000
0.6770,0.0000
0.6780,0.0000
0.6790,0.0000
0.6800,0.0000
0.6810,0.0000
0.6820,0.0000
0.6830,0.0000
0.6840,0.0000
0.6850,0.0000
0.6860,0.0000
0.6870,0.0000
0.6880,0.0000
0.6890,0.0000
0.6900,0.0000
0.6910,0.0000
0.6920,0.0000
0.6930,0.0000
0.6940,0.0000
0.6950,0.0000
0.6960,0.0000
0.6970,0.0000
0.6980,0.0000
0.6990,0.0000
0.7000,0.0000
0.7010,0.0000
0.7020,0.0000
0.7030,0.0000
0.7040,0.0000
0.7050,0.0000
0.7060,0.0000
0.7070,0.0000
0.7080,0.0000
0.7090,0.0000
0.7100,0.0000
0.7110,0.0000
0.7120,0.0000
0.7130,0.0000
0.7140,0.0000
0.7150,0.0000
0.7160,0.0000
0.7170,0.0000
0.7180,0.0000
0.7190,0.0000
0.7200,0.0000
0.7210,0.0000
0.7220,0.0000
0.7230,0.0000
0.7240,0.0000
0.7250,0.0000
0.7260,0.0000
0.7270,0.0000
0.7280,0.0000
0.7290,0.0000
0.7300,0.0000
0.7310,0.0000
0.7320,0.0000
0.7330,0.0000
0.7340,0.0000
0.7350,0.0000
0.7360,0.0000
0.7370,0.0000
0.7380,0.0000
0.7390,0.0000
0.7400,0.0000
0.7410,0.0000
0.7420,0.0000
0.7430,0.0000
0.7440,0.0000
0.7450,0.0000
0.7460,0.0000
0.7470,0.0000
0.7480,0.0000
0.7490,0.0000
0.7500,0.0000
0.7510,0.0000
0.7520,0.0000
0.7530,0.0000
0.7540,0.0000
0.7550,0.0000
0.7560,0.0000
0.7570,0.0000
0.7580,0.0000
0.7590,0.0000
0.7600,0.0000
0.7610,0.0000
0.7620,0.0000
0.7630,0.0000
0.7640,0.0000
0.7650,0.0000
0.7660,0.0000
0.7670,0.0000
0.7680,0.0000
0.7690,0.0000
0.7700,0.0000
0.7710,0.0000
0.7720,0.0000
0.7730,0.0000
0.7740,0.0000
0.7750,0.0000
0.7760,0.0000
0.7770,0.0000
0.7780,0.0000
0.7790,0.0000
0.7800,0.0000
0.7810,0.0000
0.7820,0.0000
0.7830,0.0000
0.7840,0.0000
0.7850,0.0000
0.7860,0.0000
0.7870,0.0000
0.7880,0.0000
0.7890,0.0000
0.7900,0.0000
0.7910,0.0000
0.7920,0.0000
0.7930,0.0000
0.7940,0.0000
0.7950,0.0000
0.7960,0.0000
0.7970,0.0000
0.7980,0.0000
0.7990,0.0000
0.8000,0.0000
0.8010,0.0000
0.8020,0.0000
0.8030,0.0000
0.8040,0.0000
0.8050,0.0000
0.8060,0.0000
0.8070,0.0000
0.8080,0.0000
0.8090,0.0000
0.8100,0.0000
0.8110,0.0000
0.8120,0.0000
0.8130,0.0000
0.8140,0.0000
0.8150,0.0000
0.8160,0.0000
0.8170,0.0000
0.8180,0.0000
0.8190,0.0000
0.8200,0.0000
0.8210,0.0000
0.8220,0.0000
0.8230,0.0000
0.8240,0.0000
0.8250,0.0000
0.8260,0.0000
0.8270,0.0000
0.8280,0.0000
0.8290,0.0000
0.8300,0.0000
0.8310,0.0000
0.8320,0.0000
0.8330,0.0000
0.8340,0.0000
0.8350,0.0000
0.8360,0.0000
0.8370,0.0000
0.8380,0.0000
0.8390,0.0000
0.8400,0.0000
0.8410,0.0000
0.8420,0.0000
0.8430,0.0000
0.8440,0.0000
0.8450,0.0000
0.8460,0.0000
0.8470,0.0000
0.8480,0.0000
0.8490,0.0000
0.8500,0.0000
0.8510,0.0000
0.8520,0.0000
0.8530,0.0000
0.8540,0.0000
0.8550,0.0000
0.8560,0.0000
0.8570,0.0000
0.8580,0.0000
0.8590,0.0000
0.8600,0.0000
0.8610,0.0000
0.8620,0.0000
0.8630,0.0000
0.8640,0.0000
0.8650,0.0000
0.8660,0.0000
0.8670,0.0000
0.8680,0.0000
0.8690,0.0000
0.8700,0.0000
0.8710,0.0000
0.8720,0.0000
0.8730,0.0000
0.8740,0.0000
0.8750,0.0000
0.8760,0.0000
0.8770,0.0000
0.8780,0.0000
0.8790,0.0000
0.8800,0.0000
0.8810,0.0000
0.8820,0.0000
0.8830,0.0000
0.8840,0.0000
0.8850,0.0000
0.8860,0.0000
0.8870,0.0000
0.8880,0.0000
0.8890,0.0000
0.8900,0.0000
0.8910,0.0000
0.8920,0.0000
0.8930,0.0000
0.8940,0.0000
0.8950,0.0000
0.8960,0.0000
0.8970,0.0000
0.8980,0.0000
0.8990,0.0000
0.9000,0.0000
0.9010,0.0000
0.9020,0.0000
0.9030,0.0000
0.9040,0.0000
0.9050,0.0000
0.9060,0.0000
0.9070,0.0000
0.9080,0.0000
0.9090,0.0000
0.9100,0.0000
0.9110,0.0000
0.9120,0.0000
0.9130,0.0000
0.9140,0.0000
0.9150,0.0000
0.9160,0.0000
0.9170,0.0000
0.9180,0.0000
0.9190,0.0000
0.9200,0.0000
0.9210,0.0000
0.9220,0.0000
0.9230,0.0000
0.9240,0.0000
0.9250,0.0000
0.9260,0.0000
0.9270,0.0000
0.9280,0.0000
0.9290,0.0000
0.9300,0.0000
0.9310,0.0000
0.9320,0.0000
0.9330,0.0000
0.9340,0.0000
0.9350,0.0000
0.9360,0.0000
0.9370,0.0000
0.9380,0.0000
0.9390,0.0000
0.9400,0.0000
0.9410,0.0000
0.9420,0.0000
0.9430,0.0000
0.9440,0.0000
0.9450,0.0000
0.9460,0.0000
0.9470,0.0000
0.9480,0.0000
0.9490,0.0000
0.9500,0.0000
0.9510,0.0000
0.9520,0.0000
0.9530,0.0000
0.9540,0.0000
0.9550,0.0000
0.9560,0.0000
0.9570,0.0000
0.9580,0.0000
0.9590,0.0000
0.9600,0.0000
0.9610,0.0000
0.9620,0.0000
0.9630,0.0000
0.9640,0.0000
0.9650,0.0000
0.9660,0.0000
0.9670,0.0000
0.9680,0.0000
0.9690,0.0000
0.9700,0.0000
0.9710,0.0000
0.9720,0.0000
0.9730,0.0000
0.9740,0.0000
0.9750,0.0000
0.9760,0.0000
0.9770,0.0000
0.9780,0.0000
0.9790,0.0000
0.9800,0.0000
0.9810,0.0000
0.9820,0.0000
0.9830,0.0000
0.9840,0.0000
0.9850,0.0000
0.9860,0.0000
0.9870,0.0000
0.9880,0.0000
0.9890,0.0000
0.9900,0.0000
0.9910,0.0000
0.9920,0.0000
0.9930,0.0000
0.9940,0.0000
0.9950,0.0000
0.9960,0.0000
0.9970,0.0000
0.9980,0.0000
0.9990,0.0000
1.0000,0.0000
1.0010,0.0000
1.0020,0.0000
1.0030,0.0000
1.0040,0.0000
1.0050,0.0000
1.0060,0.0000
1.0070,0.0000
1.0080,0.0000
1.0090,0.0000
1.0100,0.0000
1.0110,0.0000
1.0120,0.0000
1.0130,0.0000
1.0140,0.0001
1.0150,0.0001
1.0160,0.0001
1.0170,0.0001
1.0180,0.0001
1.0190,0.0001
1.0200,0.0001
1.0210,0.0001
1.0220,0.0001
1.0230,0.0001
1.0240,0.0001
1.0250,0.0002
1.0260,0.0002
1.0270,0.0002
1.0280,0.0002
1.0290,0.0002
1.0300,0.0002
1.0310,0.0002
1.0320,0.0003
1.0330,0.0003
1.0340,0.0003
1.0350,0.0003
1.0360,0.0003
1.0370,0.0003
1.0380,0.0004
1.0390,0.0004
1.0400,0.0004
1.0410,0.0004
1.0420,0.0004
1.0430,0.0005
1.0440,0.0005
1.0450,0.0005
1.0460,0.0005
1.0470,0.0006
1.0480,0.0006
1.0490,0.0006
1.0500,0.0006
1.0510,0.0007
1.0520,0.0007
1.0530,0.0007
1.0540,0.0007
1.0550,0.0008
1.0560,0.0008
1.0570,0.0008
1.0580,0.0008
1.0590,0.0009
1.0600,0.0009
1.0610,0.0009
1.0620,0.0010
1.0630,0.0010
1.0640,0.0010
1.0650,0.0010
1.0660,0.0011
1.0670,0.0011
1.0680,0.0011
1.0690,0.0012
1.0700,0.0012
1.0710,0.0012
1.0720,0.0013
1.0730,0.0013
1.0740,0.0014
1.0750,0.0014
1.0760,0.0014
1.0770,0.0015
1.0780,0.0015
1.0790,0.0015
1.0800,0.0016
1.0810,0.0016
1.0820,0.0017
1.0830,0.0017
1.0840,0.0017
1.0850,0.0018
1.0860,0.0018
1.0870,0.0019
1.0880,0.0019
1.0890,0.0019
1.0900,0.0020
1.0910,0.0020
1.0920,0.0021
1.0930,0.0021
1.0940,0.0022
1.0950,0.0022
1.0960,0.0023
1.0970,0.0023
1.0980,0.0023
1.0990,0.0024
1.1000,0.0024
1.1010,0.0025
1.1020,0.0025
1.1030,0.0026
1.1040,0.0026
1.1050,0.0027
1.1060,0.0027
1.1070,0.0028
1.1080,0.0028
1.1090,0.0029
1.1100,0.0029
1.1110,0.0030
1.1120,0.0030
1.1130,0.0031
1.1140,0.0032
1.1150,0.0032
1.1160,0.0033
1.1170,0.0033
1.1180,0.0034
1.1190,0.0034
1.1200,0.0035
1.1210,0.0035
1.1220,0.0036
1.1230,0.0037
1.1240,0.0037
1.1250,0.0038
1.1260,0.0038
1.1270,0.0039
1.1280,0.0040
1.1290,0.0040
1.1300,0.0041
1.1310,0.0041
1.1320,0.0042
1.1330,0.0043
1.1340,0.0043
1.1350,0.0044
1.1360,0.0044
1.1370,0.0045
1.1380,0.0046
1.1390,0.0046
1.1400,0.0047
1.1410,0.0048
1.1420,0.0048
1.1430,0.0049
1.1440,0.0050
1.1450,0.0050
1.1460,0.0051
1.1470,0.0052
1.1480,0.0052
1.1490,0.0053
1.1500,0.0054
1.1510,0.0055
1.1520,0.0055
1.1530,0.0056
1.1540,0.0057
1.1550,0.0057
1.1560,0.0058
1.1570,0.0059
1.1580,0.0060
1.1590,0.0060
1.1600,0.0061
1.1610,0.0062
1.1620,0.0062
1.1630,0.0063
1.1640,0.0064
1.1650,0.0065
1.1660,0.0065
1.1670,0.0066
1.1680,0.0067
1.1690,0.0068
1.1700,0.0069
1.1710,0.0069
1.1720,0.0070
1.1730,0.0071
1.1740,0.0072
1.1750,0.0073
1.1760,0.0073
1.1770,0.0074
1.1780,0.0075
1.1790,0.0076
1.1800,0.0077
1.1810,0.0077
1.1820,0.0078
1.1830,0.0079
1.1840,0.0080
1.1850,0.0081
1.1860,0.0082
1.1870,0.0082
1.1880,0.0083
1.1890,0.0084
1.1900,0.0085
1.1910,0.0086
1.1920,0.0087
1.1930,0.0088
1.1940,0.0088
1.1950,0.0089
1.1960,0.0090
1.1970,0.0091
1.1980,0.0092
1.1990,0.0093
1.2000,0.0094
1.2010,0.0095
1.2020,0.0096
1.2030,0.0097
1.2040,0.0097
1.2050,0.0098
1.2060,0.0099
1.2070,0.0100
1.2080,0.0101
1.2090,0.0102
1.2100,0.0103
1.2110,0.0104
1.2120,0.0105
1.2130,0.0106
1.2140,0.0107
1.2150,0.0108
1.2160,0.0109
1.2170,0.0110
1.2180,0.0111
1.2190,0.0112
1.2200,0.0113
1.2210,0.0114
1.2220,0.0115
1.2230,0.0116
1.2240,0.0117
1.2250,0.0118
1.2260,0.0119
1.2270,0.0120
1.2280,0.0121
1.2290,0.0122
1.2300,0.0123
1.2310,0.0124
1.2320,0.0125
1.2330,0.0126
1.2340,0.0127
1.2350,0.0128
1.2360,0.0129
1.2370,0.0130
1.2380,0.0131
1.2390,0.0132
1.2400,0.0133
1.2410,0.0134
1.2420,0.0135
1.2430,0.0136
1.2440,0.0137
1.2450,0.0138
1.2460,0.0139
1.2470,0.0141
1.2480,0.0142
1.2490,0.0143
1.2500,0.0144
1.2510,0.0145
1.2520,0.0146
1.2530,0.0147
1.2540,0.0148
1.2550,0.0149
1.2560,0.0150
1.2570,0.0152
1.2580,0.0153
1.2590,0.0154
1.2600,0.0155
1.2610,0.0156
1.2620,0.0157
1.2630,0.0158
1.2640,0.0160
1.2650,0.0161
1.2660,0.0162
1.2670,0.0163
1.2680,0.0164
1.2690,0.0165
1.2700,0.0167
1.2710,0.0168
1.2720,0.0169
1.2730,0.0170
1.2740,0.0171
1.2750,0.0172
1.2760,0.0174
1.2770,0.0175
1.2780,0.0176
1.2790,0.0177
1.2800,0.0178
1.2810,0.0180
1.2820,0.0181
1.2830,0.0182
1.2840,0.0183
1.2850,0.0184
1.2860,0.0186
1.2870,0.0187
1.2880,0.0188
1.2890,0.0189
1.2900,0.0191
1.2910,0.0192
1.2920,0.0193
1.2930,0.0194
1.2940,0.0196
1.2950,0.0197
1.2960,0.0198
1.2970,0.0199
1.2980,0.0201
1.2990,0.0202
1.3000,0.0203
1.3010,0.0205
1.3020,0.0206
1.3030,0.0207
1.3040,0.0208
1.3050,0.0210
1.3060,0.0211
1.3070,0.0212
1.3080,0.0214
1.3090,0.0215
1.3100,0.0216
1.3110,0.0218
1.3120,0.0219
1.3130,0.0220
1.3140,0.0221
1.3150,0.0223
1.3160,0.0224
1.3170,0.0225
1.3180,0.0227
1.3190,0.0228
1.3200,0.0229
1.3210,0.0231
1.3220,0.0232
1.3230,0.0234
1.3240,0.0235
1.3250,0.0236
1.3260,0.0238
1.3270,0.0239
1.3280,0.0240
1.3290,0.0242
1.3300,0.0243
1.3310,0.0245
1.3320,0.0246
1.3330,0.0247
1.3340,0.0249
1.3350,0.0250
1.3360,0.0251
1.3370,0.0253
1.3380,0.0254
1.3390,0.0256
1.3400,0.0257
1.3410,0.0259
1.3420,0.0260
1.3430,0.0261
1.3440,0.0263
1.3450,0.0264
1.3460,0.0266
1.3470,0.0267
1.3480,0.0269
1.3490,0.0270
1.3500,0.0271
1.3510,0.0273
1.3520,0.0274
1.3530,0.0276
1.3540,0.0277
1.3550,0.0279
1.3560,0.0280
1.3570,0.0282
1.3580,0.0283
1.3590,0.0285
1.3600,0.0286
1.3610,0.0288
1.3620,0.0289
1.3630,0.0290
1.3640,0.0292
1.3650,0.0293
1.3660,0.0295
1.3670,0.0296
1.3680,0.0298
1.3690,0.0299
1.3700,0.0301
1.3710,0.0302
1.3720,0.0304
1.3730,0.0306
1.3740,0.0307
1.3750,0.0309
1.3760,0.0310
1.3770,0.0312
1.3780,0.0313
1.3790,0.0315
1.3800,0.0316
1.3810,0.0318
1.3820,0.0319
1.3830,0.0321
1.3840,0.0322
1.3850,0.0324
1.3860,0.0326
1.3870,0.0327
1.3880,0.0329
1.3890,0.0330
1.3900,0.0332
1.3910,0.0333
1.3920,0.0335
1.3930,0.0337
1.3940,0.0338
1.3950,0.0340
1.3960,0.0341
1.3970,0.0343
1.3980,0.0344
1.3990,0.0346
1.4000,0.0348
1.4010,0.0349
1.4020,0.0351
1.4030,0.0352
1.4040,0.0354
1.4050,0.0356
1.4060,0.0357
1.4070,0.0359
1.4080,0.0361
1.4090,0.0362
1.4100,0.0364
1.4110,0.0365
1.4120,0.0367
1.4130,0.0369
1.4140,0.0370
1.4150,0.0372
1.4160,0.0374
1.4170,0.0375
1.4180,0.0377
1.4190,0.0379
1.4200,0.0380
1.4210,0.0382
1.4220,0.0384
1.4230,0.0385
1.4240,0.0387
1.4250,0.0389
1.4260,0.0390
1.4270,0.0392
1.4280,0.0394
1.4290,0.0395
1.4300,0.0397
1.4310,0.0399
1.4320,0.0400
1.4330,0.0402
1.4340,0.0404
1.4350,0.0406
1.4360,0.0407
1.4370,0.0409
1.4380,0.0411
1.4390,0.0412
1.4400,0.0414
1.4410,0.0416
1.4420,0.0418
1.4430,0.0419
1.4440,0.0421
1.4450,0.0423
1.4460,0.0424
1.4470,0.0426
1.4480,0.0428
1.4490,0.0430
1.4500,0.0431
1.4510,0.0433
1.4520,0.0435
1.4530,0.0437
1.4540,0.0438
1.4550,0.0440
1.4560,0.0442
1.4570,0.0444
1.4580,0.0445
1.4590,0.0447
1.4600,0.0449
1.4610,0.0451
1.4620,0.0453
1.4630,0.0454
1.4640,0.0456
1.4650,0.0458
1.4660,0.0460
1.4670,0.0462
1.4680,0.0463
1.4690,0.0465
1.4700,0.0467
1.4710,0.0469
1.4720,0.0471
1.4730,0.0472
1.4740,0.0474
1.4750,0.0476
1.4760,0.0478
1.4770,0.0480
1.4780,0.0481
1.4790,0.0483
1.4800,0.0485
1.4810,0.0487
1.4820,0.0489
1.4830,0.0491
1.4840,0.0492
1.4850,0.0494
1.4860,0.0496
1.4870,0.0498
1.4880,0.0500
1.4890,0.0502
1.4900,0.0503
1.4910,0.0505
1.4920,0.0507
1.4930,0.0509
1.4940,0.0511
1.4950,0.0513
1.4960,0.0515
1.4970,0.0516
1.4980,0.0518
1.4990,0.0520
1.5000,0.0522
1.5010,0.0524
1.5020,0.0526
1.5030,0.0528
1.5040,0.0530
1.5050,0.0532
1.5060,0.0533
1.5070,0.0535
1.5080,0.0537
1.5090,0.0539
1.5100,0.0541
1.5110,0.0543
1.5120,0.0545
1.5130,0.0547
1.5140,0.0549
1.5150,0.0551
1.5160,0.0552
1.5170,0.0554
1.5180,0.0556
1.5190,0.0558
1.5200,0.0560
1.5210,0.0562
1.5220,0.0564
1.5230,0.0566
1.5240,0.0568
1.5250,0.0570
1.5260,0.0572
1.5270,0.0574
1.5280,0.0576
1.5290,0.0578
1.5300,0.0580
1.5310,0.0581
1.5320,0.0583
1.5330,0.0585
1.5340,0.0587
1.5350,0.0589
1.5360,0.0591
1.5370,0.0593
1.5380,0.0595
1.5390,0.0597
1.5400,0.0599
1.5410,0.0601
1.5420,0.0603
1.5430,0.0605
1.5440,0.0607
1.5450,0.0609
1.5460,0.0611
1.5470,0.0613
1.5480,0.0615
1.5490,0.0617
1.5500,0.0619
1.5510,0.0621
1.5520,0.0623
1.5530,0.0625
1.5540,0.0627
1.5550,0.0629
1.5560,0.0631
1.5570,0.0633
1.5580,0.0635
1.5590,0.0637
1.5600,0.0639
1.5610,0.0641
1.5620,0.0643
1.5630,0.0645
1.5640,0.0647
1.5650,0.0649
1.5660,0.0651
1.5670,0.0653
1.5680,0.0655
1.5690,0.0657
1.5700,0.0659
1.5710,0.0661
1.5720,0.0663
1.5730,0.0665
1.5740,0.0668
1.5750,0.0670
1.5760,0.0672
1.5770,0.0674
1.5780,0.0676
1.5790,0.0678
1.5800,0.0680
1.5810,0.0682
1.5820,0.0684
1.5830,0.0686
1.5840,0.0688
1.5850,0.0690
1.5860,0.0692
1.5870,0.0694
1.5880,0.0696
1.5890,0.0698
1.5900,0.0701
1.5910,0.0703
1.5920,0.0705
1.5930,0.0707
1.5940,0.0709
1.5950,0.0711
1.5960,0.0713
1.5970,0.0715
1.5980,0.0717
1.5990,0.0719
1.6000,0.0722
1.6010,0.0724
1.6020,0.0726
1.6030,0.0728
1.6040,0.0730
1.6050,0.0732
1.6060,0.0734
1.6070,0.0736
1.6080,0.0738
1.6090,0.0741
1.6100,0.0743
1.6110,0.0745
1.6120,0.0747
1.6130,0.0749
1.6140,0.0751
1.6150,0.0753
1.6160,0.0755
1.6170,0.0758
1.6180,0.0760
1.6190,0.0762
1.6200,0.0764
1.6210,0.0766
1.6220,0.0768
1.6230,0.0770
1.6240,0.0773
1.6250,0.0775
1.6260,0.0777
1.6270,0.0779
1.6280,0.0781
1.6290,0.0783
1.6300,0.0785
1.6310,0.0788
1.6320,0.0790
1.6330,0.0792
1.6340,0.0794
1.6350,0.0796
1.6360,0.0798
1.6370,0.0801
1.6380,0.0803
1.6390,0.0805
1.6400,0.0807
1.6410,0.0809
1.6420,0.0812
1.6430,0.0814
1.6440,0.0816
1.6450,0.0818
1.6460,0.0820
1.6470,0.0822
1.6480,0.0825
1.6490,0.0827
1.6500,0.0829
1.6510,0.0831
1.6520,0.0833
1.6530,0.0836
1.6540,0.0838
1.6550,0.0840
1.6560,0.0842
1.6570,0.0844
1.6580,0.0847
1.6590,0.0849
1.6600,0.0851
1.6610,0.0853
1.6620,0.0856
1.6630,0.0858
1.6640,0.0860
1.6650,0.0862
1.6660,0.0864
1.6670,0.0867
1.6680,0.0869
1.6690,0.0871
1.6700,0.0873
1.6710,0.0876
1.6720,0.0878
1.6730,0.0880
1.6740,0.0882
1.6750,0.0884
1.6760,0.0887
1.6770,0.0889
1.6780,0.0891
1.6790,0.0893
1.6800,0.0896
1.6810,0.0898
1.6820,0.0900
1.6830,0.0902
1.6840,0.0905
1.6850,0.0907
1.6860,0.0909
1.6870,0.0911
1.6880,0.0914
1.6890,0.0916
1.6900,0.0918
1.6910,0.0920
1.6920,0.0923
1.6930,0.0925
1.6940,0.0927
1.6950,0.0930
1.6960,0.0932
1.6970,0.0934
1.6980,0.0936
1.6990,0.0939
1.7000,0.0941
1.7010,0.0943
1.7020,0.0945
1.7030,0.0948
1.7040,0.0950
1.7050,0.0952
1.7060,0.0955
1.7070,0.0957
1.7080,0.0959
1.7090,0.0961
1.7100,0.0964
1.7110,0.0966
1.7120,0.0968
1.7130,0.0971
1.7140,0.0973
1.7150,0.0975
1.7160,0.0978
1.7170,0.0980
1.7180,0.0982
1.7190,0.0984
1.7200,0.0987
1.7210,0.0989
1.7220,0.0991
1.7230,0.0994
1.7240,0.0996
1.7250,0.0998
1.7260,0.1001
1.7270,0.1003
1.7280,0.1005
1.7290,0.1008
1.7300,0.1010
1.7310,0.1012
1.7320,0.1015
1.7330,0.1017
1.7340,0.1019
1.7350,0.1022
1.7360,0.1024
1.7370,0.1026
1.7380,0.1028
1.7390,0.1031
1.7400,0.1033
1.7410,0.1035
1.7420,0.1038
1.7430,0.1040
1.7440,0.1043
1.7450,0.1045
1.7460,0.1047
1.7470,0.1050
1.7480,0.1052
1.7490,0.1054
1.7500,0.1057
1.7510,0.1059
1.7520,0.1061
1.7530,0.1064
1.7540,0.1066
1.7550,0.1068
1.7560,0.1071
1.7570,0.1073
1.7580,0.1075
1.7590,0.1078
1.7600,0.1080
1.7610,0.1082
1.7620,0.1085
1.7630,0.1087
1.7640,0.1090
1.7650,0.1092
1.7660,0.1094
1.7670,0.1097
1.7680,0.1099
1.7690,0.1101
1.7700,0.1104
1.7710,0.1106
1.7720,0.1108
1.7730,0.1111
1.7740,0.1113
1.7750,0.1116
1.7760,0.1118
1.7770,0.1120
1.7780,0.1123
1.7790,0.1125
1.7800,0.1127
1.7810,0.1130
1.7820,0.1132
1.7830,0.1135
1.7840,0.1137
1.7850,0.1139
1.7860,0.1142
1.7870,0.1144
1.7880,0.1147
1.7890,0.1149
1.7900,0.1151
1.7910,0.1154
1.7920,0.1156
1.7930,0.1159
1.7940,0.1161
1.7950,0.1163
1.7960,0.1166
1.7970,0.1168
1.7980,0.1171
1.7990,0.1173
1.8000,0.1175
1.8010,0.1178
1.8020,0.1180
1.8030,0.1183
1.8040,0.1185
1.8050,0.1187
1.8060,0.1190
1.8070,0.1192
1.8080,0.1195
1.8090,0.1197
1.8100,0.1199
1.8110,0.1202
1.8120,0.1204
1.8130,0.1207
1.8140,0.1209
1.8150,0.1211
1.8160,0.1214
1.8170,0.1216
1.8180,0.1219
1.8190,0.1221
1.8200,0.1224
1.8210,0.1226
1.8220,0.1228
1.8230,0.1231
1.8240,0.1233
1.8250,0.1236
1.8260,0.1238
1.8270,0.1241
1.8280,0.1243
1.8290,0.1245
1.8300,0.1248
1.8310,0.1250
1.8320,0.1253
1.8330,0.1255
1.8340,0.1258
1.8350,0.1260
1.8360,0.1262
1.8370,0.1265
1.8380,0.1267
1.8390,0.1270
1.8400,0.1272
1.8410,0.1275
1.8420,0.1277
1.8430,0.1279
1.8440,0.1282
1.8450,0.1284
1.8460,0.1287
1.8470,0.1289
1.8480,0.1292
1.8490,0.1294
1.8500,0.1297
1.8510,0.1299
1.8520,0.1301
1.8530,0.1304
1.8540,0.1306
1.8550,0.1309
1.8560,0.1311
1.8570,0.1314
1.8580,0.1316
1.8590,0.1319
1.8600,0.1321
1.8610,0.1324
1.8620,0.1326
1.8630,0.1328
1.8640,0.1331
1.8650,0.1333
1.8660,0.1336
1.8670,0.1338
1.8680,0.1341
1.8690,0.1343
1.8700,0.1346
1.8710,0.1348
1.8720,0.1351
1.8730,0.1353
1.8740,0.1356
1.8750,0.1358
1.8760,0.1360
1.8770,0.1363
1.8780,0.1365
1.8790,0.1368
1.8800,0.1370
1.8810,0.1373
1.8820,0.1375
1.8830,0.1378
1.8840,0.1380
1.8850,0.1383
1.8860,0.1385
1.8870,0.1388
1.8880,0.1390
1.8890,0.1393
1.8900,0.1395
1.8910,0.1397
1.8920,0.1400
1.8930,0.1402
1.8940,0.1405
1.8950,0.1407
1.8960,0.1410
1.8970,0.1412
1.8980,0.1415
1.8990,0.1417
1.9000,0.1420
1.9010,0.1422
1.9020,0.1425
1.9030,0.1427
1.9040,0.1430
1.9050,0.1432
1.9060,0.1435
1.9070,0.1437
1.9080,0.1440
1.9090,0.1442
1.9100,0.1445
1.9110,0.1447
1.9120,0.1450
1.9130,0.1452
1.9140,0.1454
1.9150,0.1457
1.9160,0.1459
1.9170,0.1462
1.9180,0.1464
1.9190,0.1467
1.9200,0.1469
1.9210,0.1472
1.9220,0.1474
1.9230,0.1477
1.9240,0.1479
1.9250,0.1482
1.9260,0.1484
1.9270,0.1487
1.9280,0.1489
1.9290,0.1492
1.9300,0.1494
1.9310,0.1497
1.9320,0.1499
1.9330,0.1502
1.9340,0.1504
1.9350,0.1507
1.9360,0.1509
1.9370,0.1512
1.9380,0.1514
1.9390,0.1517
1.9400,0.1519
1.9410,0.1522
1.9420,0.1524
1.9430,0.1527
1.9440,0.1529
1.9450,0.1532
1.9460,0.1534
1.9470,0.1537
1.9480,0.1539
1.9490,0.1542
1.9500,0.1544
1.9510,0.1547
1.9520,0.1549
1.9530,0.1552
1.9540,0.1554
1.9550,0.1557
1.9560,0.1559
1.9570,0.1562
1.9580,0.1564
1.9590,0.1567
1.9600,0.1569
1.9610,0.1572
1.9620,0.1574
1.9630,0.1577
1.9640,0.1579
1.9650,0.1582
1.9660,0.1584
1.9670,0.1587
1.9680,0.1589
1.9690,0.1592
1.9700,0.1594
1.9710,0.1597
1.9720,0.1599
1.9730,0.1602
1.9740,0.1604
1.9750,0.1607
1.9760,0.1609
1.9770,0.1612
1.9780,0.1614
1.9790,0.1617
1.9800,0.1619
1.9810,0.1622
1.9820,0.1624
1.9830,0.1627
1.9840,0.1629
1.9850,0.1632
1.9860,0.1634
1.9870,0.1637
1.9880,0.1639
1.9890,0.1642
1.9900,0.1644
1.9910,0.1647
1.9920,0.1649
1.9930,0.1652
1.9940,0.1654
1.9950,0.1657
1.9960,0.1659
1.9970,0.1662
1.9980,0.1664
1.9990,0.1667
2.0000,0.1669
2.0010,0.1672
2.0020,0.1674
2.0030,0.1677
2.0040,0.1679
2.0050,0.1682
2.0060,0.1684
2.0070,0.1687
2.0080,0.1689
2.0090,0.1692
2.0100,0.1694
2.0110,0.1697
2.0120,0.1699
2.0130,0.1702
2.0140,0.1704
2.0150,0.1707
2.0160,0.1709
2.0170,0.1712
2.0180,0.1714
2.0190,0.1717
2.0200,0.1719
2.0210,0.1722
2.0220,0.1724
2.0230,0.1727
2.0240,0.1729
2.0250,0.1732
2.0260,0.1734
2.0270,0.1737
2.0280,0.1739
2.0290,0.1742
2.0300,0.1744
2.0310,0.1747
2.0320,0.1749
2.0330,0.1752
2.0340,0.1754
2.0350,0.1757
2.0360,0.1759
2.0370,0.1762
2.0380,0.1764
2.0390,0.1767
2.0400,0.1769
2.0410,0.1772
2.0420,0.1774
2.0430,0.1777
2.0440,0.1779
2.0450,0.1782
2.0460,0.1784
2.0470,0.1787
2.0480,0.1789
2.0490,0.1792
2.0500,0.1794
2.0510,0.1797
2.0520,0.1799
2.0530,0.1802
2.0540,0.1804
2.0550,0.1807
2.0560,0.1809
2.0570,0.1812
2.0580,0.1814
2.0590,0.1817
2.0600,0.1819
2.0610,0.1822
2.0620,0.1824
2.0630,0.1827
2.0640,0.1829
2.0650,0.1832
2.0660,0.1834
2.0670,0.1837
2.0680,0.1839
2.0690,0.1842
2.0700,0.1844
2.0710,0.1847
2.0720,0.1849
2.0730,0.1852
2.0740,0.1854
2.0750,0.1857
2.0760,0.1859
2.0770,0.1862
2.0780,0.1864
2.0790,0.1867
2.0800,0.1869
2.0810,0.1872
2.0820,0.1874
2.0830,0.1877
2.0840,0.1879
2.0850,0.1882
2.0860,0.1884
2.0870,0.1887
2.0880,0.1889
2.0890,0.1892
2.0900,0.1894
2.0910,0.1897
2.0920,0.1899
2.0930,0.1902
2.0940,0.1904
2.0950,0.1907
2.0960,0.1909
2.0970,0.1912
2.0980,0.1914
2.0990,0.1917
2.1000,0.1919
2.1010,0.1922
2.1020,0.1924
2.1030,0.1927
2.1040,0.1929
2.1050,0.1932
2.1060,0.1934
2.1070,0.1937
2.1080,0.1939
2.1090,0.1942
2.1100,0.1944
2.1110,0.1947
2.1120,0.1949
2.1130,0.1952
2.1140,0.1954
2.1150,0.1957
2.1160,0.1959
2.1170,0.1962
2.1180,0.1964
2.1190,0.1967
2.1200,0.1969
2.1210,0.1972
2.1220,0.1974
2.1230,0.1977
2.1240,0.1979
2.1250,0.1982
2.1260,0.1984
2.1270,0.1987
2.1280,0.1989
2.1290,0.1992
2.1300,0.1994
2.1310,0.1997
2.1320,0.1999
2.1330,0.2002
2.1340,0.2005
2.1350,0.2007
2.1360,0.2010
2.1370,0.2012
2.1380,0.2015
2.1390,0.2017
2.1400,0.2020
2.1410,0.2022
2.1420,0.2025
2.1430,0.2027
2.1440,0.2030
2.1450,0.2032
2.1460,0.2035
2.1470,0.2037
2.1480,0.2040
2.1490,0.2042
2.1500,0.2045
2.1510,0.2047
2.1520,0.2050
2.1530,0.2052
2.1540,0.2055
2.1550,0.2057
2.1560,0.2060
2.1570,0.2062
2.1580,0.2065
2.1590,0.2067
2.1600,0.2070
2.1610,0.2072
2.1620,0.2075
2.1630,0.2077
2.1640,0.2080
2.1650,0.2082
2.1660,0.2085
2.1670,0.2087
2.1680,0.2090
2.1690,0.2092
2.1700,0.2095
2.1710,0.2097
2.1720,0.2100
2.1730,0.2102
2.1740,0.2105
2.1750,0.2107
2.1760,0.2110
2.1770,0.2112
2.1780,0.2115
2.1790,0.2117
2.1800,0.2120
2.1810,0.2122
2.1820,0.2125
2.1830,0.2127
2.1840,0.2130
2.1850,0.2132
2.1860,0.2135
2.1870,0.2137
2.1880,0.2140
2.1890,0.2142
2.1900,0.2145
2.1910,0.2147
2.1920,0.2150
2.1930,0.2152
2.1940,0.2155
2.1950,0.2157
2.1960,0.2160
2.1970,0.2162
2.1980,0.2165
2.1990,0.2167
2.2000,0.2170
2.2010,0.2172
2.2020,0.2175
2.2030,0.2177
2.2040,0.2180
2.2050,0.2182
2.2060,0.2185
2.2070,0.2187
2.2080,0.2190
2.2090,0.2192
2.2100,0.2195
2.2110,0.2197
2.2120,0.2200
2.2130,0.2202
2.2140,0.2205
2.2150,0.2207
2.2160,0.2210
2.2170,0.2212
2.2180,0.2215
2.2190,0.2217
2.2200,0.2220
2.2210,0.2222
2.2220,0.2225
2.2230,0.2227
2.2240,0.2230
2.2250,0.2232
2.2260,0.2235
2.2270,0.2237
2.2280,0.2240
2.2290,0.2242
2.2300,0.2245
2.2310,0.2247
2.2320,0.2250
2.2330,0.2252
2.2340,0.2255
2.2350,0.2257
2.2360,0.2260
2.2370,0.2262
2.2380,0.2265
2.2390,0.2267
2.2400,0.2270
2.2410,0.2272
2.2420,0.2275
2.2430,0.2277
2.2440,0.2280
2.2450,0.2282
2.2460,0.2285
2.2470,0.2287
2.2480,0.2290
2.2490,0.2292
2.2500,0.2295
2.2510,0.2297
2.2520,0.2300
2.2530,0.2302
2.2540,0.2305
2.2550,0.2307
2.2560,0.2310
2.2570,0.2312
2.2580,0.2315
2.2590,0.2317
2.2600,0.2320
2.2610,0.2322
2.2620,0.2325
2.2630,0.2327
2.2640,0.2330
2.2650,0.2332
2.2660,0.2335
2.2670,0.2337
2.2680,0.2340
2.2690,0.2342
2.2700,0.2345
2.2710,0.2347
2.2720,0.2350
2.2730,0.2352
2.2740,0.2355
2.2750,0.2357
2.2760,0.2360
2.2770,0.2362
2.2780,0.2365
2.2790,0.2367
2.2800,0.2370
2.2810,0.2372
2.2820,0.2375
2.2830,0.2377
2.2840,0.2380
2.2850,0.2382
2.2860,0.2385
2.2870,0.2387
2.2880,0.2390
2.2890,0.2392
2.2900,0.2395
2.2910,0.2397
2.2920,0.2400
2.2930,0.2402
2.2940,0.2405
2.2950,0.2407
2.2960,0.2410
2.2970,0.2412
2.2980,0.2415
2.2990,0.2417
2.3000,0.2420
2.3010,0.2422
2.3020,0.2425
2.3030,0.2427
2.3040,0.2430
2.3050,0.2432
2.3060,0.2435
2.3070,0.2437
2.3080,0.2440
2.3090,0.2442
2.3100,0.2445
2.3110,0.2447
2.3120,0.2450
2.3130,0.2452
2.3140,0.2455
2.3150,0.2457
2.3160,0.2460
2.3170,0.2462
2.3180,0.2465
2.3190,0.2467
2.3200,0.2470
2.3210,0.2472
2.3220,0.2475
2.3230,0.2477
2.3240,0.2480
2.3250,0.2482
2.3260,0.2485
2.3270,0.2487
2.3280,0.2490
2.3290,0.2492
2.3300,0.2495
2.3310,0.2497
2.3320,0.2500
2.3330,0.2502
2.3340,0.2505
2.3350,0.2508
2.3360,0.2510
2.3370,0.2513
2.3380,0.2515
2.3390,0.2518
2.3400,0.2520
2.3410,0.2523
2.3420,0.2525
2.3430,0.2528
2.3440,0.2530
2.3450,0.2533
2.3460,0.2535
2.3470,0.2538
2.3480,0.2540
2.3490,0.2543
2.3500,0.2545
2.3510,0.2548
2.3520,0.2550
2.3530,0.2553
2.3540,0.2555
2.3550,0.2558
2.3560,0.2560
2.3570,0.2563
2.3580,0.2565
2.3590,0.2568
2.3600,0.2570
2.3610,0.2573
2.3620,0.2575
2.3630,0.2578
2.3640,0.2580
2.3650,0.2583
2.3660,0.2585
2.3670,0.2588
2.3680,0.2590
2.3690,0.2593
2.3700,0.2595
2.3710,0.2598
2.3720,0.2600
2.3730,0.2603
2.3740,0.2605
2.3750,0.2608
2.3760,0.2610
2.3770,0.2613
2.3780,0.2615
2.3790,0.2618
2.3800,0.2620
2.3810,0.2623
2.3820,0.2625
2.3830,0.2628
2.3840,0.2630
2.3850,0.2633
2.3860,0.2635
2.3870,0.2638
2.3880,0.2640
2.3890,0.2643
2.3900,0.2645
2.3910,0.2648
2.3920,0.2650
2.3930,0.2653
2.3940,0.2655
2.3950,0.2658
2.3960,0.2660
2.3970,0.2663
2.3980,0.2665
2.3990,0.2668
2.4000,0.2670
2.4010,0.2673
2.4020,0.2675
2.4030,0.2678
2.4040,0.2680
2.4050,0.2683
2.4060,0.2685
2.4070,0.2688
2.4080,0.2690
2.4090,0.2693
2.4100,0.2695
2.4110,0.2698
2.4120,0.2700
2.4130,0.2703
2.4140,0.2705
2.4150,0.2708
2.4160,0.2710
2.4170,0.2713
2.4180,0.2715
2.4190,0.2718
2.4200,0.2720
2.4210,0.2723
2.4220,0.2725
2.4230,0.2728
2.4240,0.2730
2.4250,0.2733
2.4260,0.2735
2.4270,0.2738
2.4280,0.2740
2.4290,0.2743
2.4300,0.2745
2.4310,0.2748
2.4320,0.2750
2.4330,0.2753
2.4340,0.2755
2.4350,0.2758
2.4360,0.2760
2.4370,0.2763
2.4380,0.2765
2.4390,0.2768
2.4400,0.2770
2.4410,0.2773
2.4420,0.2775
2.4430,0.2778
2.4440,0.2780
2.4450,0.2783
2.4460,0.2785
2.4470,0.2788
2.4480,0.2790
2.4490,0.2793
2.4500,0.2795
2.4510,0.2798
2.4520,0.2800
2.4530,0.2803
2.4540,0.2805
2.4550,0.2808
2.4560,0.2810
2.4570,0.2813
2.4580,0.2815
2.4590,0.2818
2.4600,0.2820
2.4610,0.2823
2.4620,0.2825
2.4630,0.2828
2.4640,0.2830
2.4650,0.2833
2.4660,0.2835
2.4670,0.2838
2.4680,0.2840
2.4690,0.2843
2.4700,0.2845
2.4710,0.2848
2.4720,0.2850
2.4730,0.2853
2.4740,0.2855
2.4750,0.2858
2.4760,0.2860
2.4770,0.2863
2.4780,0.2865
2.4790,0.2868
2.4800,0.2870
2.4810,0.2873
2.4820,0.2875
2.4830,0.2878
2.4840,0.2880
2.4850,0.2883
2.4860,0.2885
2.4870,0.2888
2.4880,0.2890
2.4890,0.2893
2.4900,0.2895
2.4910,0.2898
2.4920,0.2900
2.4930,0.2903
2.4940,0.2905
2.4950,0.2908
2.4960,0.2910
2.4970,0.2913
2.4980,0.2915
2.4990,0.2918
2.5000,0.2920
2.5010,0.2923
2.5020,0.2925
2.5030,0.2928
2.5040,0.2930
2.5050,0.2933
2.5060,0.2935
2.5070,0.2938
2.5080,0.2940
2.5090,0.2943
2.5100,0.2945
2.5110,0.2948
2.5120,0.2950
2.5130,0.2953
2.5140,0.2955
2.5150,0.2958
2.5160,0.2960
2.5170,0.2963
2.5180,0.2965
2.5190,0.2968
2.5200,0.2970
2.5210,0.2973
2.5220,0.2975
2.5230,0.2978
2.5240,0.2980
2.5250,0.2983
2.5260,0.2985
2.5270,0.2988
2.5280,0.2990
2.5290,0.2993
2.5300,0.2995
2.5310,0.2998
2.5320,0.3000
2.5330,0.3003
2.5340,0.3006
2.5350,0.3008
2.5360,0.3011
2.5370,0.3013
2.5380,0.3016
2.5390,0.3018
2.5400,0.3021
2.5410,0.3023
2.5420,0.3026
2.5430,0.3028
2.5440,0.3031
2.5450,0.3033
2.5460,0.3036
2.5470,0.3038
2.5480,0.3041
2.5490,0.3043
2.5500,0.3046
2.5510,0.3048
2.5520,0.3051
2.5530,0.3053
2.5540,0.3056
2.5550,0.3058
2.5560,0.3061
2.5570,0.3063
2.5580,0.3066
2.5590,0.3068
2.5600,0.3071
2.5610,0.3073
2.5620,0.3076
2.5630,0.3078
2.5640,0.3081
2.5650,0.3083
2.5660,0.3086
2.5670,0.3088
2.5680,0.3091
2.5690,0.3093
2.5700,0.3096
2.5710,0.3098
2.5720,0.3101
2.5730,0.3103
2.5740,0.3106
2.5750,0.3108
2.5760,0.3111
2.5770,0.3113
2.5780,0.3116
2.5790,0.3118
2.5800,0.3121
2.5810,0.3123
2.5820,0.3126
2.5830,0.3128
2.5840,0.3131
2.5850,0.3133
2.5860,0.3136
2.5870,0.3138
2.5880,0.3141
2.5890,0.3143
2.5900,0.3146
2.5910,0.3148
2.5920,0.3151
2.5930,0.3153
2.5940,0.3156
2.5950,0.3158
2.5960,0.3161
2.5970,0.3163
2.5980,0.3166
2.5990,0.3168
2.6000,0.3171
2.6010,0.3173
2.6020,0.3176
2.6030,0.3178
2.6040,0.3181
2.6050,0.3183
2.6060,0.3186
2.6070,0.3188
2.6080,0.3191
2.6090,0.3193
2.6100,0.3196
2.6110,0.3198
2.6120,0.3201
2.6130,0.3203
2.6140,0.3206
2.6150,0.3208
2.6160,0.3211
2.6170,0.3213
2.6180,0.3216
2.6190,0.3218
2.6200,0.3221
2.6210,0.3223
2.6220,0.3226
2.6230,0.3228
2.6240,0.3231
2.6250,0.3233
2.6260,0.3236
2.6270,0.3238
2.6280,0.3241
2.6290,0.3243
2.6300,0.3246
2.6310,0.3248
2.6320,0.3251
2.6330,0.3253
2.6340,0.3256
2.6350,0.3258
2.6360,0.3261
2.6370,0.3263
2.6380,0.3266
2.6390,0.3268
2.6400,0.3271
2.6410,0.3273
2.6420,0.3276
2.6430,0.3278
2.6440,0.3281
2.6450,0.3283
2.6460,0.3286
2.6470,0.3288
2.6480,0.3291
2.6490,0.3293
2.6500,0.3296
2.6510,0.3298
2.6520,0.3301
2.6530,0.3303
2.6540,0.3306
2.6550,0.3308
2.6560,0.3311
2.6570,0.3313
2.6580,0.3316
2.6590,0.3318
2.6600,0.3321
2.6610,0.3323
2.6620,0.3326
2.6630,0.3328
2.6640,0.3331
2.6650,0.3333
2.6660,0.3336
2.6670,0.3338
2.6680,0.3341
2.6690,0.3343
2.6700,0.3346
2.6710,0.3348
2.6720,0.3351
2.6730,0.3353
2.6740,0.3356
2.6750,0.3358
2.6760,0.3361
2.6770,0.3363
2.6780,0.3366
2.6790,0.3368
2.6800,0.3371
2.6810,0.3373
2.6820,0.3376
2.6830,0.3378
2.6840,0.3381
2.6850,0.3383
2.6860,0.3386
2.6870,0.3388
2.6880,0.3391
2.6890,0.3393
2.6900,0.3396
2.6910,0.3398
2.6920,0.3401
2.6930,0.3403
2.6940,0.3406
2.6950,0.3408
2.6960,0.3411
2.6970,0.3413
2.6980,0.3416
2.6990,0.3418
2.7000,0.3421
2.7010,0.3423
2.7020,0.3426
2.7030,0.3428
2.7040,0.3431
2.7050,0.3433
2.7060,0.3436
2.7070,0.3438
2.7080,0.3441
2.7090,0.3443
2.7100,0.3446
2.7110,0.3448
2.7120,0.3451
2.7130,0.3453
2.7140,0.3456
2.7150,0.3458
2.7160,0.3461
2.7170,0.3463
2.7180,0.3466
2.7190,0.3468
2.7200,0.3471
2.7210,0.3473
2.7220,0.3476
2.7230,0.3478
2.7240,0.3481
2.7250,0.3483
2.7260,0.3486
2.7270,0.3488
2.7280,0.3491
2.7290,0.3493
2.7300,0.3496
2.7310,0.3498
2.7320,0.3501
2.7330,0.3503
2.7340,0.3506
2.7350,0.3509
2.7360,0.3511
2.7370,0.3514
2.7380,0.3516
2.7390,0.3519
2.7400,0.3521
2.7410,0.3524
2.7420,0.3526
2.7430,0.3529
2.7440,0.3531
2.7450,0.3534
2.7460,0.3536
2.7470,0.3539
2.7480,0.3541
2.7490,0.3544
2.7500,0.3546
2.7510,0.3549
2.7520,0.3551
2.7530,0.3554
2.7540,0.3556
2.7550,0.3559
2.7560,0.3561
2.7570,0.3564
2.7580,0.3566
2.7590,0.3569
2.7600,0.3571
2.7610,0.3574
2.7620,0.3576
2.7630,0.3579
2.7640,0.3581
2.7650,0.3584
2.7660,0.3586
2.7670,0.3589
2.7680,0.3591
2.7690,0.3594
2.7700,0.3596
2.7710,0.3599
2.7720,0.3601
2.7730,0.3604
2.7740,0.3606
2.7750,0.3609
2.7760,0.3611
2.7770,0.3614
2.7780,0.3616
2.7790,0.3619
2.7800,0.3621
2.7810,0.3624
2.7820,0.3626
2.7830,0.3629
2.7840,0.3631
2.7850,0.3634
2.7860,0.3636
2.7870,0.3639
2.7880,0.3641
2.7890,0.3644
2.7900,0.3646
2.7910,0.3649
2.7920,0.3651
2.7930,0.3654
2.7940,0.3656
2.7950,0.3659
2.7960,0.3661
2.7970,0.3664
2.7980,0.3666
2.7990,0.3669
2.8000,0.3671
2.8010,0.3674
2.8020,0.3676
2.8030,0.3679
2.8040,0.3681
2.8050,0.3684
2.8060,0.3686
2.8070,0.3689
2.8080,0.3691
2.8090,0.3694
2.8100,0.3696
2.8110,0.3699
2.8120,0.3701
2.8130,0.3704
2.8140,0.3706
2.8150,0.3709
2.8160,0.3711
2.8170,0.3714
2.8180,0.3716
2.8190,0.3719
2.8200,0.3721
2.8210,0.3724
2.8220,0.3726
2.8230,0.3729
2.8240,0.3731
2.8250,0.3734
2.8260,0.3736
2.8270,0.3739
2.8280,0.3741
2.8290,0.3744
2.8300,0.3746
2.8310,0.3749
2.8320,0.3751
2.8330,0.3754
2.8340,0.3756
2.8350,0.3759
2.8360,0.3761
2.8370,0.3764
2.8380,0.3766
2.8390,0.3769
2.8400,0.3771
2.8410,0.3774
2.8420,0.3776
2.8430,0.3779
2.8440,0.3781
2.8450,0.3784
2.8460,0.3786
2.8470,0.3789
2.8480,0.3791
2.8490,0.3794
2.8500,0.3796
2.8510,0.3799
2.8520,0.3801
2.8530,0.3804
2.8540,0.3806
2.8550,0.3809
2.8560,0.3811
2.8570,0.3814
2.8580,0.3816
2.8590,0.3819
2.8600,0.3821
2.8610,0.3824
2.8620,0.3826
2.8630,0.3829
2.8640,0.3831
2.8650,0.3834
2.8660,0.3836
2.8670,0.3839
2.8680,0.3841
2.8690,0.3844
2.8700,0.3846
2.8710,0.3849
2.8720,0.3851
2.8730,0.3854
2.8740,0.3856
2.8750,0.3859
2.8760,0.3861
2.8770,0.3864
2.8780,0.3866
2.8790,0.3869
2.8800,0.3871
2.8810,0.3874
2.8820,0.3876
2.8830,0.3879
2.8840,0.3881
2.8850,0.3884
2.8860,0.3886
2.8870,0.3889
2.8880,0.3891
2.8890,0.3894
2.8900,0.3896
2.8910,0.3899
2.8920,0.3901
2.8930,0.3904
2.8940,0.3906
2.8950,0.3909
2.8960,0.3911
2.8970,0.3914
2.8980,0.3916
2.8990,0.3919
2.9000,0.3921
2.9010,0.3924
2.9020,0.3926
2.9030,0.3929
2.9040,0.3931
2.9050,0.3934
2.9060,0.3936
2.9070,0.3939
2.9080,0.3941
2.9090,0.3944
2.9100,0.3946
2.9110,0.3949
2.9120,0.3951
2.9130,0.3954
2.9140,0.3956
2.9150,0.3959
2.9160,0.3961
2.9170,0.3964
2.9180,0.3966
2.9190,0.3969
2.9200,0.3971
2.9210,0.3974
2.9220,0.3976
2.9230,0.3979
2.9240,0.3981
2.9250,0.3984
2.9260,0.3986
2.9270,0.3989
2.9280,0.3991
2.9290,0.3994
2.9300,0.3996
2.9310,0.3999
2.9320,0.4001
2.9330,0.4004
2.9340,0.4007
2.9350,0.4009
2.9360,0.4012
2.9370,0.4014
2.9380,0.4017
2.9390,0.4019
2.9400,0.4022
2.9410,0.4024
2.9420,0.4027
2.9430,0.4029
2.9440,0.4032
2.9450,0.4034
2.9460,0.4037
2.9470,0.4039
2.9480,0.4042
2.9490,0.4044
2.9500,0.4047
2.9510,0.4049
2.9520,0.4052
2.9530,0.4054
2.9540,0.4057
2.9550,0.4059
2.9560,0.4062
2.9570,0.4064
2.9580,0.4067
2.9590,0.4069
2.9600,0.4072
2.9610,0.4074
2.9620,0.4077
2.9630,0.4079
2.9640,0.4082
2.9650,0.4084
2.9660,0.4087
2.9670,0.4089
2.9680,0.4092
2.9690,0.4094
2.9700,0.4097
2.9710,0.4099
2.9720,0.4102
2.9730,0.4104
2.9740,0.4107
2.9750,0.4109
2.9760,0.4112
2.9770,0.4114
2.9780,0.4117
2.9790,0.4119
2.9800,0.4122
2.9810,0.4124
2.9820,0.4127
2.9830,0.4129
2.9840,0.4132
2.9850,0.4134
2.9860,0.4137
2.9870,0.4139
2.9880,0.4142
2.9890,0.4144
2.9900,0.4147
2.9910,0.4149
2.9920,0.4152
2.9930,0.4154
2.9940,0.4157
2.9950,0.4159
2.9960,0.4162
2.9970,0.4164
2.9980,0.4167
2.9990,0.4169
3.0000,0.4172
3.0010,0.4164
3.0020,0.4157
3.0030,0.4149
3.0040,0.4142
3.0050,0.4134
3.0060,0.4127
3.0070,0.4119
3.0080,0.4112
3.0090,0.4104
3.0100,0.4097
3.0110,0.4089
3.0120,0.4082
3.0130,0.4075
3.0140,0.4067
3.0150,0.4060
3.0160,0.4052
3.0170,0.4045
3.0180,0.4037
3.0190,0.4030
3.0200,0.4023
3.0210,0.4015
3.0220,0.4008
3.0230,0.4000
3.0240,0.3993
3.0250,0.3986
3.0260,0.3978
3.0270,0.3971
3.0280,0.3964
3.0290,0.3956
3.0300,0.3949
3.0310,0.3941
3.0320,0.3934
3.0330,0.3927
3.0340,0.3919
3.0350,0.3912
3.0360,0.3905
3.0370,0.3897
3.0380,0.3890
3.0390,0.3883
3.0400,0.3876
3.0410,0.3868
3.0420,0.3861
3.0430,0.3854
3.0440,0.3846
3.0450,0.3839
3.0460,0.3832
3.0470,0.3825
3.0480,0.3817
3.0490,0.3810
3.0500,0.3803
3.0510,0.3796
3.0520,0.3788
3.0530,0.3781
3.0540,0.3774
3.0550,0.3767
3.0560,0.3759
3.0570,0.3752
3.0580,0.3745
3.0590,0.3738
3.0600,0.3731
3.0610,0.3723
3.0620,0.3716
3.0630,0.3709
3.0640,0.3702
3.0650,0.3695
3.0660,0.3687
3.0670,0.3680
3.0680,0.3673
3.0690,0.3666
3.0700,0.3659
3.0710,0.3652
3.0720,0.3645
3.0730,0.3637
3.0740,0.3630
3.0750,0.3623
3.0760,0.3616
3.0770,0.3609
3.0780,0.3602
3.0790,0.3595
3.0800,0.3588
3.0810,0.3581
3.0820,0.3574
3.0830,0.3566
3.0840,0.3559
3.0850,0.3552
3.0860,0.3545
3.0870,0.3538
3.0880,0.3531
3.0890,0.3524
3.0900,0.3517
3.0910,0.3510
3.0920,0.3503
3.0930,0.3496
3.0940,0.3489
3.0950,0.3482
3.0960,0.3475
3.0970,0.3468
3.0980,0.3461
3.0990,0.3454
3.1000,0.3447
3.1010,0.3440
3.1020,0.3433
3.1030,0.3426
3.1040,0.3419
3.1050,0.3412
3.1060,0.3405
3.1070,0.3398
3.1080,0.3391
3.1090,0.3384
3.1100,0.3377
3.1110,0.3371
3.1120,0.3364
3.1130,0.3357
3.1140,0.3350
3.1150,0.3343
3.1160,0.3336
3.1170,0.3329
3.1180,0.3322
3.1190,0.3315
3.1200,0.3309
3.1210,0.3302
3.1220,0.3295
3.1230,0.3288
3.1240,0.3281
3.1250,0.3274
3.1260,0.3267
3.1270,0.3261
3.1280,0.3254
3.1290,0.3247
3.1300,0.3240
3.1310,0.3233
3.1320,0.3226
3.1330,0.3220
3.1340,0.3213
3.1350,0.3206
3.1360,0.3199
3.1370,0.3193
3.1380,0.3186
3.1390,0.3179
3.1400,0.3172
3.1410,0.3166
3.1420,0.3159
3.1430,0.3152
3.1440,0.3145
3.1450,0.3139
3.1460,0.3132
3.1470,0.3125
3.1480,0.3118
3.1490,0.3112
3.1500,0.3105
3.1510,0.3098
3.1520,0.3092
3.1530,0.3085
3.1540,0.3078
3.1550,0.3072
3.1560,0.3065
3.1570,0.3058
3.1580,0.3052
3.1590,0.3045
3.1600,0.3038
3.1610,0.3032
3.1620,0.3025
3.1630,0.3018
3.1640,0.3012
3.1650,0.3005
3.1660,0.2999
3.1670,0.2992
3.1680,0.2985
3.1690,0.2979
3.1700,0.2972
3.1710,0.2966
3.1720,0.2959
3.1730,0.2952
3.1740,0.2946
3.1750,0.2939
3.1760,0.2933
3.1770,0.2926
3.1780,0.2920
3.1790,0.2913
3.1800,0.2907
3.1810,0.2900
3.1820,0.2894
3.1830,0.2887
3.1840,0.2881
3.1850,0.2874
3.1860,0.2868
3.1870,0.2861
3.1880,0.2855
3.1890,0.2848
3.1900,0.2842
3.1910,0.2835
3.1920,0.2829
3.1930,0.2822
3.1940,0.2816
3.1950,0.2809
3.1960,0.2803
3.1970,0.2797
3.1980,0.2790
3.1990,0.2784
3.2000,0.2777
3.2010,0.2771
3.2020,0.2765
3.2030,0.2758
3.2040,0.2752
3.2050,0.2745
3.2060,0.2739
3.2070,0.2733
3.2080,0.2726
3.2090,0.2720
3.2100,0.2714
3.2110,0.2707
3.2120,0.2701
3.2130,0.2695
3.2140,0.2688
3.2150,0.2682
3.2160,0.2676
3.2170,0.2669
3.2180,0.2663
3.2190,0.2657
3.2200,0.2650
3.2210,0.2644
3.2220,0.2638
3.2230,0.2632
3.2240,0.2625
3.2250,0.2619
3.2260,0.2613
3.2270,0.2607
3.2280,0.2600
3.2290,0.2594
3.2300,0.2588
3.2310,0.2582
3.2320,0.2575
3.2330,0.2569
3.2340,0.2563
3.2350,0.2557
3.2360,0.2551
3.2370,0.2544
3.2380,0.2538
3.2390,0.2532
3.2400,0.2526
3.2410,0.2520
3.2420,0.2514
3.2430,0.2508
3.2440,0.2501
3.2450,0.2495
3.2460,0.2489
3.2470,0.2483
3.2480,0.2477
3.2490,0.2471
3.2500,0.2465
3.2510,0.2459
3.2520,0.2453
3.2530,0.2446
3.2540,0.2440
3.2550,0.2434
3.2560,0.2428
3.2570,0.2422
3.2580,0.2416
3.2590,0.2410
3.2600,0.2404
3.2610,0.2398
3.2620,0.2392
3.2630,0.2386
3.2640,0.2380
3.2650,0.2374
3.2660,0.2368
3.2670,0.2362
3.2680,0.2356
3.2690,0.2350
3.2700,0.2344
3.2710,0.2338
3.2720,0.2332
3.2730,0.2326
3.2740,0.2320
3.2750,0.2314
3.2760,0.2308
3.2770,0.2302
3.2780,0.2296
3.2790,0.2290
3.2800,0.2285
3.2810,0.2279
3.2820,0.2273
3.2830,0.2267
3.2840,0.2261
3.2850,0.2255
3.2860,0.2249
3.2870,0.2243
3.2880,0.2237
3.2890,0.2232
3.2900,0.2226
3.2910,0.2220
3.2920,0.2214
3.2930,0.2208
3.2940,0.2202
3.2950,0.2197
3.2960,0.2191
3.2970,0.2185
3.2980,0.2179
3.2990,0.2173
3.3000,0.2168
3.3010,0.2162
3.3020,0.2156
3.3030,0.2150
3.3040,0.2145
3.3050,0.2139
3.3060,0.2133
3.3070,0.2127
3.3080,0.2122
3.3090,0.2116
3.3100,0.2110
3.3110,0.2104
3.3120,0.2099
3.3130,0.2093
3.3140,0.2087
3.3150,0.2082
3.3160,0.2076
3.3170,0.2070
3.3180,0.2065
3.3190,0.2059
3.3200,0.2053
3.3210,0.2048
3.3220,0.2042
3.3230,0.2036
3.3240,0.2031
3.3250,0.2025
3.3260,0.2020
3.3270,0.2014
3.3280,0.2008
3.3290,0.2003
3.3300,0.1997
3.3310,0.1992
3.3320,0.1986
3.3330,0.1980
3.3340,0.1975
3.3350,0.1969
3.3360,0.1964
3.3370,0.1958
3.3380,0.1953
3.3390,0.1947
3.3400,0.1942
3.3410,0.1936
3.3420,0.1931
3.3430,0.1925
3.3440,0.1920
3.3450,0.1914
3.3460,0.1909
3.3470,0.1903
3.3480,0.1898
3.3490,0.1892
3.3500,0.1887
3.3510,0.1881
3.3520,0.1876
3.3530,0.1871
3.3540,0.1865
3.3550,0.1860
3.3560,0.1854
3.3570,0.1849
3.3580,0.1844
3.3590,0.1838
3.3600,0.1833
3.3610,0.1827
3.3620,0.1822
3.3630,0.1817
3.3640,0.1811
3.3650,0.1806
3.3660,0.1801
3.3670,0.1795
3.3680,0.1790
3.3690,0.1785
3.3700,0.1779
3.3710,0.1774
3.3720,0.1769
3.3730,0.1763
3.3740,0.1758
3.3750,0.1753
3.3760,0.1748
3.3770,0.1742
3.3780,0.1737
3.3790,0.1732
3.3800,0.1726
3.3810,0.1721
3.3820,0.1716
3.3830,0.1711
3.3840,0.1706
3.3850,0.1700
3.3860,0.1695
3.3870,0.1690
3.3880,0.1685
3.3890,0.1680
3.3900,0.1674
3.3910,0.1669
3.3920,0.1664
3.3930,0.1659
3.3940,0.1654
3.3950,0.1649
3.3960,0.1643
3.3970,0.1638
3.3980,0.1633
3.3990,0.1628
3.4000,0.1623
3.4010,0.1618
3.4020,0.1613
3.4030,0.1608
3.4040,0.1603
3.4050,0.1598
3.4060,0.1592
3.4070,0.1587
3.4080,0.1582
3.4090,0.1577
3.4100,0.1572
3.4110,0.1567
3.4120,0.1562
3.4130,0.1557
3.4140,0.1552
3.4150,0.1547
3.4160,0.1542
3.4170,0.1537
3.4180,0.1532
3.4190,0.1527
3.4200,0.1522
3.4210,0.1517
3.4220,0.1512
3.4230,0.1507
3.4240,0.1503
3.4250,0.1498
3.4260,0.1493
3.4270,0.1488
3.4280,0.1483
3.4290,0.1478
3.4300,0.1473
3.4310,0.1468
3.4320,0.1463
3.4330,0.1458
3.4340,0.1454
3.4350,0.1449
3.4360,0.1444
3.4370,0.1439
3.4380,0.1434
3.4390,0.1429
3.4400,0.1424
3.4410,0.1420
3.4420,0.1415
3.4430,0.1410
3.4440,0.1405
3.4450,0.1400
3.4460,0.1396
3.4470,0.1391
3.4480,0.1386
3.4490,0.1381
3.4500,0.1377
3.4510,0.1372
3.4520,0.1367
3.4530,0.1362
3.4540,0.1358
3.4550,0.1353
3.4560,0.1348
3.4570,0.1344
3.4580,0.1339
3.4590,0.1334
3.4600,0.1329
3.4610,0.1325
3.4620,0.1320
3.4630,0.1315
3.4640,0.1311
3.4650,0.1306
3.4660,0.1302
3.4670,0.1297
3.4680,0.1292
3.4690,0.1288
3.4700,0.1283
3.4710,0.1278
3.4720,0.1274
3.4730,0.1269
3.4740,0.1265
3.4750,0.1260
3.4760,0.1256
3.4770,0.1251
3.4780,0.1246
3.4790,0.1242
3.4800,0.1237
3.4810,0.1233
3.4820,0.1228
3.4830,0.1224
3.4840,0.1219
3.4850,0.1215
3.4860,0.1210
3.4870,0.1206
3.4880,0.1201
3.4890,0.1197
3.4900,0.1193
3.4910,0.1188
3.4920,0.1184
3.4930,0.1179
3.4940,0.1175
3.4950,0.1170
3.4960,0.1166
3.4970,0.1162
3.4980,0.1157
3.4990,0.1153
3.5000,0.1148
3.5010,0.1144
3.5020,0.1140
3.5030,0.1135
3.5040,0.1131
3.5050,0.1127
3.5060,0.1122
3.5070,0.1118
3.5080,0.1114
3.5090,0.1109
3.5100,0.1105
3.5110,0.1101
3.5120,0.1096
3.5130,0.1092
3.5140,0.1088
3.5150,0.1083
3.5160,0.1079
3.5170,0.1075
3.5180,0.1071
3.5190,0.1066
3.5200,0.1062
3.5210,0.1058
3.5220,0.1054
3.5230,0.1050
3.5240,0.1045
3.5250,0.1041
3.5260,0.1037
3.5270,0.1033
3.5280,0.1029
3.5290,0.1024
3.5300,0.1020
3.5310,0.1016
3.5320,0.1012
3.5330,0.1008
3.5340,0.1004
3.5350,0.1000
3.5360,0.0996
3.5370,0.0991
3.5380,0.0987
3.5390,0.0983
3.5400,0.0979
3.5410,0.0975
3.5420,0.0971
3.5430,0.0967
3.5440,0.0963
3.5450,0.0959
3.5460,0.0955
3.5470,0.0951
3.5480,0.0947
3.5490,0.0943
3.5500,0.0939
3.5510,0.0935
3.5520,0.0931
3.5530,0.0927
3.5540,0.0923
3.5550,0.0919
3.5560,0.0915
3.5570,0.0911
3.5580,0.0907
3.5590,0.0903
3.5600,0.0899
3.5610,0.0895
3.5620,0.0891
3.5630,0.0887
3.5640,0.0884
3.5650,0.0880
3.5660,0.0876
3.5670,0.0872
3.5680,0.0868
3.5690,0.0864
3.5700,0.0860
3.5710,0.0857
3.5720,0.0853
3.5730,0.0849
3.5740,0.0845
3.5750,0.0841
3.5760,0.0837
3.5770,0.0834
3.5780,0.0830
3.5790,0.0826
3.5800,0.0822
3.5810,0.0819
3.5820,0.0815
3.5830,0.0811
3.5840,0.0807
3.5850,0.0804
3.5860,0.0800
3.5870,0.0796
3.5880,0.0793
3.5890,0.0789
3.5900,0.0785
3.5910,0.0781
3.5920,0.0778
3.5930,0.0774
3.5940,0.0770
3.5950,0.0767
3.5960,0.0763
3.5970,0.0760
3.5980,0.0756
3.5990,0.0752
3.6000,0.0749
3.6010,0.0745
3.6020,0.0741
3.6030,0.0738
3.6040,0.0734
3.6050,0.0731
3.6060,0.0727
3.6070,0.0724
3.6080,0.0720
3.6090,0.0717
3.6100,0.0713
3.6110,0.0709
3.6120,0.0706
3.6130,0.0702
3.6140,0.0699
3.6150,0.0695
3.6160,0.0692
3.6170,0.0689
3.6180,0.0685
3.6190,0.0682
3.6200,0.0678
3.6210,0.0675
3.6220,0.0671
3.6230,0.0668
3.6240,0.0664
3.6250,0.0661
3.6260,0.0658
3.6270,0.0654
3.6280,0.0651
3.6290,0.0648
3.6300,0.0644
3.6310,0.0641
3.6320,0.0637
3.6330,0.0634
3.6340,0.0631
3.6350,0.0627
3.6360,0.0624
3.6370,0.0621
3.6380,0.0617
3.6390,0.0614
3.6400,0.0611
3.6410,0.0608
3.6420,0.0604
3.6430,0.0601
3.6440,0.0598
3.6450,0.0595
3.6460,0.0591
3.6470,0.0588
3.6480,0.0585
3.6490,0.0582
3.6500,0.0579
3.6510,0.0575
3.6520,0.0572
3.6530,0.0569
3.6540,0.0566
3.6550,0.0563
3.6560,0.0559
3.6570,0.0556
3.6580,0.0553
3.6590,0.0550
3.6600,0.0547
3.6610,0.0544
3.6620,0.0541
3.6630,0.0538
3.6640,0.0535
3.6650,0.0531
3.6660,0.0528
3.6670,0.0525
3.6680,0.0522
3.6690,0.0519
3.6700,0.0516
3.6710,0.0513
3.6720,0.0510
3.6730,0.0507
3.6740,0.0504
3.6750,0.0501
3.6760,0.0498
3.6770,0.0495
3.6780,0.0492
3.6790,0.0489
3.6800,0.0486
3.6810,0.0483
3.6820,0.0480
3.6830,0.0477
3.6840,0.0475
3.6850,0.0472
3.6860,0.0469
3.6870,0.0466
3.6880,0.0463
3.6890,0.0460
3.6900,0.0457
3.6910,0.0454
3.6920,0.0452
3.6930,0.0449
3.6940,0.0446
3.6950,0.0443
3.6960,0.0440
3.6970,0.0437
3.6980,0.0435
3.6990,0.0432
3.7000,0.0429
3.7010,0.0426
3.7020,0.0423
3.7030,0.0421
3.7040,0.0418
3.7050,0.0415
3.7060,0.0412
3.7070,0.0410
3.7080,0.0407
3.7090,0.0404
3.7100,0.0402
3.7110,0.0399
3.7120,0.0396
3.7130,0.0394
3.7140,0.0391
3.7150,0.0388
3.7160,0.0386
3.7170,0.0383
3.7180,0.0380
3.7190,0.0378
3.7200,0.0375
3.7210,0.0373
3.7220,0.0370
3.7230,0.0367
3.7240,0.0365
3.7250,0.0362
3.7260,0.0360
3.7270,0.0357
3.7280,0.0355
3.7290,0.0352
3.7300,0.0349
3.7310,0.0347
3.7320,0.0344
3.7330,0.0342
3.7340,0.0339
3.7350,0.0337
3.7360,0.0334
3.7370,0.0332
3.7380,0.0330
3.7390,0.0327
3.7400,0.0325
3.7410,0.0322
3.7420,0.0320
3.7430,0.0317
3.7440,0.0315
3.7450,0.0313
3.7460,0.0310
3.7470,0.0308
3.7480,0.0305
3.7490,0.0303
3.7500,0.0301
3.7510,0.0298
3.7520,0.0296
3.7530,0.0294
3.7540,0.0291
3.7550,0.0289
3.7560,0.0287
3.7570,0.0285
3.7580,0.0282
3.7590,0.0280
3.7600,0.0278
3.7610,0.0275
3.7620,0.0273
3.7630,0.0271
3.7640,0.0269
3.7650,0.0266
3.7660,0.0264
3.7670,0.0262
3.7680,0.0260
3.7690,0.0258
3.7700,0.0256
3.7710,0.0253
3.7720,0.0251
3.7730,0.0249
3.7740,0.0247
3.7750,0.0245
3.7760,0.0243
3.7770,0.0241
3.7780,0.0238
3.7790,0.0236
3.7800,0.0234
3.7810,0.0232
3.7820,0.0230
3.7830,0.0228
3.7840,0.0226
3.7850,0.0224
3.7860,0.0222
3.7870,0.0220
3.7880,0.0218
3.7890,0.0216
3.7900,0.0214
3.7910,0.0212
3.7920,0.0210
3.7930,0.0208
3.7940,0.0206
3.7950,0.0204
3.7960,0.0202
3.7970,0.0200
3.7980,0.0198
3.7990,0.0196
3.8000,0.0194
3.8010,0.0192
3.8020,0.0191
3.8030,0.0189
3.8040,0.0187
3.8050,0.0185
3.8060,0.0183
3.8070,0.0181
3.8080,0.0179
3.8090,0.0178
3.8100,0.0176
3.8110,0.0174
3.8120,0.0172
3.8130,0.0170
3.8140,0.0169
3.8150,0.0167
3.8160,0.0165
3.8170,0.0163
3.8180,0.0162
3.8190,0.0160
3.8200,0.0158
3.8210,0.0156
3.8220,0.0155
3.8230,0.0153
3.8240,0.0151
3.8250,0.0150
3.8260,0.0148
3.8270,0.0146
3.8280,0.0145
3.8290,0.0143
3.8300,0.0141
3.8310,0.0140
3.8320,0.0138
3.8330,0.0136
3.8340,0.0135
3.8350,0.0133
3.8360,0.0132
3.8370,0.0130
3.8380,0.0128
3.8390,0.0127
3.8400,0.0125
3.8410,0.0124
3.8420,0.0122
3.8430,0.0121
3.8440,0.0119
3.8450,0.0118
3.8460,0.0116
3.8470,0.0115
3.8480,0.0113
3.8490,0.0112
3.8500,0.0110
3.8510,0.0109
3.8520,0.0108
3.8530,0.0106
3.8540,0.0105
3.8550,0.0103
3.8560,0.0102
3.8570,0.0101
3.8580,0.0099
3.8590,0.0098
3.8600,0.0096
3.8610,0.0095
3.8620,0.0094
3.8630,0.0092
3.8640,0.0091
3.8650,0.0090
3.8660,0.0088
3.8670,0.0087
3.8680,0.0086
3.8690,0.0085
3.8700,0.0083
3.8710,0.0082
3.8720,0.0081
3.8730,0.0080
3.8740,0.0078
3.8750,0.0077
3.8760,0.0076
3.8770,0.0075
3.8780,0.0074
3.8790,0.0072
3.8800,0.0071
3.8810,0.0070
3.8820,0.0069
3.8830,0.0068
3.8840,0.0067
3.8850,0.0065
3.8860,0.0064
3.8870,0.0063
3.8880,0.0062
3.8890,0.0061
3.8900,0.0060
3.8910,0.0059
3.8920,0.0058
3.8930,0.0057
3.8940,0.0056
3.8950,0.0055
3.8960,0.0054
3.8970,0.0053
3.8980,0.0052
3.8990,0.0051
3.9000,0.0050
3.9010,0.0049
3.9020,0.0048
3.9030,0.0047
3.9040,0.0046
3.9050,0.0045
3.9060,0.0044
3.9070,0.0043
3.9080,0.0042
3.9090,0.0041
3.9100,0.0040
3.9110,0.0039
3.9120,0.0039
3.9130,0.0038
3.9140,0.0037
3.9150,0.0036
3.9160,0.0035
3.9170,0.0034
3.9180,0.0034
3.9190,0.0033
3.9200,0.0032
3.9210,0.0031
3.9220,0.0030
3.9230,0.0030
3.9240,0.0029
3.9250,0.0028
3.9260,0.0027
3.9270,0.0027
3.9280,0.0026
3.9290,0.0025
3.9300,0.0025
3.9310,0.0024
3.9320,0.0023
3.9330,0.0023
3.9340,0.0022
3.9350,0.0021
3.9360,0.0021
3.9370,0.0020
3.9380,0.0019
3.9390,0.0019
3.9400,0.0018
3.9410,0.0018
3.9420,0.0017
3.9430,0.0016
3.9440,0.0016
3.9450,0.0015
3.9460,0.0015
3.9470,0.0014
3.9480,0.0014
3.9490,0.0013
3.9500,0.0013
3.9510,0.0012
3.9520,0.0012
3.9530,0.0011
3.9540,0.0011
3.9550,0.0010
3.9560,0.0010
3.9570,0.0009
3.9580,0.0009
3.9590,0.0009
3.9600,0.0008
3.9610,0.0008
3.9620,0.0007
3.9630,0.0007
3.9640,0.0007
3.9650,0.0006
3.9660,0.0006
3.9670,0.0006
3.9680,0.0005
3.9690,0.0005
3.9700,0.0005
3.9710,0.0004
3.9720,0.0004
3.9730,0.0004
3.9740,0.0003
3.9750,0.0003
3.9760,0.0003
3.9770,0.0003
3.9780,0.0003
3.9790,0.0002
3.9800,0.0002
3.9810,0.0002
3.9820,0.0002
3.9830,0.0002
3.9840,0.0001
3.9850,0.0001
3.9860,0.0001
3.9870,0.0001
3.9880,0.0001
3.9890,0.0001
3.9900,0.0001
3.9910,0.0000
3.9920,0.0000
3.9930,0.0000
3.9940,0.0000
3.9950,0.0000
3.9960,0.0000
3.9970,0.0000
3.9980,0.0000
3.9990,0.0000
4.0000,0.0000
4.0010,0.0000
4.0020,0.0000
4.0030,0.0000
4.0040,0.0000
4.0050,0.0000
4.0060,0.0000
4.0070,0.0000
4.0080,0.0000
4.0090,0.0000
4.0100,0.0000
4.0110,0.0000
4.0120,0.0000
4.0130,0.0000
4.0140,0.0000
4.0150,0.0000
4.0160,0.0000
4.0170,0.0000
4.0180,0.0000
4.0190,0.0000
4.0200,0.0000
4.0210,0.0000
4.0220,0.0000
4.0230,0.0000
4.0240,0.0000
4.0250,0.0000
4.0260,0.0000
4.0270,0.0000
4.0280,0.0000
4.0290,0.0000
4.0300,0.0000
4.0310,0.0000
4.0320,0.0000
4.0330,0.0000
4.0340,0.0000
4.0350,0.0000
4.0360,0.0000
4.0370,0.0000
4.0380,0.0000
4.0390,0.0000
4.0400,0.0000
4.0410,0.0000
4.0420,0.0000
4.0430,0.0000
4.0440,0.0000
4.0450,0.0000
4.0460,0.0000
4.0470,0.0000
4.0480,0.0000
4.0490,0.0000
4.0500,0.0000
4.0510,0.0000
4.0520,0.0000
4.0530,0.0000
4.0540,0.0000
4.0550,0.0000
4.0560,0.0000
4.0570,0.0000
4.0580,0.0000
4.0590,0.0000
4.0600,0.0000
4.0610,0.0000
4.0620,0.0000
4.0630,0.0000
4.0640,0.0000
4.0650,0.0000
4.0660,0.0000
4.0670,0.0000
4.0680,0.0000
4.0690,0.0000
4.0700,0.0000
4.0710,0.0000
4.0720,0.0000
4.0730,0.0000
4.0740,0.0000
4.0750,0.0000
4.0760,0.0000
4.0770,0.0000
4.0780,0.0000
4.0790,0.0000
4.0800,0.0000
4.0810,0.0000
4.0820,0.0000
4.0830,0.0000
4.0840,0.0000
4.0850,0.0000
4.0860,0.0000
4.0870,0.0000
4.0880,0.0000
4.0890,0.0000
4.0900,0.0000
4.0910,0.0000
4.0920,0.0000
4.0930,0.0000
4.0940,0.0000
4.0950,0.0000
4.0960,0.0000
4.0970,0.0000
4.0980,0.0000
4.0990,0.0000
4.1000,0.0000
4.1010,0.0000
4.1020,0.0000
4.1030,0.0000
4.1040,0.0000
4.1050,0.0000
4.1060,0.0000
4.1070,0.0000
4.1080,0.0000
4.1090,0.0000
4.1100,0.0000
4.1110,0.0000
4.1120,0.0000
4.1130,0.0000
4.1140,0.0000
4.1150,0.0000
4.1160,0.0000
4.1170,0.0000
4.1180,0.0000
4.1190,0.0000
4.1200,0.0000
4.1210,0.0000
4.1220,0.0000
4.1230,0.0000
4.1240,0.0000
4.1250,0.0000
4.1260,0.0000
4.1270,0.0000
4.1280,0.0000
4.1290,0.0000
4.1300,0.0000
4.1310,0.0000
4.1320,0.0000
4.1330,0.0000
4.1340,0.0000
4.1350,0.0000
4.1360,0.0000
4.1370,0.0000
4.1380,0.0000
4.1390,0.0000
4.1400,0.0000
4.1410,0.0000
4.1420,0.0000
4.1430,0.0000
4.1440,0.0000
4.1450,0.0000
4.1460,0.0000
4.1470,0.0000
4.1480,0.0000
4.1490,0.0000
4.1500,0.0000
4.1510,0.0000
4.1520,0.0000
4.1530,0.0000
4.1540,0.0000
4.1550,0.0000
4.1560,0.0000
4.1570,0.0000
4.1580,0.0000
4.1590,0.0000
4.1600,0.0000
4.1610,0.0000
4.1620,0.0000
4.1630,0.0000
4.1640,0.0000
4.1650,0.0000
4.1660,0.0000
4.1670,0.0000
4.1680,0.0000
4.1690,0.0000
4.1700,0.0000
4.1710,0.0000
4.1720,0.0000
4.1730,0.0000
4.1740,0.0000
4.1750,0.0000
4.1760,0.0000
4.1770,0.0000
4.1780,0.0000
4.1790,0.0000
4.1800,0.0000
4.1810,0.0000
4.1820,0.0000
4.1830,0.0000
4.1840,0.0000
4.1850,0.0000
4.1860,0.0000
4.1870,0.0000
4.1880,0.0000
4.1890,0.0000
4.1900,0.0000
4.1910,0.0000
4.1920,0.0000
4.1930,0.0000
4.1940,0.0000
4.1950,0.0000
4.1960,0.0000
4.1970,0.0000
4.1980,0.0000
4.1990,0.0000
4.2000,0.0000
4.2010,0.0000
4.2020,0.0000
4.2030,0.0000
4.2040,0.0000
4.2050,0.0000
4.2060,0.0000
4.2070,0.0000
4.2080,0.0000
4.2090,0.0000
4.2100,0.0000
4.2110,0.0000
4.2120,0.0000
4.2130,0.0000
4.2140,0.0000
4.2150,0.0000
4.2160,0.0000
4.2170,0.0000
4.2180,0.0000
4.2190,0.0000
4.2200,0.0000
4.2210,0.0000
4.2220,0.0000
4.2230,0.0000
4.2240,0.0000
4.2250,0.0000
4.2260,0.0000
4.2270,0.0000
4.2280,0.0000
4.2290,0.0000
4.2300,0.0000
4.2310,0.0000
4.2320,0.0000
4.2330,0.0000
4.2340,0.0000
4.2350,0.0000
4.2360,0.0000
4.2370,0.0000
4.2380,0.0000
4.2390,0.0000
4.2400,0.0000
4.2410,0.0000
4.2420,0.0000
4.2430,0.0000
4.2440,0.0000
4.2450,0.0000
4.2460,0.0000
4.2470,0.0000
4.2480,0.0000
4.2490,0.0000
4.2500,0.0000
4.2510,0.0000
4.2520,0.0000
4.2530,0.0000
4.2540,0.0000
4.2550,0.0000
4.2560,0.0000
4.2570,0.0000
4.2580,0.0000
4.2590,0.0000
4.2600,0.0000
4.2610,0.0000
4.2620,0.0000
4.2630,0.0000
4.2640,0.0000
4.2650,0.0000
4.2660,0.0000
4.2670,0.0000
4.2680,0.0000
4.2690,0.0000
4.2700,0.0000
4.2710,0.0000
4.2720,0.0000
4.2730,0.0000
4.2740,0.0000
4.2750,0.0000
4.2760,0.0000
4.2770,0.0000
4.2780,0.0000
4.2790,0.0000
4.2800,0.0000
4.2810,0.0000
4.2820,0.0000
4.2830,0.0000
4.2840,0.0000
4.2850,0.0000
4.2860,0.0000
4.2870,0.0000
4.2880,0.0000
4.2890,0.0000
4.2900,0.0000
4.2910,0.0000
4.2920,0.0000
4.2930,0.0000
4.2940,0.0000
4.2950,0.0000
4.2960,0.0000
4.2970,0.0000
4.2980,0.0000
4.2990,0.0000
4.3000,0.0000
4.3010,0.0000
4.3020,0.0000
4.3030,0.0000
4.3040,0.0000
4.3050,0.0000
4.3060,0.0000
4.3070,0.0000
4.3080,0.0000
4.3090,0.0000
4.3100,0.0000
4.3110,0.0000
4.3120,0.0000
4.3130,0.0000
4.3140,0.0000
4.3150,0.0000
4.3160,0.0000
4.3170,0.0000
4.3180,0.0000
4.3190,0.0000
4.3200,0.0000
4.3210,0.0000
4.3220,0.0000
4.3230,0.0000
4.3240,0.0000
4.3250,0.0000
4.3260,0.0000
4.3270,0.0000
4.3280,0.0000
4.3290,0.0000
4.3300,0.0000
4.3310,0.0000
4.3320,0.0000
4.3330,0.0000
4.3340,0.0000
4.3350,0.0000
4.3360,0.0000
4.3370,0.0000
4.3380,0.0000
4.3390,0.0000
4.3400,0.0000
4.3410,0.0000
4.3420,0.0000
4.3430,0.0000
4.3440,0.0000
4.3450,0.0000
4.3460,0.0000
4.3470,0.0000
4.3480,0.0000
4.3490,0.0000
4.3500,0.0000
4.3510,0.0000
4.3520,0.0000
4.3530,0.0000
4.3540,0.0000
4.3550,0.0000
4.3560,0.0000
4.3570,0.0000
4.3580,0.0000
4.3590,0.0000
4.3600,0.0000
4.3610,0.0000
4.3620,0.0000
4.3630,0.0000
4.3640,0.0000
4.3650,0.0000
4.3660,0.0000
4.3670,0.0000
4.3680,0.0000
4.3690,0.0000
4.3700,0.0000
4.3710,0.0000
4.3720,0.0000
4.3730,0.0000
4.3740,0.0000
4.3750,0.0000
4.3760,0.0000
4.3770,0.0000
4.3780,0.0000
4.3790,0.0000
4.3800,0.0000
4.3810,0.0000
4.3820,0.0000
4.3830,0.0000
4.3840,0.0000
4.3850,0.0000
4.3860,0.0000
4.3870,0.0000
4.3880,0.0000
4.3890,0.0000
4.3900,0.0000
4.3910,0.0000
4.3920,0.0000
4.3930,0.0000
4.3940,0.0000
4.3950,0.0000
4.3960,0.0000
4.3970,0.0000
4.3980,0.0000
4.3990,0.0000
4.4000,0.0000
4.4010,0.0000
4.4020,0.0000
4.4030,0.0000
4.4040,0.0000
4.4050,0.0000
4.4060,0.0000
4.4070,0.0000
4.4080,0.0000
4.4090,0.0000
4.4100,0.0000
4.4110,0.0000
4.4120,0.0000
4.4130,0.0000
4.4140,0.0000
4.4150,0.0000
4.4160,0.0000
4.4170,0.0000
4.4180,0.0000
4.4190,0.0000
4.4200,0.0000
4.4210,0.0000
4.4220,0.0000
4.4230,0.0000
4.4240,0.0000
4.4250,0.0000
4.4260,0.0000
4.4270,0.0000
4.4280,0.0000
4.4290,0.0000
4.4300,0.0000
4.4310,0.0000
4.4320,0.0000
4.4330,0.0000
4.4340,0.0000
4.4350,0.0000
4.4360,0.0000
4.4370,0.0000
4.4380,0.0000
4.4390,0.0000
4.4400,0.0000
4.4410,0.0000
4.4420,0.0000
4.4430,0.0000
4.4440,0.0000
4.4450,0.0000
4.4460,0.0000
4.4470,0.0000
4.4480,0.0000
4.4490,0.0000
4.4500,0.0000
4.4510,0.0000
4.4520,0.0000
4.4530,0.0000
4.4540,0.0000
4.4550,0.0000
4.4560,0.0000
4.4570,0.0000
4.4580,0.0000
4.4590,0.0000
4.4600,0.0000
4.4610,0.0000
4.4620,0.0000
4.4630,0.0000
4.4640,0.0000
4.4650,0.0000
4.4660,0.0000
4.4670,0.0000
4.4680,0.0000
4.4690,0.0000
4.4700,0.0000
4.4710,0.0000
4.4720,0.0000
4.4730,0.0000
4.4740,0.0000
4.4750,0.0000
4.4760,0.0000
4.4770,0.0000
4.4780,0.0000
4.4790,0.0000
4.4800,0.0000
4.4810,0.0000
4.4820,0.0000
4.4830,0.0000
4.4840,0.0000
4.4850,0.0000
4.4860,0.0000
4.4870,0.0000
4.4880,0.0000
4.4890,0.0000
4.4900,0.0000
4.4910,0.0000
4.4920,0.0000
4.4930,0.0000
4.4940,0.0000
4.4950,0.0000
4.4960,0.0000
4.4970,0.0000
4.4980,0.0000
4.4990,0.0000
4.5000,0.0000
4.5010,0.0000
4.5020,0.0000
4.5030,0.0000
4.5040,0.0000
4.5050,0.0000
4.5060,0.0000
4.5070,0.0000
4.5080,0.0000
4.5090,0.0000
4.5100,0.0000
4.5110,0.0000
4.5120,0.0000
4.5130,0.0000
4.5140,0.0000
4.5150,0.0000
4.5160,0.0000
4.5170,0.0000
4.5180,0.0000
4.5190,0.0000
4.5200,0.0000
4.5210,0.0000
4.5220,0.0000
4.5230,0.0000
4.5240,0.0000
4.5250,0.0000
4.5260,0.0000
4.5270,0.0000
4.5280,0.0000
4.5290,0.0000
4.5300,0.0000
4.5310,0.0000
4.5320,0.0000
4.5330,0.0000
4.5340,0.0000
4.5350,0.0000
4.5360,0.0000
4.5370,0.0000
4.5380,0.0000
4.5390,0.0000
4.5400,0.0000
4.5410,0.0000
4.5420,0.0000
4.5430,0.0000
4.5440,0.0000
4.5450,0.0000
4.5460,0.0000
4.5470,0.0000
4.5480,0.0000
4.5490,0.0000
4.5500,0.0000
4.5510,0.0000
4.5520,0.0000
4.5530,0.0000
4.5540,0.0000
4.5550,0.0000
4.5560,0.0000
4.5570,0.0000
4.5580,0.0000
4.5590,0.0000
4.5600,0.0000
4.5610,0.0000
4.5620,0.0000
4.5630,0.0000
4.5640,0.0000
4.5650,0.0000
4.5660,0.0000
4.5670,0.0000
4.5680,0.0000
4.5690,0.0000
4.5700,0.0000
4.5710,0.0000
4.5720,0.0000
4.5730,0.0000
4.5740,0.0000
4.5750,0.0000
4.5760,0.0000
4.5770,0.0000
4.5780,0.0000
4.5790,0.0000
4.5800,0.0000
4.5810,0.0000
4.5820,0.0000
4.5830,0.0000
4.5840,0.0000
4.5850,0.0000
4.5860,0.0000
4.5870,0.0000
4.5880,0.0000
4.5890,0.0000
4.5900,0.0000
4.5910,0.0000
4.5920,0.0000
4.5930,0.0000
4.5940,0.0000
4.5950,0.0000
4.5960,0.0000
4.5970,0.0000
4.5980,0.0000
4.5990,0.0000
4.6000,0.0000
4.6010,0.0000
4.6020,0.0000
4.6030,0.0000
4.6040,0.0000
4.6050,0.0000
4.6060,0.0000
4.6070,0.0000
4.6080,0.0000
4.6090,0.0000
4.6100,0.0000
4.6110,0.0000
4.6120,0.0000
4.6130,0.0000
4.6140,0.0000
4.6150,0.0000
4.6160,0.0000
4.6170,0.0000
4.6180,0.0000
4.6190,0.0000
4.6200,0.0000
4.6210,0.0000
4.6220,0.0000
4.6230,0.0000
4.6240,0.0000
4.6250,0.0000
4.6260,0.0000
4.6270,0.0000
4.6280,0.0000
4.6290,0.0000
4.6300,0.0000
4.6310,0.0000
4.6320,0.0000
4.6330,0.0000
4.6340,0.0000
4.6350,0.0000
4.6360,0.0000
4.6370,0.0000
4.6380,0.0000
4.6390,0.0000
4.6400,0.0000
4.6410,0.0000
4.6420,0.0000
4.6430,0.0000
4.6440,0.0000
4.6450,0.0000
4.6460,0.0000
4.6470,0.0000
4.6480,0.0000
4.6490,0.0000
4.6500,0.0000
4.6510,0.0000
4.6520,0.0000
4.6530,0.0000
4.6540,0.0000
4.6550,0.0000
4.6560,0.0000
4.6570,0.0000
4.6580,0.0000
4.6590,0.0000
4.6600,0.0000
4.6610,0.0000
4.6620,0.0000
4.6630,0.0000
4.6640,0.0000
4.6650,0.0000
4.6660,0.0000
4.6670,0.0000
4.6680,0.0000
4.6690,0.0000
4.6700,0.0000
4.6710,0.0000
4.6720,0.0000
4.6730,0.0000
4.6740,0.0000
4.6750,0.0000
4.6760,0.0000
4.6770,0.0000
4.6780,0.0000
4.6790,0.0000
4.6800,0.0000
4.6810,0.0000
4.6820,0.0000
4.6830,0.0000
4.6840,0.0000
4.6850,0.0000
4.6860,0.0000
4.6870,0.0000
4.6880,0.0000
4.6890,0.0000
4.6900,0.0000
4.6910,0.0000
4.6920,0.0000
4.6930,0.0000
4.6940,0.0000
4.6950,0.0000
4.6960,0.0000
4.6970,0.0000
4.6980,0.0000
4.6990,0.0000
4.7000,0.0000
4.7010,0.0000
4.7020,0.0000
4.7030,0.0000
4.7040,0.0000
4.7050,0.0000
4.7060,0.0000
4.7070,0.0000
4.7080,0.0000
4.7090,0.0000
4.7100,0.0000
4.7110,0.0000
4.7120,0.0000
4.7130,0.0000
4.7140,0.0000
4.7150,0.0000
4.7160,0.0000
4.7170,0.0000
4.7180,0.0000
4.7190,0.0000
4.7200,0.0000
4.7210,0.0000
4.7220,0.0000
4.7230,0.0000
4.7240,0.0000
4.7250,0.0000
4.7260,0.0000
4.7270,0.0000
4.7280,0.0000
4.7290,0.0000
4.7300,0.0000
4.7310,0.0000
4.7320,0.0000
4.7330,0.0000
4.7340,0.0000
4.7350,0.0000
4.7360,0.0000
4.7370,0.0000
4.7380,0.0000
4.7390,0.0000
4.7400,0.0000
4.7410,0.0000
4.7420,0.0000
4.7430,0.0000
4.7440,0.0000
4.7450,0.0000
4.7460,0.0000
4.7470,0.0000
4.7480,0.0000
4.7490,0.0000
4.7500,0.0000
4.7510,0.0000
4.7520,0.0000
4.7530,0.0000
4.7540,0.0000
4.7550,0.0000
4.7560,0.0000
4.7570,0.0000
4.7580,0.0000
4.7590,0.0000
4.7600,0.0000
4.7610,0.0000
4.7620,0.0000
4.7630,0.0000
4.7640,0.0000
4.7650,0.0000
4.7660,0.0000
4.7670,0.0000
4.7680,0.0000
4.7690,0.0000
4.7700,0.0000
4.7710,0.0000
4.7720,0.0000
4.7730,0.0000
4.7740,0.0000
4.7750,0.0000
4.7760,0.0000
4.7770,0.0000
4.7780,0.0000
4.7790,0.0000
4.7800,0.0000
4.7810,0.0000
4.7820,0.0000
4.7830,0.0000
4.7840,0.0000
4.7850,0.0000
4.7860,0.0000
4.7870,0.0000
4.7880,0.0000
4.7890,0.0000
4.7900,0.0000
4.7910,0.0000
4.7920,0.0000
4.7930,0.0000
4.7940,0.0000
4.7950,0.0000
4.7960,0.0000
4.7970,0.0000
4.7980,0.0000
4.7990,0.0000
4.8000,0.0000
4.8010,0.0000
4.8020,0.0000
4.8030,0.0000
4.8040,0.0000
4.8050,0.0000
4.8060,0.0000
4.8070,0.0000
4.8080,0.0000
4.8090,0.0000
4.8100,0.0000
4.8110,0.0000
4.8120,0.0000
4.8130,0.0000
4.8140,0.0000
4.8150,0.0000
4.8160,0.0000
4.8170,0.0000
4.8180,0.0000
4.8190,0.0000
4.8200,0.0000
4.8210,0.0000
4.8220,0.0000
4.8230,0.0000
4.8240,0.0000
4.8250,0.0000
4.8260,0.0000
4.8270,0.0000
4.8280,0.0000
4.8290,0.0000
4.8300,0.0000
4.8310,0.0000
4.8320,0.0000
4.8330,0.0000
4.8340,0.0000
4.8350,0.0000
4.8360,0.0000
4.8370,0.0000
4.8380,0.0000
4.8390,0.0000
4.8400,0.0000
4.8410,0.0000
4.8420,0.0000
4.8430,0.0000
4.8440,0.0000
4.8450,0.0000
4.8460,0.0000
4.8470,0.0000
4.8480,0.0000
4.8490,0.0000
4.8500,0.0000
4.8510,0.0000
4.8520,0.0000
4.8530,0.0000
4.8540,0.0000
4.8550,0.0000
4.8560,0.0000
4.8570,0.0000
4.8580,0.0000
4.8590,0.0000
4.8600,0.0000
4.8610,0.0000
4.8620,0.0000
4.8630,0.0000
4.8640,0.0000
4.8650,0.0000
4.8660,0.0000
4.8670,0.0000
4.8680,0.0000
4.8690,0.0000
4.8700,0.0000
4.8710,0.0000
4.8720,0.0000
4.8730,0.0000
4.8740,0.0000
4.8750,0.0000
4.8760,0.0000
4.8770,0.0000
4.8780,0.0000
4.8790,0.0000
4.8800,0.0000
4.8810,0.0000
4.8820,0.0000
4.8830,0.0000
4.8840,0.0000
4.8850,0.0000
4.8860,0.0000
4.8870,0.0000
4.8880,0.0000
4.8890,0.0000
4.8900,0.0000
4.8910,0.0000
4.8920,0.0000
4.8930,0.0000
4.8940,0.0000
4.8950,0.0000
4.8960,0.0000
4.8970,0.0000
4.8980,0.0000
4.8990,0.0000
4.9000,0.0000
4.9010,0.0000
4.9020,0.0000
4.9030,0.0000
4.9040,0.0000
4.9050,0.0000
4.9060,0.0000
4.9070,0.0000
4.9080,0.0000
4.9090,0.0000
4.9100,0.0000
4.9110,0.0000
4.9120,0.0000
4.9130,0.0000
4.9140,0.0000
4.9150,0.0000
4.9160,0.0000
4.9170,0.0000
4.9180,0.0000
4.9190,0.0000
4.9200,0.0000
4.9210,0.0000
4.9220,0.0000
4.9230,0.0000
4.9240,0.0000
4.9250,0.0000
4.9260,0.0000
4.9270,0.0000
4.9280,0.0000
4.9290,0.0000
4.9300,0.0000
4.9310,0.0000
4.9320,0.0000
4.9330,0.0000
4.9340,0.0000
4.9350,0.0000
4.9360,0.0000
4.9370,0.0000
4.9380,0.0000
4.9390,0.0000
4.9400,0.0000
4.9410,0.0000
4.9420,0.0000
4.9430,0.0000
4.9440,0.0000
4.9450,0.0000
4.9460,0.0000
4.9470,0.0000
4.9480,0.0000
4.9490,0.0000
4.9500,0.0000
4.9510,0.0000
4.9520,0.0000
4.9530,0.0000
4.9540,0.0000
4.9550,0.0000
4.9560,0.0000
4.9570,0.0000
4.9580,0.0000
4.9590,0.0000
4.9600,0.0000
4.9610,0.0000
4.9620,0.0000
4.9630,0.0000
4.9640,0.0000
4.9650,0.0000
4.9660,0.0000
4.9670,0.0000
4.9680,0.0000
4.9690,0.0000
4.9700,0.0000
4.9710,0.0000
4.9720,0.0000
4.9730,0.0000
4.9740,0.0000
4.9750,0.0000
4.9760,0.0000
4.9770,0.0000
4.9780,0.0000
4.9790,0.0000
4.9800,0.0000
4.9810,0.0000
4.9820,0.0000
4.9830,0.0000
4.9840,0.0000
4.9850,0.0000
4.9860,0.0000
4.9870,0.0000
4.9880,0.0000
4.9890,0.0000
4.9900,0.0000
4.9910,0.0000
4.9920,0.0000
4.9930,0.0000
4.9940,0.0000
4.9950,0.0000
4.9960,0.0000
4.9970,0.0000
4.9980,0.0000
4.9990,0.0000
