0.000000, 0.000000
0.000010, 0.004995
0.000020, 0.009985
0.000030, 0.014970
0.000040, 0.019950
0.000050, 0.024925
0.000060, 0.029895
0.000070, 0.034860
0.000080, 0.039821
0.000090, 0.044776
0.000100, 0.049726
0.000110, 0.054671
0.000120, 0.059612
0.000130, 0.064547
0.000140, 0.069478
0.000150, 0.074403
0.000160, 0.079324
0.000170, 0.084240
0.000180, 0.089151
0.000190, 0.094057
0.000200, 0.098958
0.000210, 0.103854
0.000220, 0.108745
0.000230, 0.113631
0.000240, 0.118513
0.000250, 0.123390
0.000260, 0.128261
0.000270, 0.133128
0.000280, 0.137990
0.000290, 0.142847
0.000300, 0.147700
0.000310, 0.152547
0.000320, 0.157390
0.000330, 0.162227
0.000340, 0.167060
0.000350, 0.171888
0.000360, 0.176712
0.000370, 0.181530
0.000380, 0.186344
0.000390, 0.191153
0.000400, 0.195957
0.000410, 0.200756
0.000420, 0.205550
0.000430, 0.210340
0.000440, 0.215125
0.000450, 0.219905
0.000460, 0.224680
0.000470, 0.229451
0.000480, 0.234217
0.000490, 0.238978
0.000500, 0.243734
0.000510, 0.248486
0.000520, 0.253232
0.000530, 0.257974
0.000540, 0.262712
0.000550, 0.267444
0.000560, 0.272172
0.000570, 0.276895
0.000580, 0.281614
0.000590, 0.286327
0.000600, 0.291036
0.000610, 0.295740
0.000620, 0.300440
0.000630, 0.305135
0.000640, 0.309825
0.000650, 0.314511
0.000660, 0.319191
0.000670, 0.323867
0.000680, 0.328539
0.000690, 0.333206
0.000700, 0.337868
0.000710, 0.342525
0.000720, 0.347178
0.000730, 0.351826
0.000740, 0.356470
0.000750, 0.361109
0.000760, 0.365743
0.000770, 0.370373
0.000780, 0.374998
0.000790, 0.379618
0.000800, 0.384234
0.000810, 0.388845
0.000820, 0.393452
0.000830, 0.398053
0.000840, 0.402651
0.000850, 0.407244
0.000860, 0.411832
0.000870, 0.416415
0.000880, 0.420994
0.000890, 0.425569
0.000900, 0.430139
0.000910, 0.434704
0.000920, 0.439265
0.000930, 0.443821
0.000940, 0.448372
0.000950, 0.452920
0.000960, 0.457462
0.000970, 0.462000
0.000980, 0.466534
0.000990, 0.471062
0.001000, 0.475587
0.001010, 0.480107
0.001020, 0.484622
0.001030, 0.489133
0.001040, 0.493639
0.001050, 0.498141
0.001060, 0.502639
0.001070, 0.507131
0.001080, 0.511620
0.001090, 0.516104
0.001100, 0.520583
0.001110, 0.525058
0.001120, 0.529529
0.001130, 0.533995
0.001140, 0.538456
0.001150, 0.542913
0.001160, 0.547366
0.001170, 0.551814
0.001180, 0.556258
0.001190, 0.560697
0.001200, 0.565132
0.001210, 0.569562
0.001220, 0.573988
0.001230, 0.578410
0.001240, 0.582827
0.001250, 0.587240
0.001260, 0.591648
0.001270, 0.596052
0.001280, 0.600452
0.001290, 0.604847
0.001300, 0.609238
0.001310, 0.613624
0.001320, 0.618006
0.001330, 0.622384
0.001340, 0.626757
0.001350, 0.631126
0.001360, 0.635490
0.001370, 0.639850
0.001380, 0.644206
0.001390, 0.648558
0.001400, 0.652905
0.001410, 0.657247
0.001420, 0.661586
0.001430, 0.665920
0.001440, 0.670250
0.001450, 0.674575
0.001460, 0.678896
0.001470, 0.683213
0.001480, 0.687526
0.001490, 0.691834
0.001500, 0.696138
0.001510, 0.700437
0.001520, 0.704732
0.001530, 0.709023
0.001540, 0.713310
0.001550, 0.717593
0.001560, 0.721871
0.001570, 0.726145
0.001580, 0.730414
0.001590, 0.734679
0.001600, 0.738941
0.001610, 0.743197
0.001620, 0.747450
0.001630, 0.751698
0.001640, 0.755942
0.001650, 0.760182
0.001660, 0.764418
0.001670, 0.768649
0.001680, 0.772876
0.001690, 0.777099
0.001700, 0.781318
0.001710, 0.785532
0.001720, 0.789742
0.001730, 0.793948
0.001740, 0.798150
0.001750, 0.802348
0.001760, 0.806541
0.001770, 0.810731
0.001780, 0.814916
0.001790, 0.819097
0.001800, 0.823273
0.001810, 0.827446
0.001820, 0.831614
0.001830, 0.835779
0.001840, 0.839939
0.001850, 0.844095
0.001860, 0.848246
0.001870, 0.852394
0.001880, 0.856537
0.001890, 0.860677
0.001900, 0.864812
0.001910, 0.868943
0.001920, 0.873070
0.001930, 0.877193
0.001940, 0.881311
0.001950, 0.885426
0.001960, 0.893643
0.001970, 0.897745
0.001980, 0.901843
0.001990, 0.905937
0.002000, 0.910027
0.002010, 0.914113
0.002020, 0.918195
0.002030, 0.922273
0.002040, 0.926346
0.002050, 0.930416
0.002060, 0.934481
0.002070, 0.938543
0.002080, 0.942600
0.002090, 0.946653
0.002100, 0.950703
0.002110, 0.954748
0.002120, 0.958789
0.002130, 0.962826
0.002140, 0.966860
0.002150, 0.970889
0.002160, 0.974914
0.002170, 0.978935
0.002180, 0.982952
0.002190, 0.986965
0.002200, 0.990974
0.002210, 0.994979
0.002220, 0.998980
0.002230, 1.002977
0.002240, 1.006970
0.002250, 1.010959
0.002260, 1.014944
0.002270, 1.018925
0.002280, 1.022902
0.002290, 1.026875
0.002300, 1.030845
0.002310, 1.034810
0.002320, 1.038771
0.002330, 1.042728
0.002340, 1.046682
0.002350, 1.050631
0.002360, 1.054576
0.002370, 1.058518
0.002380, 1.062456
0.002390, 1.066389
0.002400, 1.070319
0.002410, 1.074245
0.002420, 1.078167
0.002430, 1.082085
0.002440, 1.085999
0.002450, 1.089909
0.002460, 1.093815
0.002470, 1.097717
0.002480, 1.101615
0.002490, 1.105510
0.002500, 1.109401
0.002510, 1.113287
0.002520, 1.117170
0.002530, 1.121049
0.002540, 1.124924
0.002550, 1.128795
0.002560, 1.132663
0.002570, 1.136526
0.002580, 1.140386
0.002590, 1.144241
0.002600, 1.148093
0.002610, 1.151941
0.002620, 1.155786
0.002630, 1.159626
0.002640, 1.163463
0.002650, 1.167295
0.002660, 1.171124
0.002670, 1.174949
0.002680, 1.178770
0.002690, 1.182588
0.002700, 1.186401
0.002710, 1.190211
0.002720, 1.194017
0.002730, 1.197819
0.002740, 1.201618
0.002750, 1.205412
0.002760, 1.209203
0.002770, 1.212990
0.002780, 1.216774
0.002790, 1.220553
0.002800, 1.224329
0.002810, 1.228101
0.002820, 1.231869
0.002830, 1.235633
0.002840, 1.239394
0.002850, 1.243150
0.002860, 1.246904
0.002870, 1.250653
0.002880, 1.254398
0.002890, 1.258140
0.002900, 1.261878
0.002910, 1.265613
0.002920, 1.269343
0.002930, 1.273070
0.002940, 1.276794
0.002950, 1.280513
0.002960, 1.284229
0.002970, 1.287941
0.002980, 1.291649
0.002990, 1.295354
0.003000, 1.299055
0.003010, 1.302752
0.003020, 1.306446
0.003030, 1.310136
0.003040, 1.313822
0.003050, 1.317504
0.003060, 1.321183
0.003070, 1.324858
0.003080, 1.328530
0.003090, 1.332198
0.003100, 1.335862
0.003110, 1.339522
0.003120, 1.343179
0.003130, 1.346832
0.003140, 1.350482
0.003150, 1.354128
0.003160, 1.357770
0.003170, 1.361408
0.003180, 1.365043
0.003190, 1.368675
0.003200, 1.372302
0.003210, 1.375926
0.003220, 1.379547
0.003230, 1.383164
0.003240, 1.386777
0.003250, 1.390387
0.003260, 1.393993
0.003270, 1.397595
0.003280, 1.401194
0.003290, 1.404789
0.003300, 1.408381
0.003310, 1.411969
0.003320, 1.415553
0.003330, 1.419134
0.003340, 1.422711
0.003350, 1.426285
0.003360, 1.429855
0.003370, 1.433422
0.003380, 1.436985
0.003390, 1.440544
0.003400, 1.444100
0.003410, 1.447653
0.003420, 1.451201
0.003430, 1.454747
0.003440, 1.458288
0.003450, 1.461826
0.003460, 1.465361
0.003470, 1.468892
0.003480, 1.472420
0.003490, 1.475944
0.003500, 1.479464
0.003510, 1.482981
0.003520, 1.486495
0.003530, 1.490005
0.003540, 1.493511
0.003550, 1.497014
0.003560, 1.500514
0.003570, 1.504010
0.003580, 1.507502
0.003590, 1.510991
0.003600, 1.514477
0.003610, 1.517959
0.003620, 1.521437
0.003630, 1.524912
0.003640, 1.528384
0.003650, 1.531852
0.003660, 1.535317
0.003670, 1.538778
0.003680, 1.542236
0.003690, 1.545690
0.003700, 1.549141
0.003710, 1.552588
0.003720, 1.556032
0.003730, 1.559473
0.003740, 1.562910
0.003750, 1.566344
0.003760, 1.569774
0.003770, 1.573201
0.003780, 1.576624
0.003790, 1.580044
0.003800, 1.583461
0.003810, 1.586874
0.003820, 1.590283
0.003830, 1.593690
0.003840, 1.597093
0.003850, 1.600492
0.003860, 1.603888
0.003870, 1.607281
0.003880, 1.610670
0.003890, 1.614056
0.003900, 1.617439
0.003910, 1.620818
0.003920, 1.624194
0.003930, 1.627566
0.003940, 1.630935
0.003950, 1.634301
0.003960, 1.637663
0.003970, 1.641022
0.003980, 1.644378
0.003990, 1.647730
0.004000, 1.651079
0.004010, 1.654425
0.004020, 1.657767
0.004030, 1.661106
0.004040, 1.664442
0.004050, 1.667774
0.004060, 1.671103
0.004070, 1.674428
0.004080, 1.677751
0.004090, 1.681069
0.004100, 1.684385
0.004110, 1.687697
0.004120, 1.691006
0.004130, 1.694312
0.004140, 1.697614
0.004150, 1.700914
0.004160, 1.704209
0.004170, 1.707502
0.004180, 1.710791
0.004190, 1.714077
0.004200, 1.717360
0.004210, 1.720639
0.004220, 1.723915
0.004230, 1.727188
0.004240, 1.730457
0.004250, 1.733724
0.004260, 1.736987
0.004270, 1.740246
0.004280, 1.743503
0.004290, 1.746756
0.004300, 1.750006
0.004310, 1.753253
0.004320, 1.756496
0.004330, 1.759737
0.004340, 1.762974
0.004350, 1.766207
0.004360, 1.769438
0.004370, 1.772665
0.004380, 1.775889
0.004390, 1.779110
0.004400, 1.782328
0.004410, 1.785542
0.004420, 1.788754
0.004430, 1.791962
0.004440, 1.795167
0.004450, 1.798368
0.004460, 1.801567
0.004470, 1.804762
0.004480, 1.807954
0.004490, 1.811143
0.004500, 1.814328
0.004510, 1.817511
0.004520, 1.820690
0.004530, 1.823866
0.004540, 1.827039
0.004550, 1.830209
0.004560, 1.833376
0.004570, 1.836539
0.004580, 1.839700
0.004590, 1.842857
0.004600, 1.846011
0.004610, 1.849162
0.004620, 1.852309
0.004630, 1.855454
0.004640, 1.858595
0.004650, 1.861734
0.004660, 1.864869
0.004670, 1.868001
0.004680, 1.871130
0.004690, 1.874255
0.004700, 1.877378
0.004710, 1.880497
0.004720, 1.883614
0.004730, 1.886727
0.004740, 1.889837
0.004750, 1.892944
0.004760, 1.896048
0.004770, 1.899149
0.004780, 1.902247
0.004790, 1.905342
0.004800, 1.908433
0.004810, 1.911522
0.004820, 1.914607
0.004830, 1.917689
0.004840, 1.920768
0.004850, 1.923845
0.004860, 1.926918
0.004870, 1.929988
0.004880, 1.933055
0.004890, 1.936118
0.004900, 1.939179
0.004910, 1.942237
0.004920, 1.945292
0.004930, 1.948343
0.004940, 1.951392
0.004950, 1.954438
0.004960, 1.957480
0.004970, 1.960520
0.004980, 1.963556
0.004990, 1.966590
0.005000, 1.969620
0.005010, 1.972647
0.005020, 1.975672
0.005030, 1.978693
0.005040, 1.981711
0.005050, 1.984727
0.005060, 1.987739
0.005070, 1.990748
0.005080, 1.993754
0.005090, 1.996758
0.005100, 1.999758
0.005110, 2.002755
0.005120, 2.005749
0.005130, 2.008740
0.005140, 2.011729
0.005150, 2.014714
0.005160, 2.017696
0.005170, 2.020676
0.005180, 2.023652
0.005190, 2.026625
0.005200, 2.029596
0.005210, 2.032563
0.005220, 2.035528
0.005230, 2.038489
0.005240, 2.041448
0.005250, 2.044403
0.005260, 2.047356
0.005270, 2.050306
0.005280, 2.053252
0.005290, 2.056196
0.005300, 2.059137
0.005310, 2.062075
0.005320, 2.065010
0.005330, 2.067942
0.005340, 2.070871
0.005350, 2.073797
0.005360, 2.076721
0.005370, 2.079641
0.005380, 2.082559
0.005390, 2.085473
0.005400, 2.088385
0.005410, 2.091293
0.005420, 2.094199
0.005430, 2.097102
0.005440, 2.100002
0.005450, 2.102899
0.005460, 2.105793
0.005470, 2.108685
0.005480, 2.111573
0.005490, 2.114459
0.005500, 2.117341
0.005510, 2.120221
0.005520, 2.123098
0.005530, 2.125972
0.005540, 2.128844
0.005550, 2.131712
0.005560, 2.134577
0.005570, 2.137439
0.005580, 2.140299
0.005590, 2.143156
0.005600, 2.146010
0.005610, 2.148861
0.005620, 2.151710
0.005630, 2.154555
0.005640, 2.157398
0.005650, 2.160238
0.005660, 2.163074
0.005670, 2.165909
0.005680, 2.168740
0.005690, 2.171568
0.005700, 2.174394
0.005710, 2.177217
0.005720, 2.180037
0.005730, 2.182854
0.005740, 2.185668
0.005750, 2.188479
0.005760, 2.191288
0.005770, 2.194094
0.005780, 2.196897
0.005790, 2.199697
0.005800, 2.202495
0.005810, 2.205290
0.005820, 2.208082
0.005830, 2.210871
0.005840, 2.213657
0.005850, 2.216441
0.005860, 2.219221
0.005870, 2.221999
0.005880, 2.224775
0.005890, 2.227547
0.005900, 2.230317
0.005910, 2.233084
0.005920, 2.235848
0.005930, 2.238609
0.005940, 2.241368
0.005950, 2.244124
0.005960, 2.246877
0.005970, 2.249627
0.005980, 2.252375
0.005990, 2.255120
0.006000, 2.257862
0.006010, 2.260601
0.006020, 2.263338
0.006030, 2.266072
0.006040, 2.268803
0.006050, 2.271531
0.006060, 2.274257
0.006070, 2.276980
0.006080, 2.279701
0.006090, 2.282418
0.006100, 2.285133
0.006110, 2.287845
0.006120, 2.290555
0.006130, 2.293261
0.006140, 2.295965
0.006150, 2.298667
0.006160, 2.301365
0.006170, 2.304061
0.006180, 2.306755
0.006190, 2.309445
0.006200, 2.312133
0.006210, 2.314818
0.006220, 2.317501
0.006230, 2.320180
0.006240, 2.322858
0.006250, 2.325532
0.006260, 2.328204
0.006270, 2.330873
0.006280, 2.333539
0.006290, 2.336203
0.006300, 2.338865
0.006310, 2.341523
0.006320, 2.344179
0.006330, 2.346832
0.006340, 2.349482
0.006350, 2.352130
0.006360, 2.354775
0.006370, 2.357418
0.006380, 2.360058
0.006390, 2.362695
0.006400, 2.365330
0.006410, 2.367962
0.006420, 2.370592
0.006430, 2.373219
0.006440, 2.375843
0.006450, 2.378465
0.006460, 2.381084
0.006470, 2.383700
0.006480, 2.386314
0.006490, 2.388925
0.006500, 2.391534
0.006510, 2.394140
0.006520, 2.396743
0.006530, 2.399343
0.006540, 2.401942
0.006550, 2.404537
0.006560, 2.407130
0.006570, 2.409720
0.006580, 2.412308
0.006590, 2.414893
0.006600, 2.417475
0.006610, 2.420055
0.006620, 2.422633
0.006630, 2.425207
0.006640, 2.427780
0.006650, 2.430349
0.006660, 2.432916
0.006670, 2.435481
0.006680, 2.438043
0.006690, 2.440602
0.006700, 2.443159
0.006710, 2.445713
0.006720, 2.448265
0.006730, 2.450814
0.006740, 2.453361
0.006750, 2.455905
0.006760, 2.458447
0.006770, 2.460985
0.006780, 2.463522
0.006790, 2.466056
0.006800, 2.468587
0.006810, 2.471116
0.006820, 2.473643
0.006830, 2.476166
0.006840, 2.478688
0.006850, 2.481207
0.006860, 2.483723
0.006870, 2.486237
0.006880, 2.488748
0.006890, 2.491256
0.006900, 2.493763
0.006910, 2.496266
0.006920, 2.498768
0.006930, 2.501266
0.006940, 2.503762
0.006950, 2.506256
0.006960, 2.508748
0.006970, 2.511236
0.006980, 2.513723
0.006990, 2.516207
0.007000, 2.518688
0.007010, 2.521167
0.007020, 2.523643
0.007030, 2.526117
0.007040, 2.528588
0.007050, 2.531057
0.007060, 2.533524
0.007070, 2.535988
0.007080, 2.538449
0.007090, 2.540908
0.007100, 2.543365
0.007110, 2.545819
0.007120, 2.548271
0.007130, 2.550720
0.007140, 2.553167
0.007150, 2.555611
0.007160, 2.558053
0.007170, 2.560493
0.007180, 2.562930
0.007190, 2.565365
0.007200, 2.567797
0.007210, 2.570226
0.007220, 2.572654
0.007230, 2.575079
0.007240, 2.577501
0.007250, 2.579921
0.007260, 2.582339
0.007270, 2.584754
0.007280, 2.587167
0.007290, 2.589577
0.007300, 2.591985
0.007310, 2.594391
0.007320, 2.596794
0.007330, 2.599195
0.007340, 2.601594
0.007350, 2.603990
0.007360, 2.606384
0.007370, 2.608775
0.007380, 2.611164
0.007390, 2.613550
0.007400, 2.615934
0.007410, 2.618316
0.007420, 2.620695
0.007430, 2.623072
0.007440, 2.625447
0.007450, 2.627819
0.007460, 2.630189
0.007470, 2.632557
0.007480, 2.634922
0.007490, 2.637285
0.007500, 2.639645
0.007510, 2.642003
0.007520, 2.644358
0.007530, 2.646712
0.007540, 2.649063
0.007550, 2.651411
0.007560, 2.653758
0.007570, 2.656101
0.007580, 2.658443
0.007590, 2.660782
0.007600, 2.663119
0.007610, 2.665454
0.007620, 2.667786
0.007630, 2.670116
0.007640, 2.672443
0.007650, 2.674768
0.007660, 2.677091
0.007670, 2.679412
0.007680, 2.681730
0.007690, 2.684046
0.007700, 2.686360
0.007710, 2.688671
0.007720, 2.690980
0.007730, 2.693287
0.007740, 2.695591
0.007750, 2.697893
0.007760, 2.700193
0.007770, 2.702491
0.007780, 2.704786
0.007790, 2.707079
0.007800, 2.709369
0.007810, 2.711658
0.007820, 2.711658
0.007830, 2.713944
0.007840, 2.716228
0.007850, 2.718509
0.007860, 2.720788
0.007870, 2.723065
0.007880, 2.725340
0.007890, 2.727612
0.007900, 2.729882
0.007910, 2.732150
0.007920, 2.734416
0.007930, 2.736679
0.007940, 2.738940
0.007950, 2.741199
0.007960, 2.743456
0.007970, 2.745710
0.007980, 2.747962
0.007990, 2.750212
0.008000, 2.752460
0.008010, 2.754705
0.008020, 2.756948
0.008030, 2.759189
0.008040, 2.761427
0.008050, 2.763664
0.008060, 2.765898
0.008070, 2.768130
0.008080, 2.770359
0.008090, 2.772587
0.008100, 2.774812
0.008110, 2.777035
0.008120, 2.779255
0.008130, 2.781474
0.008140, 2.783690
0.008150, 2.785904
0.008160, 2.788116
0.008170, 2.790326
0.008180, 2.792533
0.008190, 2.794739
0.008200, 2.796942
0.008210, 2.799143
0.008220, 2.801341
0.008230, 2.803538
0.008240, 2.805732
0.008250, 2.807924
0.008260, 2.810114
0.008270, 2.812302
0.008280, 2.814487
0.008290, 2.816671
0.008300, 2.818852
0.008310, 2.821031
0.008320, 2.823207
0.008330, 2.825382
0.008340, 2.827554
0.008350, 2.829725
0.008360, 2.831893
0.008370, 2.834059
0.008380, 2.836223
0.008390, 2.838384
0.008400, 2.840544
0.008410, 2.842701
0.008420, 2.844856
0.008430, 2.847009
0.008440, 2.849160
0.008450, 2.851308
0.008460, 2.853455
0.008470, 2.855599
0.008480, 2.857741
0.008490, 2.859881
0.008500, 2.862019
0.008510, 2.864155
0.008520, 2.866289
0.008530, 2.868420
0.008540, 2.870550
0.008550, 2.872677
0.008560, 2.874802
0.008570, 2.876925
0.008580, 2.879046
0.008590, 2.881165
0.008600, 2.883282
0.008610, 2.885396
0.008620, 2.887509
0.008630, 2.889619
0.008640, 2.891728
0.008650, 2.893834
0.008660, 2.895938
0.008670, 2.898040
0.008680, 2.900140
0.008690, 2.902237
0.008700, 2.904333
0.008710, 2.906427
0.008720, 2.908518
0.008730, 2.910608
0.008740, 2.912695
0.008750, 2.914780
0.008760, 2.916863
0.008770, 2.918944
0.008780, 2.921023
0.008790, 2.923100
0.008800, 2.925175
0.008810, 2.927248
0.008820, 2.929318
0.008830, 2.931387
0.008840, 2.933454
0.008850, 2.935518
0.008860, 2.937580
0.008870, 2.939641
0.008880, 2.941699
0.008890, 2.943755
0.008900, 2.945810
0.008910, 2.947862
0.008920, 2.949912
0.008930, 2.951960
0.008940, 2.954006
0.008950, 2.956050
0.008960, 2.958092
0.008970, 2.960132
0.008980, 2.962169
0.008990, 2.964205
0.009000, 2.966239
0.009010, 2.968271
0.009020, 2.970300
0.009030, 2.972328
0.009040, 2.974354
0.009050, 2.976377
0.009060, 2.978399
0.009070, 2.980419
0.009080, 2.982436
0.009090, 2.984452
0.009100, 2.986465
0.009110, 2.988477
0.009120, 2.990486
0.009130, 2.992494
0.009140, 2.994499
0.009150, 2.996503
0.009160, 2.998504
0.009170, 3.000504
0.009180, 3.002501
0.009190, 3.004497
0.009200, 3.006490
0.009210, 3.008482
0.009220, 3.010471
0.009230, 3.012459
0.009240, 3.014444
0.009250, 3.016428
0.009260, 3.018409
0.009270, 3.020389
0.009280, 3.022367
0.009290, 3.024343
0.009300, 3.026316
0.009310, 3.028288
0.009320, 3.030258
0.009330, 3.032225
0.009340, 3.034191
0.009350, 3.036155
0.009360, 3.038117
0.009370, 3.040077
0.009380, 3.042035
0.009390, 3.043991
0.009400, 3.045945
0.009410, 3.047897
0.009420, 3.049847
0.009430, 3.051795
0.009440, 3.053742
0.009450, 3.055686
0.009460, 3.057628
0.009470, 3.059569
0.009480, 3.061507
0.009490, 3.063444
0.009500, 3.065379
0.009510, 3.067311
0.009520, 3.069242
0.009530, 3.071171
0.009540, 3.073098
0.009550, 3.075023
0.009560, 3.076946
0.009570, 3.078867
0.009580, 3.080786
0.009590, 3.082704
0.009600, 3.084619
0.009610, 3.086533
0.009620, 3.088444
0.009630, 3.090354
0.009640, 3.092262
0.009650, 3.094168
0.009660, 3.096072
0.009670, 3.097974
0.009680, 3.099874
0.009690, 3.101772
0.009700, 3.103669
0.009710, 3.105563
0.009720, 3.107456
0.009730, 3.109346
0.009740, 3.111235
0.009750, 3.113122
0.009760, 3.115007
0.009770, 3.116890
0.009780, 3.118771
0.009790, 3.120651
0.009800, 3.122528
0.009810, 3.124404
0.009820, 3.126277
0.009830, 3.128149
0.009840, 3.130019
0.009850, 3.131887
0.009860, 3.133754
0.009870, 3.135618
0.009880, 3.137480
0.009890, 3.139341
0.009900, 3.141200
0.009910, 3.143057
0.009920, 3.144912
0.009930, 3.146765
0.009940, 3.148617
0.009950, 3.150466
0.009960, 3.152314
0.009970, 3.154160
0.009980, 3.156004
0.009990, 3.157846
0.010000, 3.159686
0.010010, 3.161525
0.010020, 3.163361
0.010030, 3.165196
0.010040, 3.167029
0.010050, 3.168860
0.010060, 3.170690
0.010070, 3.172517
0.010080, 3.174343
0.010090, 3.176167
0.010100, 3.177989
0.010110, 3.179809
0.010120, 3.181627
0.010130, 3.183444
0.010140, 3.185258
0.010150, 3.187071
0.010160, 3.188882
0.010170, 3.190692
0.010180, 3.192499
0.010190, 3.194305
0.010200, 3.196109
0.010210, 3.197911
0.010220, 3.199711
0.010230, 3.201510
0.010240, 3.203306
0.010250, 3.205101
0.010260, 3.206894
0.010270, 3.208686
0.010280, 3.210475
0.010290, 3.212263
0.010300, 3.214049
0.010310, 3.215833
0.010320, 3.217615
0.010330, 3.219396
0.010340, 3.221175
0.010350, 3.222952
0.010360, 3.224727
0.010370, 3.226501
0.010380, 3.228272
0.010390, 3.230042
0.010400, 3.231810
0.010410, 3.233577
0.010420, 3.235342
0.010430, 3.237104
0.010440, 3.238866
0.010450, 3.240625
0.010460, 3.242383
0.010470, 3.244138
0.010480, 3.245893
0.010490, 3.247645
0.010500, 3.249396
0.010510, 3.251144
0.010520, 3.252892
0.010530, 3.254637
0.010540, 3.256381
0.010550, 3.258122
0.010560, 3.259863
0.010570, 3.261601
0.010580, 3.263338
0.010590, 3.265073
0.010600, 3.266806
0.010610, 3.268537
0.010620, 3.270267
0.010630, 3.271995
0.010640, 3.273721
0.010650, 3.275446
0.010660, 3.277169
0.010670, 3.278890
0.010680, 3.280609
0.010690, 3.282327
0.010700, 3.284043
0.010710, 3.285757
0.010720, 3.287470
0.010730, 3.289181
0.010740, 3.290890
0.010750, 3.292597
0.010760, 3.294303
0.010770, 3.296007
0.010780, 3.297709
0.010790, 3.299410
0.010800, 3.301109
0.010810, 3.302806
0.010820, 3.304501
0.010830, 3.306195
0.010840, 3.307887
0.010850, 3.309577
0.010860, 3.311266
0.010870, 3.312953
0.010880, 3.314639
0.010890, 3.316322
0.010900, 3.318004
0.010910, 3.319685
0.010920, 3.321363
0.010930, 3.323040
0.010940, 3.324716
0.010950, 3.326390
0.010960, 3.328062
0.010970, 3.329732
0.010980, 3.331401
0.010990, 3.333068
0.011000, 3.334733
0.011010, 3.336397
0.011020, 3.338059
0.011030, 3.339719
0.011040, 3.341378
0.011050, 3.343035
0.011060, 3.344690
0.011070, 3.346344
0.011080, 3.347996
0.011090, 3.349646
0.011100, 3.351295
0.011110, 3.352942
0.011120, 3.354587
0.011130, 3.356231
0.011140, 3.357873
0.011150, 3.359514
0.011160, 3.361152
0.011170, 3.362790
0.011180, 3.364425
0.011190, 3.366059
0.011200, 3.367691
0.011210, 3.369322
0.011220, 3.370951
0.011230, 3.372579
0.011240, 3.374204
0.011250, 3.375829
0.011260, 3.377451
0.011270, 3.379072
0.011280, 3.380691
0.011290, 3.382309
0.011300, 3.383925
0.011310, 3.385540
0.011320, 3.387152
0.011330, 3.388764
0.011340, 3.390373
0.011350, 3.391981
0.011360, 3.393588
0.011370, 3.395193
0.011380, 3.396796
0.011390, 3.398397
0.011400, 3.399997
0.011410, 3.401596
0.011420, 3.403193
0.011430, 3.404788
0.011440, 3.406381
0.011450, 3.407973
0.011460, 3.409564
0.011470, 3.411153
0.011480, 3.412740
0.011490, 3.414325
0.011500, 3.415910
0.011510, 3.417492
0.011520, 3.419073
0.011530, 3.420652
0.011540, 3.422230
0.011550, 3.423806
0.011560, 3.425381
0.011570, 3.426954
0.011580, 3.428525
0.011590, 3.430095
0.011600, 3.431664
0.011610, 3.433231
0.011620, 3.434796
0.011630, 3.436359
0.011640, 3.437922
0.011650, 3.439482
0.011660, 3.441041
0.011670, 3.442598
0.011680, 3.444154
0.011690, 3.445709
0.011700, 3.447261
0.011710, 3.448812
0.011720, 3.450362
0.011730, 3.451910
0.011740, 3.453457
0.011750, 3.455002
0.011760, 3.456545
0.011770, 3.458087
0.011780, 3.459628
0.011790, 3.461166
0.011800, 3.462704
0.011810, 3.464239
0.011820, 3.465774
0.011830, 3.467306
0.011840, 3.468837
0.011850, 3.470367
0.011860, 3.471895
0.011870, 3.473422
0.011880, 3.474947
0.011890, 3.476470
0.011900, 3.477993
0.011910, 3.479513
0.011920, 3.481032
0.011930, 3.482549
0.011940, 3.484065
0.011950, 3.485580
0.011960, 3.487093
0.011970, 3.488604
0.011980, 3.490114
0.011990, 3.491622
0.012000, 3.493129
0.012010, 3.494635
0.012020, 3.496139
0.012030, 3.497641
0.012040, 3.499142
0.012050, 3.500641
0.012060, 3.502139
0.012070, 3.503635
0.012080, 3.505130
0.012090, 3.506624
0.012100, 3.508115
0.012110, 3.509606
0.012120, 3.511095
0.012130, 3.512582
0.012140, 3.514068
0.012150, 3.515552
0.012160, 3.517035
0.012170, 3.518517
0.012180, 3.519997
0.012190, 3.521475
0.012200, 3.522952
0.012210, 3.524428
0.012220, 3.525902
0.012230, 3.527375
0.012240, 3.528846
0.012250, 3.530315
0.012260, 3.531784
0.012270, 3.533250
0.012280, 3.534716
0.012290, 3.536180
0.012300, 3.537642
0.012310, 3.539103
0.012320, 3.540562
0.012330, 3.542020
0.012340, 3.543477
0.012350, 3.544932
0.012360, 3.546385
0.012370, 3.547837
0.012380, 3.549288
0.012390, 3.550738
0.012400, 3.552186
0.012410, 3.553632
0.012420, 3.555077
0.012430, 3.556520
0.012440, 3.557962
0.012450, 3.559403
0.012460, 3.560842
0.012470, 3.562279
0.012480, 3.563716
0.012490, 3.565150
0.012500, 3.566584
0.012510, 3.568016
0.012520, 3.569446
0.012530, 3.570875
0.012540, 3.572303
0.012550, 3.573729
0.012560, 3.575154
0.012570, 3.576577
0.012580, 3.577999
0.012590, 3.579420
0.012600, 3.580839
0.012610, 3.582257
0.012620, 3.583673
0.012630, 3.585088
0.012640, 3.586502
0.012650, 3.587914
0.012660, 3.589324
0.012670, 3.590734
0.012680, 3.592142
0.012690, 3.593548
0.012700, 3.594953
0.012710, 3.596357
0.012720, 3.597759
0.012730, 3.599160
0.012740, 3.600559
0.012750, 3.601957
0.012760, 3.603354
0.012770, 3.604749
0.012780, 3.606143
0.012790, 3.607535
0.012800, 3.608927
0.012810, 3.610316
0.012820, 3.611705
0.012830, 3.613091
0.012840, 3.614477
0.012850, 3.615861
0.012860, 3.617244
0.012870, 3.618625
0.012880, 3.620005
0.012890, 3.621384
0.012900, 3.622761
0.012910, 3.624137
0.012920, 3.625511
0.012930, 3.626884
0.012940, 3.628256
0.012950, 3.629627
0.012960, 3.630996
0.012970, 3.632363
0.012980, 3.633730
0.012990, 3.635095
0.013000, 3.636458
0.013010, 3.637820
0.013020, 3.639181
0.013030, 3.640541
0.013040, 3.641899
0.013050, 3.643255
0.013060, 3.644611
0.013070, 3.645965
0.013080, 3.647318
0.013090, 3.648669
0.013100, 3.650019
0.013110, 3.651368
0.013120, 3.652715
0.013130, 3.654061
0.013140, 3.655406
0.013150, 3.656749
0.013160, 3.658091
0.013170, 3.659431
0.013180, 3.660770
0.013190, 3.662108
0.013200, 3.663445
0.013210, 3.664780
0.013220, 3.666114
0.013230, 3.667447
0.013240, 3.668778
0.013250, 3.670108
0.013260, 3.671436
0.013270, 3.672764
0.013280, 3.674089
0.013290, 3.675414
0.013300, 3.676737
0.013310, 3.678059
0.013320, 3.679380
0.013330, 3.680699
0.013340, 3.682017
0.013350, 3.683334
0.013360, 3.684649
0.013370, 3.685963
0.013380, 3.687276
0.013390, 3.688587
0.013400, 3.689897
0.013410, 3.691206
0.013420, 3.692513
0.013430, 3.693820
0.013440, 3.695125
0.013450, 3.696428
0.013460, 3.697731
0.013470, 3.699032
0.013480, 3.700331
0.013490, 3.701630
0.013500, 3.702927
0.013510, 3.704222
0.013520, 3.705517
0.013530, 3.706810
0.013540, 3.708102
0.013550, 3.709393
0.013560, 3.710682
0.013570, 3.711970
0.013580, 3.713257
0.013590, 3.714542
0.013600, 3.715826
0.013610, 3.717109
0.013620, 3.718391
0.013630, 3.719671
0.013640, 3.720950
0.013650, 3.722228
0.013660, 3.723504
0.013670, 3.724780
0.013680, 3.726053
0.013690, 3.727326
0.013700, 3.728598
0.013710, 3.729868
0.013720, 3.731137
0.013730, 3.732404
0.013740, 3.733670
0.013750, 3.734936
0.013760, 3.736199
0.013770, 3.737462
0.013780, 3.738723
0.013790, 3.739983
0.013800, 3.741242
0.013810, 3.742499
0.013820, 3.743756
0.013830, 3.745011
0.013840, 3.746264
0.013850, 3.747517
0.013860, 3.748768
0.013870, 3.750018
0.013880, 3.751267
0.013890, 3.752514
0.013900, 3.753761
0.013910, 3.755006
0.013920, 3.756249
0.013930, 3.757492
0.013940, 3.758733
0.013950, 3.759973
0.013960, 3.761212
0.013970, 3.762450
0.013980, 3.763686
0.013990, 3.764921
0.014000, 3.766155
0.014010, 3.767387
0.014020, 3.768619
0.014030, 3.769849
0.014040, 3.771078
0.014050, 3.772305
0.014060, 3.773532
0.014070, 3.774757
0.014080, 3.775981
0.014090, 3.777204
0.014100, 3.778425
0.014110, 3.779646
0.014120, 3.780865
0.014130, 3.782083
0.014140, 3.783299
0.014150, 3.784515
0.014160, 3.785729
0.014170, 3.786942
0.014180, 3.788154
0.014190, 3.789365
0.014200, 3.790574
0.014210, 3.791783
0.014220, 3.792990
0.014230, 3.794196
0.014240, 3.795400
0.014250, 3.796603
0.014260, 3.797806
0.014270, 3.799006
0.014280, 3.800206
0.014290, 3.801405
0.014300, 3.802602
0.014310, 3.803798
0.014320, 3.804993
0.014330, 3.806187
0.014340, 3.807379
0.014350, 3.808571
0.014360, 3.809761
0.014370, 3.810950
0.014380, 3.812138
0.014390, 3.813324
0.014400, 3.814510
0.014410, 3.815694
0.014420, 3.816877
0.014430, 3.818059
0.014440, 3.819240
0.014450, 3.820419
0.014460, 3.821598
0.014470, 3.822775
0.014480, 3.823951
0.014490, 3.825126
0.014500, 3.826300
0.014510, 3.827472
0.014520, 3.828644
0.014530, 3.829814
0.014540, 3.830983
0.014550, 3.832151
0.014560, 3.833317
0.014570, 3.834483
0.014580, 3.835647
0.014590, 3.836811
0.014600, 3.837973
0.014610, 3.839134
0.014620, 3.840293
0.014630, 3.841452
0.014640, 3.842609
0.014650, 3.843765
0.014660, 3.844920
0.014670, 3.846074
0.014680, 3.847227
0.014690, 3.848379
0.014700, 3.849529
0.014710, 3.850678
0.014720, 3.851827
0.014730, 3.852974
0.014740, 3.854120
0.014750, 3.855264
0.014760, 3.856408
0.014770, 3.857550
0.014780, 3.858692
0.014790, 3.859832
0.014800, 3.860971
0.014810, 3.862109
0.014820, 3.863245
0.014830, 3.864381
0.014840, 3.865515
0.014850, 3.866649
0.014860, 3.867781
0.014870, 3.868912
0.014880, 3.870042
0.014890, 3.871171
0.014900, 3.872299
0.014910, 3.873425
0.014920, 3.874551
0.014930, 3.875675
0.014940, 3.876798
0.014950, 3.877920
0.014960, 3.879041
0.014970, 3.880161
0.014980, 3.881280
0.014990, 3.882397
0.015000, 3.883514
0.015010, 3.884629
0.015020, 3.885744
0.015030, 3.886857
0.015040, 3.887969
0.015050, 3.889080
0.015060, 3.890190
0.015070, 3.891298
0.015080, 3.892406
0.015090, 3.893512
0.015100, 3.894618
0.015110, 3.895722
0.015120, 3.896825
0.015130, 3.897927
0.015140, 3.899028
0.015150, 3.900128
0.015160, 3.901227
0.015170, 3.902325
0.015180, 3.903421
0.015190, 3.904517
0.015200, 3.905611
0.015210, 3.906704
0.015220, 3.907797
0.015230, 3.908888
0.015240, 3.909978
0.015250, 3.911067
0.015260, 3.912154
0.015270, 3.913241
0.015280, 3.914327
0.015290, 3.915411
0.015300, 3.916495
0.015310, 3.917578
0.015320, 3.918659
0.015330, 3.919739
0.015340, 3.920818
0.015350, 3.921896
0.015360, 3.922973
0.015370, 3.924049
0.015380, 3.925124
0.015390, 3.926198
0.015400, 3.927270
0.015410, 3.928342
0.015420, 3.929413
0.015430, 3.930482
0.015440, 3.931551
0.015450, 3.932618
0.015460, 3.933684
0.015470, 3.934749
0.015480, 3.935814
0.015490, 3.936877
0.015500, 3.937939
0.015510, 3.939000
0.015520, 3.940060
0.015530, 3.941119
0.015540, 3.942177
0.015550, 3.943233
0.015560, 3.944289
0.015570, 3.945344
0.015580, 3.946397
0.015590, 3.947450
0.015600, 3.948501
0.015610, 3.949552
0.015620, 3.950601
0.015630, 3.951649
0.015640, 3.952697
0.015650, 3.953743
0.015660, 3.954788
0.015670, 3.955832
0.015680, 3.956876
0.015690, 3.957918
0.015700, 3.958959
0.015710, 3.959999
0.015720, 3.961038
0.015730, 3.962075
0.015740, 3.963112
0.015750, 3.964148
0.015760, 3.965183
0.015770, 3.966217
0.015780, 3.967250
0.015790, 3.968281
0.015800, 3.969312
0.015810, 3.970342
0.015820, 3.971370
0.015830, 3.972398
0.015840, 3.973424
0.015850, 3.974450
0.015860, 3.975474
0.015870, 3.976498
0.015880, 3.977520
0.015890, 3.978542
0.015900, 3.979562
0.015910, 3.980582
0.015920, 3.981600
0.015930, 3.982617
0.015940, 3.983634
0.015950, 3.984649
0.015960, 3.985663
0.015970, 3.986677
0.015980, 3.987689
0.015990, 3.988700
0.016000, 3.989711
0.016010, 3.990720
0.016020, 3.991728
0.016030, 3.992735
0.016040, 3.993742
0.016050, 3.994747
0.016060, 3.995751
0.016070, 3.996754
0.016080, 3.997757
0.016090, 3.998758
0.016100, 3.999758
0.016110, 4.000758
0.016120, 4.001756
0.016130, 4.002753
0.016140, 4.003749
0.016150, 4.004744
0.016160, 4.005738
0.016170, 4.006732
0.016180, 4.007724
0.016190, 4.008715
0.016200, 4.009706
0.016210, 4.010695
0.016220, 4.011683
0.016230, 4.012671
0.016240, 4.013658
0.016250, 4.014643
0.016260, 4.015627
0.016270, 4.016610
0.016280, 4.017592
0.016290, 4.018574
0.016300, 4.019554
0.016310, 4.020534
0.016320, 4.021512
0.016330, 4.022490
0.016340, 4.023466
0.016350, 4.024442
0.016360, 4.025416
0.016370, 4.026390
0.016380, 4.027363
0.016390, 4.028335
0.016400, 4.029305
0.016410, 4.030275
0.016420, 4.031244
0.016430, 4.032212
0.016440, 4.033179
0.016450, 4.034145
0.016460, 4.035110
0.016470, 4.036074
0.016480, 4.037037
0.016490, 4.037999
0.016500, 4.038960
0.016510, 4.039919
0.016520, 4.040878
0.016530, 4.041836
0.016540, 4.042793
0.016550, 4.043749
0.016560, 4.044704
0.016570, 4.045659
0.016580, 4.046612
0.016590, 4.047564
0.016600, 4.048515
0.016610, 4.049466
0.016620, 4.050415
0.016630, 4.051363
0.016640, 4.052311
0.016650, 4.053257
0.016660, 4.054203
0.016670, 4.055148
0.016680, 4.056092
0.016690, 4.057035
0.016700, 4.057977
0.016710, 4.058918
0.016720, 4.059859
0.016730, 4.060798
0.016740, 4.061737
0.016750, 4.062674
0.016760, 4.063611
0.016770, 4.064546
0.016780, 4.065481
0.016790, 4.066414
0.016800, 4.067347
0.016810, 4.068279
0.016820, 4.069210
0.016830, 4.070139
0.016840, 4.071068
0.016850, 4.071996
0.016860, 4.072923
0.016870, 4.073849
0.016880, 4.074774
0.016890, 4.075698
0.016900, 4.076622
0.016910, 4.077544
0.016920, 4.078466
0.016930, 4.079387
0.016940, 4.080307
0.016950, 4.081225
0.016960, 4.082143
0.016970, 4.083060
0.016980, 4.083976
0.016990, 4.084891
0.017000, 4.085805
0.017010, 4.086719
0.017020, 4.087631
0.017030, 4.088542
0.017040, 4.089453
0.017050, 4.090363
0.017060, 4.091271
0.017070, 4.092179
0.017080, 4.093086
0.017090, 4.093992
0.017100, 4.094897
0.017110, 4.095801
0.017120, 4.096704
0.017130, 4.097607
0.017140, 4.098508
0.017150, 4.099409
0.017160, 4.100309
0.017170, 4.101208
0.017180, 4.102106
0.017190, 4.103003
0.017200, 4.103899
0.017210, 4.104794
0.017220, 4.105688
0.017230, 4.106582
0.017240, 4.107474
0.017250, 4.108366
0.017260, 4.109257
0.017270, 4.110147
0.017280, 4.111035
0.017290, 4.111923
0.017300, 4.112811
0.017310, 4.113697
0.017320, 4.114583
0.017330, 4.115467
0.017340, 4.116351
0.017350, 4.117233
0.017360, 4.118115
0.017370, 4.118996
0.017380, 4.119876
0.017390, 4.120756
0.017400, 4.121634
0.017410, 4.122511
0.017420, 4.123388
0.017430, 4.124264
0.017440, 4.125139
0.017450, 4.126013
0.017460, 4.126886
0.017470, 4.127758
0.017480, 4.128629
0.017490, 4.129500
0.017500, 4.130370
0.017510, 4.131238
0.017520, 4.132106
0.017530, 4.132973
0.017540, 4.133839
0.017550, 4.134705
0.017560, 4.135569
0.017570, 4.136433
0.017580, 4.137295
0.017590, 4.138157
0.017600, 4.139018
0.017610, 4.139878
0.017620, 4.140738
0.017630, 4.141596
0.017640, 4.142453
0.017650, 4.143310
0.017660, 4.144166
0.017670, 4.145021
0.017680, 4.145875
0.017690, 4.146728
0.017700, 4.147581
0.017710, 4.148432
0.017720, 4.149283
0.017730, 4.150133
0.017740, 4.150982
0.017750, 4.151830
0.017760, 4.152678
0.017770, 4.153524
0.017780, 4.154369
0.017790, 4.155214
0.017800, 4.156058
0.017810, 4.156901
0.017820, 4.157743
0.017830, 4.158585
0.017840, 4.159426
0.017850, 4.160265
0.017860, 4.161104
0.017870, 4.161942
0.017880, 4.162780
0.017890, 4.163616
0.017900, 4.164452
0.017910, 4.165287
0.017920, 4.166121
0.017930, 4.166954
0.017940, 4.167786
0.017950, 4.168617
0.017960, 4.169448
0.017970, 4.170278
0.017980, 4.171106
0.017990, 4.171935
0.018000, 4.172762
0.018010, 4.173588
0.018020, 4.174414
0.018030, 4.175239
0.018040, 4.176063
0.018050, 4.176886
0.018060, 4.177708
0.018070, 4.178529
0.018080, 4.179350
0.018090, 4.180170
0.018100, 4.180989
0.018110, 4.181807
0.018120, 4.182624
0.018130, 4.183441
0.018140, 4.184257
0.018150, 4.185071
0.018160, 4.185885
0.018170, 4.186699
0.018180, 4.187511
0.018190, 4.188323
0.018200, 4.189134
0.018210, 4.189944
0.018220, 4.190753
0.018230, 4.191562
0.018240, 4.192369
0.018250, 4.193176
0.018260, 4.193982
0.018270, 4.194788
0.018280, 4.195592
0.018290, 4.196395
0.018300, 4.197198
0.018310, 4.198000
0.018320, 4.198802
0.018330, 4.199602
0.018340, 4.200402
0.018350, 4.201200
0.018360, 4.201999
0.018370, 4.202796
0.018380, 4.203592
0.018390, 4.204388
0.018400, 4.205183
0.018410, 4.205977
0.018420, 4.206770
0.018430, 4.207563
0.018440, 4.208354
0.018450, 4.209146
0.018460, 4.209936
0.018470, 4.210725
0.018480, 4.211514
0.018490, 4.212301
0.018500, 4.213088
0.018510, 4.213874
0.018520, 4.214660
0.018530, 4.215444
0.018540, 4.216228
0.018550, 4.217011
0.018560, 4.217793
0.018570, 4.218575
0.018580, 4.219355
0.018590, 4.220135
0.018600, 4.220914
0.018610, 4.221692
0.018620, 4.222470
0.018630, 4.223247
0.018640, 4.224022
0.018650, 4.224798
0.018660, 4.225572
0.018670, 4.226346
0.018680, 4.227118
0.018690, 4.227890
0.018700, 4.228662
0.018710, 4.229433
0.018720, 4.230202
0.018730, 4.230971
0.018740, 4.231740
0.018750, 4.232507
0.018760, 4.233274
0.018770, 4.234040
0.018780, 4.234805
0.018790, 4.235569
0.018800, 4.236333
0.018810, 4.237096
0.018820, 4.237858
0.018830, 4.238620
0.018840, 4.239380
0.018850, 4.240140
0.018860, 4.240900
0.018870, 4.241658
0.018880, 4.242415
0.018890, 4.243172
0.018900, 4.243928
0.018910, 4.244684
0.018920, 4.245438
0.018930, 4.246192
0.018940, 4.246945
0.018950, 4.247697
0.018960, 4.248449
0.018970, 4.249200
0.018980, 4.249950
0.018990, 4.250699
0.019000, 4.251448
0.019010, 4.252195
0.019020, 4.252943
0.019030, 4.253689
0.019040, 4.254435
0.019050, 4.255179
0.019060, 4.255923
0.019070, 4.256667
0.019080, 4.257409
0.019090, 4.258151
0.019100, 4.258892
0.019110, 4.259633
0.019120, 4.260372
0.019130, 4.261111
0.019140, 4.261849
0.019150, 4.262587
0.019160, 4.263323
0.019170, 4.264059
0.019180, 4.264794
0.019190, 4.265529
0.019200, 4.266263
0.019210, 4.266995
0.019220, 4.267728
0.019230, 4.268459
0.019240, 4.269190
0.019250, 4.269920
0.019260, 4.270650
0.019270, 4.271379
0.019280, 4.272107
0.019290, 4.272834
0.019300, 4.273560
0.019310, 4.274286
0.019320, 4.275011
0.019330, 4.275735
0.019340, 4.276458
0.019350, 4.277181
0.019360, 4.277903
0.019370, 4.278625
0.019380, 4.279345
0.019390, 4.280065
0.019400, 4.280784
0.019410, 4.281503
0.019420, 4.282220
0.019430, 4.282938
0.019440, 4.283654
0.019450, 4.284369
0.019460, 4.285084
0.019470, 4.285799
0.019480, 4.286512
0.019490, 4.287225
0.019500, 4.287937
0.019510, 4.288648
0.019520, 4.289359
0.019530, 4.290069
0.019540, 4.290778
0.019550, 4.291486
0.019560, 4.292194
0.019570, 4.292901
0.019580, 4.293607
0.019590, 4.294313
0.019600, 4.295018
0.019610, 4.295722
0.019620, 4.296426
0.019630, 4.297129
0.019640, 4.297831
0.019650, 4.298532
0.019660, 4.299233
0.019670, 4.299933
0.019680, 4.300633
0.019690, 4.301332
0.019700, 4.302030
0.019710, 4.302727
0.019720, 4.303423
0.019730, 4.304119
0.019740, 4.304814
0.019750, 4.305509
0.019760, 4.306202
0.019770, 4.306896
0.019780, 4.307588
0.019790, 4.308280
0.019800, 4.308971
0.019810, 4.309661
0.019820, 4.310351
0.019830, 4.311040
0.019840, 4.311728
0.019850, 4.312416
0.019860, 4.313103
0.019870, 4.313789
0.019880, 4.314475
0.019890, 4.315159
0.019900, 4.315844
0.019910, 4.316527
0.019920, 4.317210
0.019930, 4.317892
0.019940, 4.318573
0.019950, 4.319254
0.019960, 4.319934
0.019970, 4.320613
0.019980, 4.321292
0.019990, 4.321970
0.020000, 4.322648
0.020010, 4.323324
0.020020, 4.324000
0.020030, 4.324676
0.020040, 4.325350
0.020050, 4.326024
0.020060, 4.326697
0.020070, 4.327370
0.020080, 4.328042
0.020090, 4.328713
0.020100, 4.329384
0.020110, 4.330054
0.020120, 4.330723
0.020130, 4.331392
0.020140, 4.332060
0.020150, 4.332727
0.020160, 4.333394
0.020170, 4.334060
0.020180, 4.334725
0.020190, 4.335390
0.020200, 4.336053
0.020210, 4.336717
0.020220, 4.337379
0.020230, 4.338041
0.020240, 4.338703
0.020250, 4.339363
0.020260, 4.340023
0.020270, 4.340683
0.020280, 4.341341
0.020290, 4.341999
0.020300, 4.342657
0.020310, 4.343313
0.020320, 4.343969
0.020330, 4.344625
0.020340, 4.345279
0.020350, 4.345933
0.020360, 4.346587
0.020370, 4.347239
0.020380, 4.347892
0.020390, 4.348543
0.020400, 4.349194
0.020410, 4.349844
0.020420, 4.350493
0.020430, 4.351142
0.020440, 4.351790
0.020450, 4.352438
0.020460, 4.353085
0.020470, 4.353731
0.020480, 4.354377
0.020490, 4.355022
0.020500, 4.355666
0.020510, 4.356310
0.020520, 4.356953
0.020530, 4.357595
0.020540, 4.358237
0.020550, 4.358879
0.020560, 4.359519
0.020570, 4.360159
0.020580, 4.360798
0.020590, 4.361437
0.020600, 4.362075
0.020610, 4.362712
0.020620, 4.363348
0.020630, 4.363985
0.020640, 4.364620
0.020650, 4.365254
0.020660, 4.365889
0.020670, 4.366522
0.020680, 4.367155
0.020690, 4.367787
0.020700, 4.368419
0.020710, 4.369050
0.020720, 4.369680
0.020730, 4.370310
0.020740, 4.370939
0.020750, 4.371567
0.020760, 4.372195
0.020770, 4.372822
0.020780, 4.373449
0.020790, 4.374075
0.020800, 4.374700
0.020810, 4.375325
0.020820, 4.375949
0.020830, 4.376572
0.020840, 4.377195
0.020850, 4.377817
0.020860, 4.378439
0.020870, 4.379060
0.020880, 4.379680
0.020890, 4.380300
0.020900, 4.380919
0.020910, 4.381537
0.020920, 4.382155
0.020930, 4.382772
0.020940, 4.383389
0.020950, 4.384005
0.020960, 4.384621
0.020970, 4.385235
0.020980, 4.385849
0.020990, 4.386463
0.021000, 4.387076
0.021010, 4.387688
0.021020, 4.388300
0.021030, 4.388911
0.021040, 4.389522
0.021050, 4.390131
0.021060, 4.390741
0.021070, 4.391349
0.021080, 4.391957
0.021090, 4.392565
0.021100, 4.393172
0.021110, 4.393778
0.021120, 4.394383
0.021130, 4.394989
0.021140, 4.395593
0.021150, 4.396197
0.021160, 4.396800
0.021170, 4.397403
0.021180, 4.398005
0.021190, 4.398606
0.021200, 4.399207
0.021210, 4.399807
0.021220, 4.400406
0.021230, 4.401005
0.021240, 4.401604
0.021250, 4.402202
0.021260, 4.402799
0.021270, 4.403395
0.021280, 4.403991
0.021290, 4.404587
0.021300, 4.405181
0.021310, 4.405776
0.021320, 4.406369
0.021330, 4.406962
0.021340, 4.407555
0.021350, 4.408146
0.021360, 4.408738
0.021370, 4.409328
0.021380, 4.409918
0.021390, 4.410508
0.021400, 4.411097
0.021410, 4.411685
0.021420, 4.412273
0.021430, 4.412860
0.021440, 4.413446
0.021450, 4.414032
0.021460, 4.414618
0.021470, 4.415203
0.021480, 4.415787
0.021490, 4.416370
0.021500, 4.416954
0.021510, 4.417536
0.021520, 4.418118
0.021530, 4.418699
0.021540, 4.419280
0.021550, 4.419860
0.021560, 4.420440
0.021570, 4.421019
0.021580, 4.421597
0.021590, 4.422175
0.021600, 4.422752
0.021610, 4.423329
0.021620, 4.423905
0.021630, 4.424480
0.021640, 4.425056
0.021650, 4.425630
0.021660, 4.426204
0.021670, 4.426777
0.021680, 4.427350
0.021690, 4.427922
0.021700, 4.428493
0.021710, 4.429064
0.021720, 4.429635
0.021730, 4.430204
0.021740, 4.430774
0.021750, 4.431343
0.021760, 4.431911
0.021770, 4.432478
0.021780, 4.433045
0.021790, 4.433611
0.021800, 4.434177
0.021810, 4.434742
0.021820, 4.435307
0.021830, 4.435871
0.021840, 4.436435
0.021850, 4.436998
0.021860, 4.437561
0.021870, 4.438122
0.021880, 4.438684
0.021890, 4.439244
0.021900, 4.439805
0.021910, 4.440364
0.021920, 4.440923
0.021930, 4.441482
0.021940, 4.442039
0.021950, 4.442597
0.021960, 4.443154
0.021970, 4.443710
0.021980, 4.444266
0.021990, 4.444821
0.022000, 4.445375
0.022010, 4.445930
0.022020, 4.446483
0.022030, 4.447036
0.022040, 4.447588
0.022050, 4.448140
0.022060, 4.448691
0.022070, 4.449242
0.022080, 4.449792
0.022090, 4.450342
0.022100, 4.450891
0.022110, 4.451440
0.022120, 4.451988
0.022130, 4.452535
0.022140, 4.453082
0.022150, 4.453629
0.022160, 4.454175
0.022170, 4.454720
0.022180, 4.455265
0.022190, 4.455809
0.022200, 4.456352
0.022210, 4.456895
0.022220, 4.457438
0.022230, 4.457980
0.022240, 4.458522
0.022250, 4.459063
0.022260, 4.459603
0.022270, 4.460143
0.022280, 4.460682
0.022290, 4.461221
0.022300, 4.461759
0.022310, 4.462297
0.022320, 4.462834
0.022330, 4.463371
0.022340, 4.463907
0.022350, 4.464442
0.022360, 4.464977
0.022370, 4.465512
0.022380, 4.466046
0.022390, 4.466579
0.022400, 4.467113
0.022410, 4.467645
0.022420, 4.468176
0.022430, 4.468708
0.022440, 4.469238
0.022450, 4.469769
0.022460, 4.470298
0.022470, 4.470828
0.022480, 4.471356
0.022490, 4.471885
0.022500, 4.472412
0.022510, 4.472939
0.022520, 4.473465
0.022530, 4.473991
0.022540, 4.474517
0.022550, 4.475042
0.022560, 4.475566
0.022570, 4.476090
0.022580, 4.476614
0.022590, 4.477137
0.022600, 4.477659
0.022610, 4.478181
0.022620, 4.478702
0.022630, 4.479223
0.022640, 4.479743
0.022650, 4.480263
0.022660, 4.480782
0.022670, 4.481301
0.022680, 4.481819
0.022690, 4.482337
0.022700, 4.482854
0.022710, 4.483371
0.022720, 4.483887
0.022730, 4.484402
0.022740, 4.484917
0.022750, 4.485432
0.022760, 4.485946
0.022770, 4.486459
0.022780, 4.486972
0.022790, 4.487485
0.022800, 4.487997
0.022810, 4.488509
0.022820, 4.489020
0.022830, 4.489531
0.022840, 4.490040
0.022850, 4.490550
0.022860, 4.491058
0.022870, 4.491567
0.022880, 4.492074
0.022890, 4.492582
0.022900, 4.493089
0.022910, 4.493595
0.022920, 4.494101
0.022930, 4.494606
0.022940, 4.495111
0.022950, 4.495616
0.022960, 4.496120
0.022970, 4.496624
0.022980, 4.497127
0.022990, 4.497629
0.023000, 4.498131
0.023010, 4.498632
0.023020, 4.499133
0.023030, 4.499633
0.023040, 4.500133
0.023050, 4.500632
0.023060, 4.501131
0.023070, 4.501629
0.023080, 4.502127
0.023090, 4.502624
0.023100, 4.503121
0.023110, 4.503617
0.023120, 4.504113
0.023130, 4.504609
0.023140, 4.505104
0.023150, 4.505598
0.023160, 4.506092
0.023170, 4.506586
0.023180, 4.507079
0.023190, 4.507571
0.023200, 4.508063
0.023210, 4.508555
0.023220, 4.509046
0.023230, 4.509537
0.023240, 4.510027
0.023250, 4.510517
0.023260, 4.511005
0.023270, 4.511494
0.023280, 4.511981
0.023290, 4.512469
0.023300, 4.512956
0.023310, 4.513442
0.023320, 4.513928
0.023330, 4.514413
0.023340, 4.514898
0.023350, 4.515383
0.023360, 4.515867
0.023370, 4.516350
0.023380, 4.516833
0.023390, 4.517316
0.023400, 4.517798
0.023410, 4.518280
0.023420, 4.518761
0.023430, 4.519241
0.023440, 4.519722
0.023450, 4.520201
0.023460, 4.520680
0.023470, 4.521159
0.023480, 4.521637
0.023490, 4.522115
0.023500, 4.522593
0.023510, 4.523069
0.023520, 4.523546
0.023530, 4.524022
0.023540, 4.524497
0.023550, 4.524972
0.023560, 4.525446
0.023570, 4.525920
0.023580, 4.526394
0.023590, 4.526867
0.023600, 4.527339
0.023610, 4.527812
0.023620, 4.528283
0.023630, 4.528754
0.023640, 4.529225
0.023650, 4.529695
0.023660, 4.530165
0.023670, 4.530634
0.023680, 4.531103
0.023690, 4.531571
0.023700, 4.532039
0.023710, 4.532506
0.023720, 4.532973
0.023730, 4.533439
0.023740, 4.533905
0.023750, 4.534370
0.023760, 4.534836
0.023770, 4.535301
0.023780, 4.535765
0.023790, 4.536229
0.023800, 4.536693
0.023810, 4.537156
0.023820, 4.537618
0.023830, 4.538080
0.023840, 4.538542
0.023850, 4.539003
0.023860, 4.539464
0.023870, 4.539924
0.023880, 4.540383
0.023890, 4.540843
0.023900, 4.541301
0.023910, 4.541759
0.023920, 4.542217
0.023930, 4.542675
0.023940, 4.543131
0.023950, 4.543588
0.023960, 4.544044
0.023970, 4.544499
0.023980, 4.544954
0.023990, 4.545408
0.024000, 4.545862
0.024010, 4.546316
0.024020, 4.546769
0.024030, 4.547222
0.024040, 4.547674
0.024050, 4.548126
0.024060, 4.548578
0.024070, 4.549029
0.024080, 4.549479
0.024090, 4.549930
0.024100, 4.550379
0.024110, 4.550828
0.024120, 4.551277
0.024130, 4.551725
0.024140, 4.552173
0.024150, 4.552620
0.024160, 4.553067
0.024170, 4.553514
0.024180, 4.553959
0.024190, 4.554405
0.024200, 4.554850
0.024210, 4.555295
0.024220, 4.555739
0.024230, 4.556183
0.024240, 4.556627
0.024250, 4.557070
0.024260, 4.557512
0.024270, 4.557954
0.024280, 4.558396
0.024290, 4.558837
0.024300, 4.559278
0.024310, 4.559718
0.024320, 4.560157
0.024330, 4.560596
0.024340, 4.561036
0.024350, 4.561474
0.024360, 4.561913
0.024370, 4.562350
0.024380, 4.562788
0.024390, 4.563224
0.024400, 4.563661
0.024410, 4.564096
0.024420, 4.564532
0.024430, 4.564967
0.024440, 4.565401
0.024450, 4.565835
0.024460, 4.566269
0.024470, 4.566703
0.024480, 4.567136
0.024490, 4.567568
0.024500, 4.568000
0.024510, 4.568432
0.024520, 4.568863
0.024530, 4.569293
0.024540, 4.569724
0.024550, 4.570153
0.024560, 4.570583
0.024570, 4.571012
0.024580, 4.571441
0.024590, 4.571869
0.024600, 4.572297
0.024610, 4.572724
0.024620, 4.573151
0.024630, 4.573577
0.024640, 4.574003
0.024650, 4.574428
0.024660, 4.574853
0.024670, 4.575278
0.024680, 4.575703
0.024690, 4.576127
0.024700, 4.576550
0.024710, 4.576973
0.024720, 4.577395
0.024730, 4.577817
0.024740, 4.578239
0.024750, 4.578660
0.024760, 4.579082
0.024770, 4.579502
0.024780, 4.579922
0.024790, 4.580342
0.024800, 4.580761
0.024810, 4.581180
0.024820, 4.581598
0.024830, 4.582016
0.024840, 4.582434
0.024850, 4.582851
0.024860, 4.583268
0.024870, 4.583684
0.024880, 4.584100
0.024890, 4.584515
0.024900, 4.584930
0.024910, 4.585345
0.024920, 4.585759
0.024930, 4.586173
0.024940, 4.586586
0.024950, 4.586999
0.024960, 4.587412
0.024970, 4.587824
0.024980, 4.588236
0.024990, 4.588647
0.025000, 4.589058
0.025010, 4.589469
0.025020, 4.589879
0.025030, 4.590289
0.025040, 4.590698
0.025050, 4.591107
0.025060, 4.591516
0.025070, 4.591924
0.025080, 4.592331
0.025090, 4.592739
0.025100, 4.593145
0.025110, 4.593552
0.025120, 4.593958
0.025130, 4.594364
0.025140, 4.594769
0.025150, 4.595174
0.025160, 4.595578
0.025170, 4.595982
0.025180, 4.596385
0.025190, 4.596789
0.025200, 4.597192
0.025210, 4.597594
0.025220, 4.597996
0.025230, 4.598398
0.025240, 4.598799
0.025250, 4.599200
0.025260, 4.599600
0.025270, 4.600000
0.025280, 4.600400
0.025290, 4.600799
0.025300, 4.601198
0.025310, 4.601596
0.025320, 4.601995
0.025330, 4.602392
0.025340, 4.602789
0.025350, 4.603186
0.025360, 4.603582
0.025370, 4.603979
0.025380, 4.604374
0.025390, 4.604770
0.025400, 4.605165
0.025410, 4.605559
0.025420, 4.605953
0.025430, 4.606347
0.025440, 4.606740
0.025450, 4.607133
0.025460, 4.607525
0.025470, 4.607917
0.025480, 4.608309
0.025490, 4.608700
0.025500, 4.609091
0.025510, 4.609482
0.025520, 4.609872
0.025530, 4.610261
0.025540, 4.610651
0.025550, 4.611040
0.025560, 4.611429
0.025570, 4.611817
0.025580, 4.612205
0.025590, 4.612592
0.025600, 4.612979
0.025610, 4.613366
0.025620, 4.613752
0.025630, 4.614138
0.025640, 4.614523
0.025650, 4.614908
0.025660, 4.615293
0.025670, 4.615677
0.025680, 4.616061
0.025690, 4.616445
0.025700, 4.616828
0.025710, 4.617211
0.025720, 4.617593
0.025730, 4.617975
0.025740, 4.618357
0.025750, 4.618738
0.025760, 4.619119
0.025770, 4.619500
0.025780, 4.619880
0.025790, 4.620259
0.025800, 4.620639
0.025810, 4.621018
0.025820, 4.621397
0.025830, 4.621775
0.025840, 4.622152
0.025850, 4.622530
0.025860, 4.622907
0.025870, 4.623284
0.025880, 4.623660
0.025890, 4.624036
0.025900, 4.624412
0.025910, 4.624787
0.025920, 4.625162
0.025930, 4.625536
0.025940, 4.625910
0.025950, 4.626284
0.025960, 4.626657
0.025970, 4.627030
0.025980, 4.627403
0.025990, 4.627775
0.026000, 4.628147
0.026010, 4.628519
0.026020, 4.628890
0.026030, 4.629260
0.026040, 4.629631
0.026050, 4.630001
0.026060, 4.630370
0.026070, 4.630739
0.026080, 4.631108
0.026090, 4.631477
0.026100, 4.631845
0.026110, 4.632213
0.026120, 4.632580
0.026130, 4.632947
0.026140, 4.633314
0.026150, 4.633680
0.026160, 4.634046
0.026170, 4.634412
0.026180, 4.634777
0.026190, 4.635142
0.026200, 4.635506
0.026210, 4.635870
0.026220, 4.636234
0.026230, 4.636598
0.026240, 4.636961
0.026250, 4.637323
0.026260, 4.637686
0.026270, 4.638048
0.026280, 4.638409
0.026290, 4.638771
0.026300, 4.639132
0.026310, 4.639492
0.026320, 4.639852
0.026330, 4.640212
0.026340, 4.640572
0.026350, 4.640931
0.026360, 4.641289
0.026370, 4.641648
0.026380, 4.642006
0.026390, 4.642364
0.026400, 4.642721
0.026410, 4.643078
0.026420, 4.643435
0.026430, 4.643791
0.026440, 4.644146
0.026450, 4.644502
0.026460, 4.644857
0.026470, 4.645212
0.026480, 4.645566
0.026490, 4.645921
0.026500, 4.646275
0.026510, 4.646628
0.026520, 4.646981
0.026530, 4.647334
0.026540, 4.647686
0.026550, 4.648038
0.026560, 4.648389
0.026570, 4.648741
0.026580, 4.649092
0.026590, 4.649442
0.026600, 4.649792
0.026610, 4.650142
0.026620, 4.650492
0.026630, 4.650841
0.026640, 4.651190
0.026650, 4.651538
0.026660, 4.651886
0.026670, 4.652234
0.026680, 4.652582
0.026690, 4.652929
0.026700, 4.653275
0.026710, 4.653622
0.026720, 4.653968
0.026730, 4.654314
0.026740, 4.654659
0.026750, 4.655004
0.026760, 4.655349
0.026770, 4.655693
0.026780, 4.656037
0.026790, 4.656381
0.026800, 4.656724
0.026810, 4.657067
0.026820, 4.657409
0.026830, 4.657752
0.026840, 4.658093
0.026850, 4.658435
0.026860, 4.658776
0.026870, 4.659117
0.026880, 4.659458
0.026890, 4.659798
0.026900, 4.660138
0.026910, 4.660477
0.026920, 4.660816
0.026930, 4.661155
0.026940, 4.661494
0.026950, 4.661832
0.026960, 4.662169
0.026970, 4.662507
0.026980, 4.662844
0.026990, 4.663181
0.027000, 4.663517
0.027010, 4.663854
0.027020, 4.664189
0.027030, 4.664525
0.027040, 4.664860
0.027050, 4.665195
0.027060, 4.665529
0.027070, 4.665864
0.027080, 4.666197
0.027090, 4.666531
0.027100, 4.666864
0.027110, 4.667197
0.027120, 4.667529
0.027130, 4.667861
0.027140, 4.668193
0.027150, 4.668525
0.027160, 4.668856
0.027170, 4.669187
0.027180, 4.669517
0.027190, 4.669847
0.027200, 4.670177
0.027210, 4.670506
0.027220, 4.670835
0.027230, 4.671165
0.027240, 4.671493
0.027250, 4.671821
0.027260, 4.672149
0.027270, 4.672477
0.027280, 4.672804
0.027290, 4.673131
0.027300, 4.673457
0.027310, 4.673783
0.027320, 4.674109
0.027330, 4.674435
0.027340, 4.674760
0.027350, 4.675085
0.027360, 4.675409
0.027370, 4.675734
0.027380, 4.676057
0.027390, 4.676381
0.027400, 4.676704
0.027410, 4.677027
0.027420, 4.677350
0.027430, 4.677672
0.027440, 4.677994
0.027450, 4.678316
0.027460, 4.678638
0.027470, 4.678958
0.027480, 4.679279
0.027490, 4.679600
0.027500, 4.679920
0.027510, 4.680240
0.027520, 4.680559
0.027530, 4.680878
0.027540, 4.681197
0.027550, 4.681516
0.027560, 4.681834
0.027570, 4.682152
0.027580, 4.682469
0.027590, 4.682786
0.027600, 4.683104
0.027610, 4.683420
0.027620, 4.683736
0.027630, 4.684052
0.027640, 4.684368
0.027650, 4.684683
0.027660, 4.684999
0.027670, 4.685313
0.027680, 4.685627
0.027690, 4.685942
0.027700, 4.686255
0.027710, 4.686569
0.027720, 4.686882
0.027730, 4.687195
0.027740, 4.687507
0.027750, 4.687819
0.027760, 4.688131
0.027770, 4.688443
0.027780, 4.688754
0.027790, 4.689065
0.027800, 4.689375
0.027810, 4.689686
0.027820, 4.689996
0.027830, 4.690305
0.027840, 4.690615
0.027850, 4.690924
0.027860, 4.691233
0.027870, 4.691541
0.027880, 4.691849
0.027890, 4.692157
0.027900, 4.692465
0.027910, 4.692772
0.027920, 4.693079
0.027930, 4.693386
0.027940, 4.693692
0.027950, 4.693998
0.027960, 4.694304
0.027970, 4.694609
0.027980, 4.694914
0.027990, 4.695219
0.028000, 4.695523
0.028010, 4.695827
0.028020, 4.696131
0.028030, 4.696435
0.028040, 4.696738
0.028050, 4.697041
0.028060, 4.697344
0.028070, 4.697646
0.028080, 4.697948
0.028090, 4.698250
0.028100, 4.698551
0.028110, 4.698853
0.028120, 4.699153
0.028130, 4.699454
0.028140, 4.699754
0.028150, 4.700054
0.028160, 4.700354
0.028170, 4.700653
0.028180, 4.700952
0.028190, 4.701251
0.028200, 4.701550
0.028210, 4.701848
0.028220, 4.702146
0.028230, 4.702443
0.028240, 4.702740
0.028250, 4.703037
0.028260, 4.703334
0.028270, 4.703630
0.028280, 4.703927
0.028290, 4.704222
0.028300, 4.704518
0.028310, 4.704813
0.028320, 4.705108
0.028330, 4.705402
0.028340, 4.705697
0.028350, 4.705991
0.028360, 4.706285
0.028370, 4.706578
0.028380, 4.706871
0.028390, 4.707164
0.028400, 4.707457
0.028410, 4.707749
0.028420, 4.708041
0.028430, 4.708333
0.028440, 4.708624
0.028450, 4.708915
0.028460, 4.709206
0.028470, 4.709496
0.028480, 4.709786
0.028490, 4.710076
0.028500, 4.710366
0.028510, 4.710655
0.028520, 4.710944
0.028530, 4.711233
0.028540, 4.711522
0.028550, 4.711810
0.028560, 4.712098
0.028570, 4.712385
0.028580, 4.712673
0.028590, 4.712960
0.028600, 4.713246
0.028610, 4.713533
0.028620, 4.713819
0.028630, 4.714105
0.028640, 4.714391
0.028650, 4.714676
0.028660, 4.714961
0.028670, 4.715246
0.028680, 4.715530
0.028690, 4.715815
0.028700, 4.716098
0.028710, 4.716382
0.028720, 4.716665
0.028730, 4.716949
0.028740, 4.717231
0.028750, 4.717514
0.028760, 4.717796
0.028770, 4.718078
0.028780, 4.718359
0.028790, 4.718641
0.028800, 4.718922
0.028810, 4.719203
0.028820, 4.719483
0.028830, 4.719763
0.028840, 4.720043
0.028850, 4.720323
0.028860, 4.720603
0.028870, 4.720881
0.028880, 4.721160
0.028890, 4.721439
0.028900, 4.721717
0.028910, 4.721995
0.028920, 4.722273
0.028930, 4.722550
0.028940, 4.722827
0.028950, 4.723104
0.028960, 4.723381
0.028970, 4.723658
0.028980, 4.723934
0.028990, 4.724209
0.029000, 4.724485
0.029010, 4.724760
0.029020, 4.725035
0.029030, 4.725310
0.029040, 4.725584
0.029050, 4.725858
0.029060, 4.726132
0.029070, 4.726406
0.029080, 4.726679
0.029090, 4.726952
0.029100, 4.727225
0.029110, 4.727497
0.029120, 4.727769
0.029130, 4.728041
0.029140, 4.728313
0.029150, 4.728584
0.029160, 4.728856
0.029170, 4.729126
0.029180, 4.729397
0.029190, 4.729667
0.029200, 4.729937
0.029210, 4.730207
0.029220, 4.730476
0.029230, 4.730746
0.029240, 4.731015
0.029250, 4.731284
0.029260, 4.731552
0.029270, 4.731820
0.029280, 4.732088
0.029290, 4.732356
0.029300, 4.732623
0.029310, 4.732890
0.029320, 4.733157
0.029330, 4.733424
0.029340, 4.733690
0.029350, 4.733956
0.029360, 4.734221
0.029370, 4.734487
0.029380, 4.734752
0.029390, 4.735017
0.029400, 4.735282
0.029410, 4.735547
0.029420, 4.735811
0.029430, 4.736074
0.029440, 4.736338
0.029450, 4.736601
0.029460, 4.736865
0.029470, 4.737127
0.029480, 4.737390
0.029490, 4.737652
0.029500, 4.737915
0.029510, 4.738176
0.029520, 4.738438
0.029530, 4.738699
0.029540, 4.738960
0.029550, 4.739221
0.029560, 4.739481
0.029570, 4.739742
0.029580, 4.740002
0.029590, 4.740262
0.029600, 4.740521
0.029610, 4.740780
0.029620, 4.741039
0.029630, 4.741298
0.029640, 4.741557
0.029650, 4.741815
0.029660, 4.742073
0.029670, 4.742330
0.029680, 4.742588
0.029690, 4.742845
0.029700, 4.743102
0.029710, 4.743358
0.029721, 4.743615
0.029731, 4.743871
0.029741, 4.744127
0.029751, 4.744382
0.029761, 4.744638
0.029771, 4.744893
0.029781, 4.745148
0.029791, 4.745402
0.029801, 4.745656
0.029811, 4.745911
0.029821, 4.746164
0.029831, 4.746418
0.029841, 4.746671
0.029851, 4.746924
0.029861, 4.747177
0.029871, 4.747430
0.029881, 4.747682
0.029891, 4.747934
0.029901, 4.748186
0.029911, 4.748438
0.029921, 4.748689
0.029931, 4.748940
0.029941, 4.749191
0.029951, 4.749442
0.029961, 4.749692
0.029971, 4.749942
0.029981, 4.750192
0.029991, 4.750441
0.030001, 4.750690
0.030011, 4.750939
0.030021, 4.751188
0.030031, 4.751437
0.030041, 4.751685
0.030051, 4.751933
0.030061, 4.752181
0.030071, 4.752429
0.030081, 4.752676
0.030091, 4.752923
0.030101, 4.753170
0.030111, 4.753417
0.030121, 4.753663
0.030131, 4.753909
0.030141, 4.754155
0.030151, 4.754401
0.030161, 4.754646
0.030171, 4.754891
0.030181, 4.755136
0.030191, 4.755381
0.030201, 4.755625
0.030211, 4.755869
0.030221, 4.756113
0.030231, 4.756357
0.030241, 4.756600
0.030251, 4.756843
0.030261, 4.757086
0.030271, 4.757329
0.030281, 4.757571
0.030291, 4.757813
0.030301, 4.758055
0.030311, 4.758296
0.030321, 4.758538
0.030331, 4.758779
0.030341, 4.759020
0.030351, 4.759261
0.030361, 4.759501
0.030371, 4.759741
0.030381, 4.759981
0.030391, 4.760221
0.030401, 4.760460
0.030411, 4.760700
0.030421, 4.760939
0.030431, 4.761178
0.030441, 4.761416
0.030451, 4.761654
0.030461, 4.761892
0.030471, 4.762130
0.030481, 4.762368
0.030491, 4.762605
0.030501, 4.762842
0.030511, 4.763079
0.030521, 4.763316
0.030531, 4.763552
0.030541, 4.763788
0.030551, 4.764024
0.030561, 4.764260
0.030571, 4.764495
0.030581, 4.764730
0.030591, 4.764966
0.030601, 4.765200
0.030611, 4.765435
0.030621, 4.765669
0.030631, 4.765903
0.030641, 4.766137
0.030651, 4.766370
0.030661, 4.766603
0.030671, 4.766837
0.030681, 4.767069
0.030691, 4.767302
0.030701, 4.767535
0.030711, 4.767767
0.030721, 4.767999
0.030731, 4.768231
0.030741, 4.768463
0.030751, 4.768694
0.030761, 4.768925
0.030771, 4.769156
0.030781, 4.769387
0.030791, 4.769617
0.030801, 4.769847
0.030811, 4.770077
0.030821, 4.770307
0.030831, 4.770536
0.030841, 4.770766
0.030851, 4.770995
0.030861, 4.771224
0.030871, 4.771452
0.030881, 4.771680
0.030891, 4.771908
0.030901, 4.772136
0.030911, 4.772364
0.030921, 4.772591
0.030931, 4.772818
0.030941, 4.773045
0.030951, 4.773272
0.030961, 4.773498
0.030971, 4.773725
0.030981, 4.773951
0.030991, 4.774177
0.031001, 4.774402
0.031011, 4.774628
0.031021, 4.774853
0.031031, 4.775078
0.031041, 4.775302
0.031051, 4.775527
0.031061, 4.775751
0.031071, 4.775975
0.031081, 4.776199
0.031091, 4.776423
0.031101, 4.776646
0.031111, 4.776869
0.031121, 4.777092
0.031131, 4.777314
0.031141, 4.777537
0.031151, 4.777759
0.031161, 4.777981
0.031171, 4.778203
0.031181, 4.778425
0.031191, 4.778646
0.031201, 4.778867
0.031211, 4.779088
0.031221, 4.779309
0.031231, 4.779529
0.031241, 4.779749
0.031251, 4.779969
0.031261, 4.780189
0.031271, 4.780409
0.031281, 4.780628
0.031291, 4.780848
0.031301, 4.781066
0.031311, 4.781285
0.031321, 4.781504
0.031331, 4.781722
0.031341, 4.781940
0.031351, 4.782158
0.031361, 4.782375
0.031371, 4.782593
0.031381, 4.782810
0.031391, 4.783027
0.031401, 4.783244
0.031411, 4.783460
0.031421, 4.783677
0.031431, 4.783893
0.031441, 4.784109
0.031451, 4.784324
0.031461, 4.784540
0.031471, 4.784755
0.031481, 4.784970
0.031491, 4.785185
0.031501, 4.785399
0.031511, 4.785614
0.031521, 4.785828
0.031531, 4.786042
0.031541, 4.786256
0.031551, 4.786469
0.031561, 4.786683
0.031571, 4.786896
0.031581, 4.787108
0.031591, 4.787321
0.031601, 4.787534
0.031611, 4.787746
0.031621, 4.787958
0.031631, 4.788170
0.031641, 4.788382
0.031651, 4.788593
0.031661, 4.788804
0.031671, 4.789015
0.031681, 4.789226
0.031691, 4.789436
0.031701, 4.789647
0.031711, 4.789857
0.031721, 4.790067
0.031731, 4.790277
0.031741, 4.790486
0.031751, 4.790695
0.031761, 4.790905
0.031771, 4.791113
0.031781, 4.791322
0.031791, 4.791531
0.031801, 4.791739
0.031811, 4.791947
0.031821, 4.792155
0.031831, 4.792362
0.031841, 4.792570
0.031851, 4.792777
0.031861, 4.792984
0.031870, 4.793191
0.031880, 4.793397
0.031890, 4.793604
0.031900, 4.793810
0.031910, 4.794016
0.031920, 4.794222
0.031930, 4.794427
0.031940, 4.794633
0.031950, 4.794838
0.031960, 4.795043
0.031970, 4.795248
0.031980, 4.795452
0.031990, 4.795657
0.032000, 4.795861
0.032010, 4.796065
0.032020, 4.796268
0.032030, 4.796472
0.032040, 4.796675
0.032050, 4.796878
0.032060, 4.797081
0.032070, 4.797284
0.032080, 4.797487
0.032090, 4.797689
0.032100, 4.797891
0.032110, 4.798093
0.032120, 4.798295
0.032130, 4.798496
0.032140, 4.798697
0.032150, 4.798899
0.032160, 4.799099
0.032170, 4.799300
0.032180, 4.799500
0.032190, 4.799701
0.032200, 4.799901
0.032210, 4.800101
0.032220, 4.800301
0.032230, 4.800500
0.032240, 4.800699
0.032250, 4.800899
0.032260, 4.801097
0.032270, 4.801296
0.032280, 4.801495
0.032290, 4.801693
0.032300, 4.801891
0.032310, 4.802089
0.032320, 4.802287
0.032330, 4.802484
0.032340, 4.802681
0.032350, 4.802878
0.032360, 4.803075
0.032370, 4.803272
0.032380, 4.803469
0.032390, 4.803665
0.032400, 4.803861
0.032410, 4.804057
0.032420, 4.804253
0.032430, 4.804449
0.032440, 4.804644
0.032450, 4.804839
0.032460, 4.805034
0.032470, 4.805229
0.032480, 4.805423
0.032490, 4.805618
0.032500, 4.805812
0.032510, 4.806006
0.032520, 4.806200
0.032530, 4.806393
0.032540, 4.806587
0.032550, 4.806780
0.032560, 4.806973
0.032570, 4.807166
0.032580, 4.807358
0.032590, 4.807551
0.032600, 4.807743
0.032610, 4.807935
0.032620, 4.808127
0.032630, 4.808319
0.032640, 4.808510
0.032650, 4.808702
0.032660, 4.808893
0.032670, 4.809083
0.032680, 4.809274
0.032690, 4.809465
0.032700, 4.809655
0.032710, 4.809845
0.032720, 4.810035
0.032730, 4.810225
0.032740, 4.810415
0.032750, 4.810604
0.032760, 4.810793
0.032770, 4.810982
0.032780, 4.811171
0.032790, 4.811360
0.032800, 4.811548
0.032810, 4.811737
0.032820, 4.811924
0.032830, 4.812112
0.032840, 4.812300
0.032850, 4.812488
0.032860, 4.812675
0.032870, 4.812862
0.032880, 4.813049
0.032890, 4.813236
0.032900, 4.813422
0.032910, 4.813609
0.032920, 4.813795
0.032930, 4.813981
0.032940, 4.814167
0.032950, 4.814353
0.032960, 4.814538
0.032970, 4.814723
0.032980, 4.814909
0.032990, 4.815094
0.033000, 4.815278
0.033010, 4.815463
0.033020, 4.815647
0.033030, 4.815831
0.033040, 4.816015
0.033050, 4.816199
0.033060, 4.816382
0.033070, 4.816566
0.033080, 4.816749
0.033090, 4.816932
0.033100, 4.817115
0.033110, 4.817298
0.033120, 4.817481
0.033130, 4.817663
0.033140, 4.817845
0.033150, 4.818027
0.033160, 4.818209
0.033170, 4.818390
0.033180, 4.818572
0.033190, 4.818753
0.033200, 4.818934
0.033210, 4.819115
0.033220, 4.819295
0.033230, 4.819476
0.033240, 4.819656
0.033250, 4.819837
0.033260, 4.820016
0.033270, 4.820196
0.033280, 4.820376
0.033290, 4.820555
0.033300, 4.820735
0.033310, 4.820914
0.033320, 4.821093
0.033330, 4.821271
0.033340, 4.821450
0.033350, 4.821628
0.033360, 4.821806
0.033370, 4.821984
0.033380, 4.822162
0.033390, 4.822340
0.033400, 4.822517
0.033410, 4.822695
0.033420, 4.822872
0.033430, 4.823049
0.033440, 4.823225
0.033450, 4.823402
0.033460, 4.823578
0.033470, 4.823755
0.033480, 4.823931
0.033490, 4.824107
0.033500, 4.824283
0.033510, 4.824458
0.033520, 4.824634
0.033530, 4.824809
0.033540, 4.824984
0.033550, 4.825159
0.033560, 4.825333
0.033570, 4.825508
0.033580, 4.825682
0.033590, 4.825856
0.033600, 4.826030
0.033610, 4.826204
0.033620, 4.826377
0.033630, 4.826551
0.033640, 4.826724
0.033650, 4.826897
0.033660, 4.827070
0.033670, 4.827243
0.033680, 4.827415
0.033690, 4.827588
0.033700, 4.827760
0.033710, 4.827932
0.033720, 4.828104
0.033730, 4.828276
0.033740, 4.828447
0.033750, 4.828619
0.033760, 4.828790
0.033770, 4.828961
0.033780, 4.829132
0.033790, 4.829302
0.033800, 4.829473
0.033810, 4.829643
0.033820, 4.829813
0.033830, 4.829984
0.033840, 4.830153
0.033850, 4.830323
0.033860, 4.830492
0.033870, 4.830662
0.033880, 4.830831
0.033890, 4.831000
0.033900, 4.831169
0.033910, 4.831337
0.033920, 4.831506
0.033930, 4.831674
0.033940, 4.831842
0.033950, 4.832010
0.033960, 4.832178
0.033970, 4.832346
0.033980, 4.832513
0.033990, 4.832681
0.034000, 4.832848
0.034010, 4.833015
0.034020, 4.833182
0.034030, 4.833348
0.034040, 4.833515
0.034050, 4.833681
0.034060, 4.833847
0.034070, 4.834013
0.034080, 4.834179
0.034090, 4.834344
0.034100, 4.834510
0.034110, 4.834675
0.034120, 4.834840
0.034130, 4.835005
0.034140, 4.835170
0.034150, 4.835335
0.034160, 4.835499
0.034170, 4.835664
0.034180, 4.835828
0.034190, 4.835992
0.034200, 4.836156
0.034210, 4.836319
0.034220, 4.836483
0.034230, 4.836647
0.034240, 4.836810
0.034250, 4.836973
0.034260, 4.837136
0.034270, 4.837298
0.034280, 4.837461
0.034290, 4.837624
0.034300, 4.837786
0.034310, 4.837948
0.034320, 4.838110
0.034330, 4.838272
0.034340, 4.838433
0.034350, 4.838594
0.034360, 4.838756
0.034370, 4.838917
0.034380, 4.839077
0.034390, 4.839238
0.034400, 4.839399
0.034410, 4.839559
0.034420, 4.839719
0.034430, 4.839880
0.034440, 4.840039
0.034450, 4.840199
0.034460, 4.840359
0.034470, 4.840518
0.034480, 4.840677
0.034490, 4.840837
0.034500, 4.840995
0.034510, 4.841154
0.034520, 4.841313
0.034530, 4.841471
0.034540, 4.841630
0.034550, 4.841788
0.034560, 4.841946
0.034570, 4.842103
0.034580, 4.842261
0.034590, 4.842419
0.034600, 4.842576
0.034610, 4.842733
0.034620, 4.842890
0.034630, 4.843047
0.034640, 4.843204
0.034650, 4.843360
0.034660, 4.843517
0.034670, 4.843673
0.034680, 4.843830
0.034690, 4.843986
0.034700, 4.844141
0.034710, 4.844297
0.034720, 4.844453
0.034730, 4.844608
0.034740, 4.844764
0.034750, 4.844919
0.034760, 4.845074
0.034770, 4.845229
0.034780, 4.845383
0.034790, 4.845538
0.034800, 4.845692
0.034810, 4.845846
0.034820, 4.846000
0.034830, 4.846154
0.034840, 4.846308
0.034850, 4.846461
0.034860, 4.846615
0.034870, 4.846768
0.034880, 4.846921
0.034890, 4.847074
0.034900, 4.847227
0.034910, 4.847379
0.034920, 4.847532
0.034930, 4.847684
0.034940, 4.847836
0.034950, 4.847988
0.034960, 4.848140
0.034970, 4.848291
0.034980, 4.848443
0.034990, 4.848595
0.035000, 4.848746
0.035010, 4.848897
0.035020, 4.849048
0.035030, 4.849199
0.035040, 4.849349
0.035050, 4.849500
0.035060, 4.849650
0.035070, 4.849801
0.035080, 4.849951
0.035090, 4.850101
0.035100, 4.850250
0.035110, 4.850400
0.035120, 4.850549
0.035130, 4.850698
0.035140, 4.850848
0.035150, 4.850996
0.035160, 4.851145
0.035170, 4.851294
0.035180, 4.851443
0.035190, 4.851591
0.035200, 4.851739
0.035210, 4.851888
0.035220, 4.852036
0.035230, 4.852183
0.035240, 4.852331
0.035250, 4.852479
0.035260, 4.852626
0.035270, 4.852773
0.035280, 4.852920
0.035290, 4.853067
0.035300, 4.853214
0.035310, 4.853361
0.035320, 4.853507
0.035330, 4.853653
0.035340, 4.853800
0.035350, 4.853946
0.035360, 4.854092
0.035370, 4.854238
0.035380, 4.854383
0.035390, 4.854528
0.035400, 4.854674
0.035410, 4.854819
0.035420, 4.854964
0.035430, 4.855109
0.035440, 4.855254
0.035450, 4.855398
0.035460, 4.855543
0.035470, 4.855687
0.035480, 4.855831
0.035490, 4.855975
0.035500, 4.856119
0.035510, 4.856263
0.035520, 4.856406
0.035530, 4.856550
0.035540, 4.856693
0.035550, 4.856836
0.035560, 4.856979
0.035570, 4.857122
0.035580, 4.857265
0.035590, 4.857408
0.035600, 4.857550
0.035610, 4.857692
0.035620, 4.857834
0.035630, 4.857976
0.035640, 4.858119
0.035650, 4.858260
0.035660, 4.858402
0.035670, 4.858543
0.035680, 4.858685
0.035690, 4.858826
0.035700, 4.858967
0.035710, 4.859107
0.035720, 4.859248
0.035730, 4.859389
0.035740, 4.859529
0.035750, 4.859670
0.035760, 4.859810
0.035770, 4.859950
0.035780, 4.860090
0.035790, 4.860229
0.035800, 4.860369
0.035810, 4.860509
0.035820, 4.860648
0.035830, 4.860787
0.035840, 4.860927
0.035850, 4.861065
0.035860, 4.861204
0.035870, 4.861343
0.035880, 4.861481
0.035890, 4.861619
0.035900, 4.861758
0.035910, 4.861896
0.035920, 4.862034
0.035930, 4.862172
0.035940, 4.862309
0.035950, 4.862447
0.035960, 4.862584
0.035970, 4.862721
0.035980, 4.862859
0.035990, 4.862996
0.036000, 4.863132
0.036010, 4.863269
0.036020, 4.863406
0.036030, 4.863542
0.036040, 4.863678
0.036050, 4.863815
0.036060, 4.863951
0.036070, 4.864087
0.036080, 4.864223
0.036090, 4.864358
0.036100, 4.864493
0.036110, 4.864629
0.036120, 4.864764
0.036130, 4.864899
0.036140, 4.865034
0.036150, 4.865169
0.036160, 4.865304
0.036170, 4.865438
0.036180, 4.865572
0.036190, 4.865707
0.036200, 4.865841
0.036210, 4.865975
0.036220, 4.866109
0.036230, 4.866243
0.036240, 4.866376
0.036250, 4.866510
0.036260, 4.866643
0.036270, 4.866776
0.036280, 4.866910
0.036290, 4.867043
0.036300, 4.867176
0.036310, 4.867308
0.036320, 4.867441
0.036330, 4.867573
0.036340, 4.867705
0.036350, 4.867837
0.036360, 4.867970
0.036370, 4.868102
0.036380, 4.868233
0.036390, 4.868365
0.036400, 4.868496
0.036410, 4.868628
0.036420, 4.868759
0.036430, 4.868890
0.036440, 4.869021
0.036450, 4.869152
0.036460, 4.869283
0.036470, 4.869413
0.036480, 4.869544
0.036490, 4.869674
0.036500, 4.869804
0.036510, 4.869935
0.036520, 4.870064
0.036530, 4.870194
0.036540, 4.870324
0.036550, 4.870453
0.036560, 4.870583
0.036570, 4.870712
0.036580, 4.870841
0.036590, 4.870970
0.036600, 4.871099
0.036610, 4.871228
0.036620, 4.871356
0.036630, 4.871485
0.036640, 4.871614
0.036650, 4.871742
0.036660, 4.871870
0.036670, 4.871998
0.036680, 4.872126
0.036690, 4.872253
0.036700, 4.872381
0.036710, 4.872509
0.036720, 4.872636
0.036730, 4.872763
0.036740, 4.872890
0.036750, 4.873017
0.036760, 4.873144
0.036770, 4.873271
0.036780, 4.873398
0.036790, 4.873524
0.036800, 4.873651
0.036810, 4.873777
0.036820, 4.873903
0.036830, 4.874029
0.036840, 4.874155
0.036850, 4.874280
0.036860, 4.874406
0.036870, 4.874531
0.036880, 4.874657
0.036890, 4.874782
0.036900, 4.874907
0.036910, 4.875032
0.036920, 4.875157
0.036930, 4.875282
0.036940, 4.875406
0.036950, 4.875531
0.036960, 4.875655
0.036970, 4.875780
0.036980, 4.875904
0.036990, 4.876028
0.037000, 4.876152
0.037010, 4.876275
0.037020, 4.876399
0.037030, 4.876522
0.037040, 4.876646
0.037050, 4.876769
0.037060, 4.876892
0.037070, 4.877015
0.037080, 4.877138
0.037090, 4.877260
0.037100, 4.877383
0.037110, 4.877505
0.037120, 4.877628
0.037130, 4.877750
0.037140, 4.877872
0.037150, 4.877994
0.037160, 4.878116
0.037170, 4.878238
0.037180, 4.878359
0.037190, 4.878481
0.037200, 4.878603
0.037210, 4.878724
0.037220, 4.878845
0.037230, 4.878966
0.037240, 4.879087
0.037250, 4.879208
0.037260, 4.879328
0.037270, 4.879449
0.037280, 4.879570
0.037290, 4.879690
0.037300, 4.879810
0.037310, 4.879930
0.037320, 4.880050
0.037330, 4.880170
0.037340, 4.880290
0.037350, 4.880409
0.037360, 4.880529
0.037370, 4.880648
0.037380, 4.880767
0.037390, 4.880887
0.037400, 4.881006
0.037410, 4.881124
0.037420, 4.881243
0.037430, 4.881362
0.037440, 4.881481
0.037450, 4.881599
0.037460, 4.881717
0.037470, 4.881835
0.037480, 4.881954
0.037490, 4.882071
0.037500, 4.882189
0.037510, 4.882307
0.037520, 4.882425
0.037530, 4.882542
0.037540, 4.882659
0.037550, 4.882777
0.037560, 4.882894
0.037570, 4.883011
0.037580, 4.883128
0.037590, 4.883245
0.037600, 4.883361
0.037610, 4.883478
0.037620, 4.883594
0.037630, 4.883710
0.037640, 4.883827
0.037650, 4.883943
0.037660, 4.884058
0.037670, 4.884174
0.037680, 4.884290
0.037690, 4.884406
0.037700, 4.884521
0.037710, 4.884636
0.037720, 4.884752
0.037730, 4.884867
0.037740, 4.884982
0.037750, 4.885097
0.037760, 4.885211
0.037770, 4.885326
0.037780, 4.885440
0.037790, 4.885555
0.037800, 4.885669
0.037810, 4.885784
0.037820, 4.885898
0.037830, 4.886012
0.037840, 4.886126
0.037850, 4.886240
0.037860, 4.886353
0.037870, 4.886467
0.037880, 4.886580
0.037890, 4.886693
0.037900, 4.886806
0.037910, 4.886919
0.037920, 4.887033
0.037930, 4.887146
0.037940, 4.887258
0.037950, 4.887371
0.037960, 4.887483
0.037970, 4.887596
0.037980, 4.887708
0.037990, 4.887820
0.038000, 4.887932
0.038010, 4.888044
0.038020, 4.888156
0.038030, 4.888268
0.038040, 4.888379
0.038050, 4.888491
0.038060, 4.888602
0.038070, 4.888713
0.038080, 4.888824
0.038090, 4.888936
0.038100, 4.889047
0.038110, 4.889157
0.038120, 4.889268
0.038130, 4.889379
0.038140, 4.889489
0.038150, 4.889600
0.038160, 4.889710
0.038170, 4.889820
0.038180, 4.889930
0.038190, 4.890040
0.038200, 4.890150
0.038210, 4.890260
0.038220, 4.890369
0.038230, 4.890479
0.038240, 4.890588
0.038250, 4.890697
0.038260, 4.890807
0.038270, 4.890916
0.038280, 4.891025
0.038290, 4.891134
0.038300, 4.891243
0.038310, 4.891351
0.038320, 4.891460
0.038330, 4.891568
0.038340, 4.891676
0.038350, 4.891785
0.038360, 4.891893
0.038370, 4.892001
0.038380, 4.892108
0.038390, 4.892216
0.038400, 4.892324
0.038410, 4.892432
0.038420, 4.892539
0.038430, 4.892646
0.038440, 4.892754
0.038450, 4.892861
0.038460, 4.892968
0.038470, 4.893075
0.038480, 4.893181
0.038490, 4.893288
0.038500, 4.893395
0.038510, 4.893501
0.038520, 4.893608
0.038530, 4.893714
0.038540, 4.893820
0.038550, 4.893926
0.038560, 4.894032
0.038570, 4.894138
0.038580, 4.894244
0.038590, 4.894350
0.038600, 4.894455
0.038610, 4.894560
0.038620, 4.894666
0.038630, 4.894771
0.038640, 4.894876
0.038650, 4.894981
0.038660, 4.895086
0.038670, 4.895191
0.038680, 4.895296
0.038690, 4.895400
0.038700, 4.895504
0.038710, 4.895609
0.038720, 4.895713
0.038730, 4.895817
0.038740, 4.895921
0.038750, 4.896025
0.038760, 4.896129
0.038770, 4.896233
0.038780, 4.896337
0.038790, 4.896440
0.038800, 4.896544
0.038810, 4.896647
0.038820, 4.896750
0.038830, 4.896853
0.038840, 4.896956
0.038850, 4.897059
0.038860, 4.897162
0.038870, 4.897265
0.038880, 4.897367
0.038890, 4.897470
0.038900, 4.897573
0.038910, 4.897675
0.038920, 4.897777
0.038930, 4.897879
0.038940, 4.897981
0.038950, 4.898083
0.038960, 4.898185
0.038970, 4.898287
0.038980, 4.898388
0.038990, 4.898490
0.039000, 4.898592
0.039010, 4.898693
0.039020, 4.898794
0.039030, 4.898895
0.039040, 4.898996
0.039050, 4.899097
0.039060, 4.899198
0.039070, 4.899298
0.039080, 4.899399
0.039090, 4.899499
0.039100, 4.899600
0.039110, 4.899700
0.039120, 4.899800
0.039130, 4.899900
0.039140, 4.900001
0.039150, 4.900101
0.039160, 4.900200
0.039170, 4.900300
0.039180, 4.900400
0.039190, 4.900499
0.039200, 4.900599
0.039210, 4.900698
0.039220, 4.900797
0.039230, 4.900896
0.039240, 4.900995
0.039250, 4.901094
0.039260, 4.901193
0.039270, 4.901291
0.039280, 4.901390
0.039290, 4.901489
0.039300, 4.901587
0.039310, 4.901685
0.039320, 4.901783
0.039330, 4.901882
0.039340, 4.901980
0.039350, 4.902078
0.039360, 4.902175
0.039370, 4.902273
0.039380, 4.902371
0.039390, 4.902469
0.039400, 4.902566
0.039410, 4.902663
0.039420, 4.902761
0.039430, 4.902858
0.039439, 4.902955
0.039449, 4.903052
0.039459, 4.903149
0.039469, 4.903245
0.039479, 4.903342
0.039489, 4.903439
0.039499, 4.903535
0.039509, 4.903632
0.039519, 4.903728
0.039529, 4.903824
0.039539, 4.903920
0.039549, 4.904016
0.039559, 4.904112
0.039569, 4.904208
0.039579, 4.904304
0.039589, 4.904399
0.039599, 4.904494
0.039609, 4.904590
0.039619, 4.904685
0.039629, 4.904780
0.039639, 4.904875
0.039649, 4.904970
0.039659, 4.905065
0.039669, 4.905160
0.039679, 4.905255
0.039689, 4.905349
0.039699, 4.905444
0.039709, 4.905538
0.039719, 4.905632
0.039729, 4.905727
0.039739, 4.905821
0.039749, 4.905915
0.039759, 4.906009
0.039769, 4.906103
0.039779, 4.906197
0.039789, 4.906291
0.039799, 4.906384
0.039809, 4.906478
0.039819, 4.906571
0.039829, 4.906665
0.039839, 4.906758
0.039849, 4.906851
0.039859, 4.906944
0.039869, 4.907037
0.039879, 4.907130
0.039889, 4.907223
0.039899, 4.907316
0.039909, 4.907408
0.039919, 4.907501
0.039929, 4.907593
0.039939, 4.907686
0.039949, 4.907778
0.039959, 4.907870
0.039969, 4.907962
0.039979, 4.908054
0.039989, 4.908146
0.039999, 4.908237
0.040009, 4.908329
0.040019, 4.908421
0.040029, 4.908512
0.040039, 4.908604
0.040049, 4.908695
0.040059, 4.908786
0.040069, 4.908877
0.040079, 4.908968
0.040089, 4.909059
0.040099, 4.909150
0.040109, 4.909241
0.040119, 4.909331
0.040129, 4.909422
0.040139, 4.909513
0.040149, 4.909603
0.040159, 4.909693
0.040169, 4.909783
0.040179, 4.909873
0.040189, 4.909964
0.040199, 4.910054
0.040209, 4.910143
0.040219, 4.910233
0.040229, 4.910323
0.040239, 4.910412
0.040249, 4.910502
0.040259, 4.910592
0.040269, 4.910681
0.040279, 4.910770
0.040289, 4.910859
0.040299, 4.910948
0.040309, 4.911037
0.040319, 4.911126
0.040329, 4.911215
0.040339, 4.911304
0.040349, 4.911392
0.040359, 4.911481
0.040369, 4.911569
0.040379, 4.911657
0.040389, 4.911746
0.040399, 4.911834
0.040409, 4.911922
0.040419, 4.912010
0.040429, 4.912098
0.040439, 4.912186
0.040449, 4.912273
0.040459, 4.912361
0.040469, 4.912449
0.040479, 4.912536
0.040489, 4.912623
0.040499, 4.912711
0.040509, 4.912798
0.040519, 4.912885
0.040529, 4.912972
0.040539, 4.913059
0.040549, 4.913146
0.040559, 4.913233
0.040569, 4.913320
0.040579, 4.913406
0.040589, 4.913493
0.040599, 4.913579
0.040609, 4.913665
0.040619, 4.913752
0.040629, 4.913838
0.040639, 4.913924
0.040649, 4.914010
0.040659, 4.914096
0.040669, 4.914182
0.040679, 4.914268
0.040689, 4.914353
0.040699, 4.914439
0.040709, 4.914524
0.040719, 4.914609
0.040729, 4.914695
0.040739, 4.914780
0.040749, 4.914865
0.040759, 4.914950
0.040769, 4.915035
0.040779, 4.915120
0.040789, 4.915205
0.040799, 4.915290
0.040809, 4.915374
0.040819, 4.915459
0.040829, 4.915543
0.040839, 4.915627
0.040849, 4.915712
0.040859, 4.915796
0.040869, 4.915880
0.040879, 4.915964
0.040889, 4.916048
0.040899, 4.916132
0.040909, 4.916216
0.040919, 4.916300
0.040929, 4.916383
0.040939, 4.916467
0.040949, 4.916550
0.040959, 4.916634
0.040969, 4.916717
0.040979, 4.916800
0.040989, 4.916883
0.040999, 4.916966
0.041009, 4.917049
0.041019, 4.917132
0.041029, 4.917215
0.041039, 4.917297
0.041049, 4.917380
0.041059, 4.917462
0.041069, 4.917545
0.041079, 4.917627
0.041089, 4.917710
0.041099, 4.917792
0.041109, 4.917874
0.041119, 4.917956
0.041129, 4.918038
0.041139, 4.918120
0.041149, 4.918202
0.041159, 4.918283
0.041169, 4.918365
0.041179, 4.918447
0.041189, 4.918528
0.041199, 4.918610
0.041209, 4.918691
0.041219, 4.918772
0.041229, 4.918853
0.041239, 4.918934
0.041249, 4.919015
0.041259, 4.919096
0.041269, 4.919177
0.041279, 4.919258
0.041289, 4.919338
0.041299, 4.919419
0.041309, 4.919499
0.041319, 4.919580
0.041329, 4.919660
0.041339, 4.919740
0.041349, 4.919820
0.041359, 4.919900
0.041369, 4.919981
0.041379, 4.920061
0.041389, 4.920140
0.041399, 4.920220
0.041409, 4.920300
0.041419, 4.920379
0.041429, 4.920459
0.041439, 4.920538
0.041449, 4.920618
0.041459, 4.920697
0.041469, 4.920776
0.041479, 4.920855
0.041489, 4.920934
0.041499, 4.921013
0.041509, 4.921092
0.041519, 4.921171
0.041529, 4.921249
0.041539, 4.921328
0.041549, 4.921407
0.041559, 4.921485
0.041569, 4.921564
0.041579, 4.921642
0.041589, 4.921720
0.041599, 4.921798
0.041609, 4.921876
0.041619, 4.921955
0.041629, 4.922033
0.041639, 4.922111
0.041649, 4.922188
0.041659, 4.922266
0.041669, 4.922344
0.041679, 4.922421
0.041689, 4.922499
0.041699, 4.922576
0.041709, 4.922654
0.041719, 4.922731
0.041729, 4.922808
0.041739, 4.922885
0.041749, 4.922963
0.041759, 4.923039
0.041769, 4.923116
0.041779, 4.923193
0.041789, 4.923270
0.041799, 4.923347
0.041809, 4.923423
0.041819, 4.923500
0.041829, 4.923576
0.041839, 4.923652
0.041849, 4.923728
0.041859, 4.923805
0.041869, 4.923881
0.041879, 4.923957
0.041889, 4.924033
0.041899, 4.924109
0.041909, 4.924184
0.041919, 4.924260
0.041929, 4.924336
0.041939, 4.924412
0.041949, 4.924487
0.041959, 4.924562
0.041969, 4.924638
0.041979, 4.924713
0.041989, 4.924788
0.041999, 4.924864
0.042009, 4.924939
0.042019, 4.925014
0.042029, 4.925088
0.042039, 4.925163
0.042049, 4.925238
0.042059, 4.925313
0.042069, 4.925387
0.042079, 4.925462
0.042089, 4.925536
0.042099, 4.925611
0.042109, 4.925685
0.042119, 4.925759
0.042129, 4.925834
0.042139, 4.925908
0.042149, 4.925982
0.042159, 4.926055
0.042169, 4.926129
0.042179, 4.926203
0.042189, 4.926277
0.042199, 4.926351
0.042209, 4.926424
0.042219, 4.926497
0.042229, 4.926571
0.042239, 4.926644
0.042249, 4.926718
0.042259, 4.926791
0.042269, 4.926864
0.042279, 4.926937
0.042289, 4.927010
0.042299, 4.927083
0.042309, 4.927156
0.042319, 4.927229
0.042329, 4.927301
0.042339, 4.927374
0.042349, 4.927446
0.042359, 4.927519
0.042369, 4.927591
0.042379, 4.927664
0.042389, 4.927736
0.042399, 4.927808
0.042409, 4.927880
0.042419, 4.927952
0.042429, 4.928024
0.042439, 4.928096
0.042449, 4.928168
0.042459, 4.928240
0.042469, 4.928311
0.042479, 4.928383
0.042489, 4.928454
0.042499, 4.928526
0.042509, 4.928597
0.042519, 4.928669
0.042529, 4.928740
0.042539, 4.928811
0.042549, 4.928882
0.042559, 4.928953
0.042569, 4.929024
0.042579, 4.929095
0.042589, 4.929166
0.042599, 4.929237
0.042609, 4.929307
0.042619, 4.929378
0.042629, 4.929449
0.042639, 4.929519
0.042649, 4.929590
0.042659, 4.929660
0.042669, 4.929730
0.042679, 4.929801
0.042689, 4.929871
0.042699, 4.929941
0.042709, 4.930011
0.042719, 4.930081
0.042729, 4.930151
0.042739, 4.930220
0.042749, 4.930290
0.042759, 4.930359
0.042769, 4.930429
0.042779, 4.930499
0.042789, 4.930568
0.042799, 4.930637
0.042809, 4.930707
0.042819, 4.930776
0.042829, 4.930845
0.042839, 4.930914
0.042849, 4.930983
0.042859, 4.931052
0.042869, 4.931121
0.042879, 4.931190
0.042889, 4.931258
0.042899, 4.931327
0.042909, 4.931396
0.042919, 4.931464
0.042929, 4.931533
0.042939, 4.931601
0.042949, 4.931669
0.042959, 4.931737
0.042969, 4.931806
0.042979, 4.931874
0.042989, 4.931942
0.042999, 4.932010
0.043009, 4.932078
0.043019, 4.932146
0.043029, 4.932213
0.043039, 4.932281
0.043049, 4.932349
0.043059, 4.932416
0.043069, 4.932484
0.043079, 4.932551
0.043089, 4.932619
0.043099, 4.932686
0.043109, 4.932753
0.043119, 4.932820
0.043129, 4.932888
0.043139, 4.932955
0.043149, 4.933022
0.043159, 4.933088
0.043169, 4.933155
0.043179, 4.933222
0.043189, 4.933289
0.043199, 4.933355
0.043209, 4.933422
0.043219, 4.933488
0.043229, 4.933555
0.043239, 4.933621
0.043249, 4.933687
0.043259, 4.933753
0.043269, 4.933820
0.043279, 4.933886
0.043289, 4.933952
0.043299, 4.934018
0.043309, 4.934084
0.043319, 4.934150
0.043329, 4.934216
0.043339, 4.934281
0.043349, 4.934347
0.043359, 4.934413
0.043369, 4.934478
0.043379, 4.934544
0.043389, 4.934609
0.043399, 4.934674
0.043409, 4.934740
0.043419, 4.934805
0.043429, 4.934870
0.043439, 4.934935
0.043449, 4.935000
0.043459, 4.935065
0.043469, 4.935130
0.043479, 4.935194
0.043489, 4.935259
0.043499, 4.935324
0.043509, 4.935389
0.043519, 4.935453
0.043529, 4.935517
0.043539, 4.935582
0.043549, 4.935646
0.043559, 4.935710
0.043569, 4.935775
0.043579, 4.935839
0.043589, 4.935903
0.043599, 4.935967
0.043609, 4.936031
0.043619, 4.936095
0.043629, 4.936159
0.043639, 4.936223
0.043649, 4.936286
0.043659, 4.936350
0.043669, 4.936413
0.043679, 4.936477
0.043689, 4.936540
0.043699, 4.936604
0.043709, 4.936667
0.043719, 4.936730
0.043729, 4.936794
0.043739, 4.936857
0.043749, 4.936920
0.043759, 4.936983
0.043769, 4.937046
0.043779, 4.937109
0.043789, 4.937171
0.043799, 4.937234
0.043809, 4.937297
0.043819, 4.937359
0.043829, 4.937422
0.043839, 4.937484
0.043849, 4.937547
0.043859, 4.937609
0.043869, 4.937672
0.043879, 4.937734
0.043889, 4.937796
0.043899, 4.937858
0.043909, 4.937920
0.043919, 4.937982
0.043929, 4.938044
0.043939, 4.938106
0.043949, 4.938168
0.043959, 4.938230
0.043969, 4.938292
0.043979, 4.938353
0.043989, 4.938415
0.043999, 4.938476
0.044009, 4.938538
0.044019, 4.938599
0.044029, 4.938661
0.044039, 4.938722
0.044049, 4.938783
0.044059, 4.938844
0.044069, 4.938905
0.044079, 4.938966
0.044089, 4.939027
0.044099, 4.939088
0.044109, 4.939149
0.044119, 4.939210
0.044129, 4.939270
0.044139, 4.939331
0.044149, 4.939392
0.044159, 4.939452
0.044169, 4.939513
0.044179, 4.939573
0.044189, 4.939634
0.044199, 4.939694
0.044209, 4.939754
0.044219, 4.939814
0.044229, 4.939874
0.044239, 4.939934
0.044249, 4.939994
0.044259, 4.940054
0.044269, 4.940114
0.044279, 4.940174
0.044289, 4.940234
0.044299, 4.940293
0.044309, 4.940353
0.044319, 4.940413
0.044329, 4.940472
0.044339, 4.940532
0.044349, 4.940591
0.044359, 4.940650
0.044369, 4.940710
0.044379, 4.940769
0.044389, 4.940828
0.044399, 4.940887
0.044409, 4.940946
0.044419, 4.941005
0.044429, 4.941064
0.044439, 4.941123
0.044449, 4.941182
0.044459, 4.941240
0.044469, 4.941299
0.044479, 4.941358
0.044489, 4.941416
0.044499, 4.941475
0.044509, 4.941534
0.044519, 4.941592
0.044529, 4.941650
0.044539, 4.941708
0.044549, 4.941766
0.044559, 4.941824
0.044569, 4.941883
0.044579, 4.941941
0.044589, 4.941999
0.044599, 4.942057
0.044609, 4.942115
0.044619, 4.942173
0.044629, 4.942230
0.044639, 4.942288
0.044649, 4.942346
0.044659, 4.942403
0.044669, 4.942461
0.044679, 4.942519
0.044689, 4.942576
0.044699, 4.942633
0.044709, 4.942690
0.044719, 4.942748
0.044729, 4.942805
0.044739, 4.942862
0.044749, 4.942919
0.044759, 4.942976
0.044769, 4.943033
0.044779, 4.943090
0.044789, 4.943147
0.044799, 4.943203
0.044809, 4.943260
0.044819, 4.943317
0.044829, 4.943374
0.044839, 4.943430
0.044849, 4.943487
0.044859, 4.943543
0.044869, 4.943600
0.044879, 4.943656
0.044889, 4.943712
0.044899, 4.943769
0.044909, 4.943825
0.044919, 4.943881
0.044929, 4.943937
0.044939, 4.943993
0.044949, 4.944049
0.044959, 4.944105
0.044969, 4.944160
0.044979, 4.944216
0.044989, 4.944272
0.044999, 4.944328
0.045009, 4.944384
0.045019, 4.944439
0.045029, 4.944495
0.045039, 4.944550
0.045049, 4.944605
0.045059, 4.944661
0.045069, 4.944716
0.045079, 4.944771
0.045089, 4.944827
0.045099, 4.944882
0.045109, 4.944937
0.045119, 4.944992
0.045129, 4.945046
0.045139, 4.945101
0.045149, 4.945156
0.045159, 4.945211
0.045169, 4.945266
0.045179, 4.945321
0.045189, 4.945375
0.045199, 4.945430
0.045209, 4.945484
0.045219, 4.945539
0.045229, 4.945593
0.045239, 4.945647
0.045249, 4.945702
0.045259, 4.945756
0.045269, 4.945810
0.045279, 4.945865
0.045289, 4.945919
0.045299, 4.945972
0.045309, 4.946026
0.045319, 4.946080
0.045329, 4.946134
0.045339, 4.946188
0.045349, 4.946242
0.045359, 4.946296
0.045369, 4.946350
0.045379, 4.946403
0.045389, 4.946456
0.045399, 4.946510
0.045409, 4.946563
0.045419, 4.946617
0.045429, 4.946670
0.045439, 4.946723
0.045449, 4.946777
0.045459, 4.946830
0.045469, 4.946883
0.045479, 4.946936
0.045489, 4.946989
0.045499, 4.947042
0.045509, 4.947095
0.045519, 4.947148
0.045529, 4.947201
0.045539, 4.947254
0.045549, 4.947307
0.045559, 4.947359
0.045569, 4.947412
0.045579, 4.947464
0.045589, 4.947516
0.045599, 4.947569
0.045609, 4.947621
0.045619, 4.947674
0.045629, 4.947726
0.045639, 4.947779
0.045649, 4.947831
0.045659, 4.947883
0.045669, 4.947935
0.045679, 4.947987
0.045689, 4.948039
0.045699, 4.948091
0.045709, 4.948143
0.045719, 4.948195
0.045729, 4.948246
0.045739, 4.948298
0.045749, 4.948349
0.045759, 4.948401
0.045769, 4.948452
0.045779, 4.948504
0.045789, 4.948555
0.045799, 4.948607
0.045809, 4.948658
0.045819, 4.948710
0.045829, 4.948761
0.045839, 4.948812
0.045849, 4.948863
0.045859, 4.948914
0.045869, 4.948965
0.045879, 4.949016
0.045889, 4.949067
0.045899, 4.949118
0.045909, 4.949169
0.045919, 4.949220
0.045929, 4.949270
0.045939, 4.949321
0.045949, 4.949371
0.045959, 4.949422
0.045969, 4.949472
0.045979, 4.949523
0.045989, 4.949574
0.045999, 4.949624
0.046009, 4.949675
0.046019, 4.949725
0.046029, 4.949775
0.046039, 4.949825
0.046049, 4.949875
0.046059, 4.949925
0.046069, 4.949975
0.046079, 4.950025
0.046089, 4.950075
0.046099, 4.950125
0.046109, 4.950175
0.046119, 4.950224
0.046129, 4.950274
0.046139, 4.950324
0.046149, 4.950373
0.046159, 4.950423
0.046169, 4.950472
0.046179, 4.950522
0.046189, 4.950572
0.046199, 4.950621
0.046209, 4.950670
0.046219, 4.950719
0.046229, 4.950768
0.046239, 4.950818
0.046249, 4.950867
0.046259, 4.950916
0.046269, 4.950965
0.046279, 4.951014
0.046289, 4.951063
0.046299, 4.951112
0.046309, 4.951161
0.046319, 4.951210
0.046329, 4.951258
0.046339, 4.951307
0.046349, 4.951355
0.046359, 4.951404
0.046369, 4.951453
0.046379, 4.951501
0.046389, 4.951550
0.046399, 4.951599
0.046409, 4.951647
0.046419, 4.951695
0.046429, 4.951743
0.046439, 4.951791
0.046449, 4.951839
0.046459, 4.951888
0.046469, 4.951936
0.046479, 4.951984
0.046489, 4.952032
0.046499, 4.952080
0.046509, 4.952127
0.046519, 4.952175
0.046529, 4.952223
0.046539, 4.952271
0.046549, 4.952318
0.046559, 4.952366
0.046569, 4.952414
0.046579, 4.952461
0.046589, 4.952509
0.046599, 4.952556
0.046609, 4.952603
0.046619, 4.952651
0.046629, 4.952698
0.046639, 4.952745
0.046649, 4.952792
0.046659, 4.952839
0.046669, 4.952887
0.046679, 4.952934
0.046689, 4.952981
0.046699, 4.953028
0.046709, 4.953075
0.046719, 4.953122
0.046729, 4.953168
0.046739, 4.953215
0.046749, 4.953262
0.046759, 4.953309
0.046769, 4.953355
0.046779, 4.953402
0.046789, 4.953449
0.046799, 4.953496
0.046809, 4.953542
0.046819, 4.953588
0.046829, 4.953634
0.046839, 4.953681
0.046849, 4.953727
0.046859, 4.953773
0.046869, 4.953819
0.046879, 4.953866
0.046889, 4.953912
0.046899, 4.953958
0.046909, 4.954004
0.046919, 4.954050
0.046929, 4.954095
0.046939, 4.954141
0.046949, 4.954187
0.046959, 4.954233
0.046969, 4.954278
0.046979, 4.954324
0.046989, 4.954370
0.046999, 4.954416
0.047008, 4.954462
0.047018, 4.954507
0.047028, 4.954552
0.047038, 4.954597
0.047048, 4.954643
0.047058, 4.954688
0.047068, 4.954733
0.047078, 4.954779
0.047088, 4.954824
0.047098, 4.954869
0.047108, 4.954915
0.047118, 4.954959
0.047128, 4.955004
0.047138, 4.955049
0.047148, 4.955094
0.047158, 4.955139
0.047168, 4.955184
0.047178, 4.955228
0.047188, 4.955273
0.047198, 4.955318
0.047208, 4.955363
0.047218, 4.955408
0.047228, 4.955452
0.047238, 4.955496
0.047248, 4.955541
0.047258, 4.955585
0.047268, 4.955629
0.047278, 4.955674
0.047288, 4.955718
0.047298, 4.955762
0.047308, 4.955807
0.047318, 4.955851
0.047328, 4.955895
0.047338, 4.955939
0.047348, 4.955983
0.047358, 4.956027
0.047368, 4.956070
0.047378, 4.956114
0.047388, 4.956158
0.047398, 4.956202
0.047408, 4.956246
0.047418, 4.956290
0.047428, 4.956334
0.047438, 4.956377
0.047448, 4.956420
0.047458, 4.956464
0.047468, 4.956507
0.047478, 4.956551
0.047488, 4.956594
0.047498, 4.956637
0.047508, 4.956681
0.047518, 4.956724
0.047528, 4.956768
0.047538, 4.956811
0.047548, 4.956854
0.047558, 4.956897
0.047568, 4.956940
0.047578, 4.956983
0.047588, 4.957026
0.047598, 4.957068
0.047608, 4.957111
0.047618, 4.957154
0.047628, 4.957197
0.047638, 4.957240
0.047648, 4.957283
0.047658, 4.957325
0.047668, 4.957368
0.047678, 4.957410
0.047688, 4.957453
0.047698, 4.957495
0.047708, 4.957538
0.047718, 4.957580
0.047728, 4.957623
0.047738, 4.957665
0.047748, 4.957707
0.047758, 4.957750
0.047768, 4.957792
0.047778, 4.957834
0.047788, 4.957876
0.047798, 4.957918
0.047808, 4.957960
0.047818, 4.958002
0.047828, 4.958044
0.047838, 4.958086
0.047848, 4.958128
0.047858, 4.958170
0.047868, 4.958212
0.047878, 4.958254
0.047888, 4.958295
0.047898, 4.958337
0.047908, 4.958378
0.047918, 4.958420
0.047928, 4.958461
0.047938, 4.958503
0.047948, 4.958544
0.047958, 4.958586
0.047968, 4.958627
0.047978, 4.958669
0.047988, 4.958710
0.047998, 4.958752
0.048008, 4.958793
0.048018, 4.958834
0.048028, 4.958875
0.048038, 4.958916
0.048048, 4.958957
0.048058, 4.958998
0.048068, 4.959039
0.048078, 4.959080
0.048088, 4.959121
0.048098, 4.959162
0.048108, 4.959203
0.048118, 4.959243
0.048128, 4.959284
0.048138, 4.959324
0.048148, 4.959365
0.048158, 4.959405
0.048168, 4.959446
0.048178, 4.959486
0.048188, 4.959527
0.048198, 4.959568
0.048208, 4.959608
0.048218, 4.959649
0.048228, 4.959689
0.048238, 4.959729
0.048248, 4.959769
0.048258, 4.959809
0.048268, 4.959849
0.048278, 4.959889
0.048288, 4.959929
0.048298, 4.959970
0.048308, 4.960010
0.048318, 4.960050
0.048328, 4.960090
0.048338, 4.960130
0.048348, 4.960170
0.048358, 4.960209
0.048368, 4.960249
0.048378, 4.960289
0.048388, 4.960328
0.048398, 4.960368
0.048408, 4.960407
0.048418, 4.960447
0.048428, 4.960486
0.048438, 4.960526
0.048448, 4.960566
0.048458, 4.960605
0.048468, 4.960645
0.048478, 4.960684
0.048488, 4.960723
0.048498, 4.960762
0.048508, 4.960801
0.048518, 4.960840
0.048528, 4.960879
0.048538, 4.960918
0.048548, 4.960958
0.048558, 4.960997
0.048568, 4.961036
0.048578, 4.961075
0.048588, 4.961114
0.048598, 4.961153
0.048608, 4.961191
0.048618, 4.961230
0.048628, 4.961268
0.048638, 4.961307
0.048648, 4.961346
0.048658, 4.961384
0.048668, 4.961423
0.048678, 4.961462
0.048688, 4.961500
0.048698, 4.961539
0.048708, 4.961577
0.048718, 4.961616
0.048728, 4.961654
0.048738, 4.961692
0.048748, 4.961730
0.048758, 4.961768
0.048768, 4.961806
0.048778, 4.961844
0.048788, 4.961883
0.048798, 4.961921
0.048808, 4.961959
0.048818, 4.961997
0.048828, 4.962035
0.048838, 4.962073
0.048848, 4.962111
0.048858, 4.962149
0.048868, 4.962186
0.048878, 4.962224
0.048888, 4.962262
0.048898, 4.962299
0.048908, 4.962337
0.048918, 4.962375
0.048928, 4.962412
0.048938, 4.962450
0.048948, 4.962488
0.048958, 4.962525
0.048968, 4.962563
0.048978, 4.962600
0.048988, 4.962637
0.048998, 4.962675
0.049008, 4.962712
0.049018, 4.962749
0.049028, 4.962786
0.049038, 4.962823
0.049048, 4.962861
0.049058, 4.962898
0.049068, 4.962935
0.049078, 4.962972
0.049088, 4.963009
0.049098, 4.963046
0.049108, 4.963083
0.049118, 4.963120
0.049128, 4.963156
0.049138, 4.963193
0.049148, 4.963230
0.049158, 4.963266
0.049168, 4.963303
0.049178, 4.963340
0.049188, 4.963377
0.049198, 4.963413
0.049208, 4.963450
0.049218, 4.963487
0.049228, 4.963523
0.049238, 4.963559
0.049248, 4.963595
0.049258, 4.963632
0.049268, 4.963668
0.049278, 4.963704
0.049288, 4.963740
0.049298, 4.963777
0.049308, 4.963813
0.049318, 4.963849
0.049328, 4.963885
0.049338, 4.963922
0.049348, 4.963958
0.049358, 4.963994
0.049368, 4.964030
0.049378, 4.964066
0.049388, 4.964101
0.049398, 4.964137
0.049408, 4.964173
0.049418, 4.964209
0.049428, 4.964244
0.049438, 4.964280
0.049448, 4.964316
0.049458, 4.964352
0.049468, 4.964387
0.049478, 4.964423
0.049488, 4.964459
0.049498, 4.964494
0.049508, 4.964530
0.049518, 4.964565
0.049528, 4.964600
0.049538, 4.964635
0.049548, 4.964671
0.049558, 4.964706
0.049568, 4.964741
0.049578, 4.964777
0.049588, 4.964812
0.049598, 4.964847
0.049608, 4.964882
0.049618, 4.964918
0.049628, 4.964952
0.049638, 4.964987
0.049648, 4.965022
0.049658, 4.965057
0.049668, 4.965092
0.049678, 4.965127
0.049688, 4.965161
0.049698, 4.965196
0.049708, 4.965231
0.049718, 4.965266
0.049728, 4.965301
0.049738, 4.965335
0.049748, 4.965370
0.049758, 4.965405
0.049768, 4.965439
0.049778, 4.965474
0.049788, 4.965508
0.049798, 4.965542
0.049808, 4.965577
0.049818, 4.965611
0.049828, 4.965645
0.049838, 4.965680
0.049848, 4.965714
0.049858, 4.965748
0.049868, 4.965783
0.049878, 4.965817
0.049888, 4.965851
0.049898, 4.965886
0.049908, 4.965919
0.049918, 4.965953
0.049928, 4.965987
0.049938, 4.966021
0.049948, 4.966055
0.049958, 4.966089
0.049968, 4.966123
0.049978, 4.966156
0.049988, 4.966190
0.049998, 4.966224
