0.000000 
0.454545 
0.867769 
1.243426 
1.584933 
1.895393 
2.177630 
2.434209 
2.667463 
2.879512 
3.072284 
3.247531 
3.406846 
3.551678 
3.683344 
3.803040 
3.911854 
4.010777 
4.100706 
4.182460 
4.256782 
4.324347 
4.385770 
4.441609 
4.492372 
4.538520 
4.580473 
4.618612 
4.653283 
4.684803 
4.713457 
4.739507 
4.763188 
4.784716 
4.804287 
4.822079 
4.838254 
4.852958 
4.866326 
4.878478 
4.889525 
4.899569 
4.908699 
4.916999 
4.924544 
4.931404 
4.937640 
4.943309 
4.948463 
4.953148 
