0.00010
0.00019
0.00028
0.00036
0.00045
0.00053
0.00061
0.00069
0.00076
0.00084
0.00091
0.00099
0.00106
0.00113
0.00120
0.00127
0.00134
0.00141
0.00148
0.00154
0.00161
0.00167
0.00174
0.00180
0.00186
0.00192
0.00199
0.00205
0.00211
0.00217
0.00223
0.00228
0.00234
0.00240
0.00246
0.00251
0.00257
0.00262
0.00268
0.00273
0.00279
0.00284
0.00290
0.00295
0.00300
0.00305
0.00310
0.00315
0.00321
0.00326
0.00331
0.00336
0.00340
0.00345
0.00350
0.00355
0.00360
0.00364
0.00369
0.00374
0.00378
0.00383
0.00388
0.00392
0.00397
0.00401
0.00406
0.00410
0.00414
0.00419
0.00423
0.00427
0.00432
0.00436
0.00440
0.00444
0.00448
0.00452
0.00457
0.00461
0.00465
0.00469
0.00473
0.00477
0.00481
0.00484
0.00488
0.00492
0.00496
0.00500
0.00504
0.00507
0.00511
0.00515
0.00519
0.00522
0.00526
0.00530
0.00533
0.00537
0.00540
0.00544
0.00547
0.00551
0.00554
0.00558
0.00561
0.00565
0.00568
0.00571
0.00575
0.00578
0.00582
0.00585
0.00588
0.00591
0.00595
0.00598
0.00601
0.00604
0.00607
0.00611
0.00614
0.00617
0.00620
0.00623
0.00626
0.00629
0.00632
0.00635
0.00638
0.00641
0.00644
0.00647
0.00650
0.00653
0.00656
0.00659
0.00662
0.00664
0.00667
0.00670
0.00673
0.00676
0.00679
0.00681
0.00684
0.00687
0.00690
0.00692
0.00695
0.00698
0.00700
0.00703
0.00706
0.00708
0.00711
0.00713
0.00716
0.00719
0.00721
0.00724
0.00726
0.00729
0.00731
0.00734
0.00736
0.00739
0.00741
0.00744
0.00746
0.00748
0.00751
0.00753
0.00756
0.00758
0.00760
0.00763
0.00765
0.00767
0.00770
0.00772
0.00774
0.00776
0.00779
0.00781
0.00783
0.00785
0.00788
0.00790
0.00792
0.00794
0.00796
0.00799
0.00801
0.00803
0.00805
0.00807
0.00809
0.00811
0.00813
0.00815
0.00818
0.00820
0.00822
0.00824
0.00826
0.00828
0.00830
0.00832
0.00834
0.00836
0.00838
0.00840
0.00842
0.00844
0.00846
0.00847
0.00849
0.00851
0.00853
0.00855
0.00857
0.00859
0.00861
0.00863
0.00864
0.00866
0.00868
0.00870
0.00872
0.00873
0.00875
0.00877
0.00879
0.00881
0.00882
0.00884
0.00886
0.00888
0.00889
0.00891
0.00893
0.00894
0.00896
0.00898
0.00899
0.00901
0.00903
0.00904
0.00906
0.00908
0.00909
0.00911
0.00913
0.00914
0.00916
0.00917
0.00919
0.00921
0.00922
0.00924
0.00925
0.00927
0.00928
0.00930
0.00932
0.00933
0.00935
0.00936
0.00938
0.00939
0.00941
0.00942
0.00944
0.00945
0.00946
0.00948
0.00949
0.00951
0.00952
0.00954
0.00955
0.00957
0.00958
0.00959
0.00961
0.00962
0.00964
0.00965
0.00966
0.00968
0.00969
0.00970
0.00972
0.00973
0.00974
0.00976
0.00977
0.00978
0.00980
0.00981
0.00982
0.00984
0.00985
0.00986
0.00987
0.00989
0.00990
0.00991
0.00993
0.00994
0.00995
0.00996
0.00997
0.00999
0.01000
0.01001
0.01002
0.01004
0.01005
0.01006
0.01007
0.01008
0.01010
0.01011
0.01012
0.01013
0.01014
0.01015
0.01017
0.01018
0.01019
0.01020
0.01021
0.01022
0.01023
0.01024
0.01026
0.01027
0.01028
0.01029
0.01030
0.01031
0.01032
0.01033
0.01034
0.01035
0.01036
0.01037
0.01039
0.01040
0.01041
0.01042
0.01043
0.01044
0.01045
0.01046
0.01047
0.01048
0.01049
0.01050
0.01051
0.01052
0.01053
0.01054
0.01055
0.01056
0.01057
0.01058
0.01059
0.01060
0.01061
0.01062
0.01063
0.01064
0.01064
0.01065
0.01066
0.01067
0.01068
0.01069
0.01070
0.01071
0.01072
0.01073
0.01074
0.01075
0.01075
0.01076
0.01077
0.01078
0.01079
0.01080
0.01081
0.01082
0.01083
0.01083
0.01084
0.01085
0.01086
0.01087
0.01088
0.01089
0.01089
0.01090
0.01091
0.01092
0.01093
0.01093
0.01094
0.01095
0.01096
0.01097
0.01098
0.01098
0.01099
0.01100
0.01101
0.01102
0.01102
0.01103
0.01104
0.01105
0.01105
0.01106
0.01107
0.01108
0.01108
0.01109
0.01110
0.01111
0.01111
0.01112
0.01113
0.01114
0.01114
0.01115
0.01116
0.01117
0.01117
0.01118
0.01119
0.01119
0.01120
0.01121
0.01122
0.01122
0.01123
0.01124
0.01124
0.01125
0.01126
0.01126
0.01127
0.01128
0.01128
0.01129
0.01130
0.01130
0.01131
0.01132
0.01132
0.01133
0.01134
0.01134
0.01135
0.01136
0.01136
0.01137
0.01138
0.01138
0.01139
0.01139
0.01140
0.01141
0.01141
0.01142
0.01143
0.01143
0.01144
0.01144
0.01145
0.01146
0.01146
0.01147
0.01147
0.01148
0.01149
0.01149
0.01150
0.01150
0.01151
0.01152
0.01152
0.01153
0.01153
0.01154
0.01154
0.01155
0.01156
0.01156
0.01157
0.01157
0.01158
0.01158
0.01159
0.01159
0.01160
0.01161
0.01161
0.01162
0.01162
0.01163
0.01163
0.01164
0.01164
0.01165
0.01165
0.01166
0.01166
0.01167
0.01167
0.01168
0.01168
0.01169
0.01169
0.01170
0.01170
0.01171
0.01171
0.01172
0.01172
0.01173
0.01173
0.01174
0.01174
0.01175
0.01175
0.01176
0.01176
0.01177
0.01177
0.01178
0.01178
0.01179
0.01179
0.01180
0.01180
0.01180
0.01181
0.01181
0.01182
0.01182
0.01183
0.01183
0.01184
0.01184
0.01185
0.01185
0.01185
0.01186
0.01186
0.01187
0.01187
0.01188
0.01188
0.01188
0.01189
0.01189
0.01190
0.01190
0.01191
0.01191
0.01191
0.01192
0.01192
0.01193
0.01193
0.01194
0.01194
0.01194
0.01195
0.01195
0.01196
0.01196
0.01196
0.01197
0.01197
0.01197
0.01198
0.01198
0.01199
0.01199
0.01199
0.01200
0.01200
0.01201
0.01201
0.01201
0.01202
0.01202
0.01202
0.01203
0.01203
0.01204
0.01204
0.01204
0.01205
0.01205
0.01205
0.01206
0.01206
0.01206
0.01207
0.01207
0.01208
0.01208
0.01208
0.01209
0.01209
0.01209
0.01210
0.01210
0.01210
0.01211
0.01211
0.01211
0.01212
0.01212
0.01212
0.01213
0.01213
0.01213
0.01214
0.01214
0.01214
0.01215
0.01215
0.01215
0.01216
0.01216
0.01216
0.01217
0.01217
0.01217
0.01217
0.01218
0.01218
0.01218
0.01219
0.01219
0.01219
0.01220
0.01220
0.01220
0.01221
0.01221
0.01221
0.01221
0.01222
0.01222
0.01222
0.01223
0.01223
0.01223
0.01223
0.01224
0.01224
0.01224
0.01225
0.01225
0.01225
0.01225
0.01226
0.01226
0.01226
0.01227
0.01227
0.01227
0.01227
0.01228
0.01228
0.01228
0.01228
0.01229
0.01229
0.01229
0.01230
0.01230
0.01230
0.01230
0.01231
0.01231
0.01231
0.01231
0.01232
0.01232
0.01232
0.01232
0.01233
0.01233
0.01233
0.01233
0.01234
0.01234
0.01234
0.01234
0.01235
0.01235
0.01235
0.01235
0.01236
0.01236
0.01236
0.01236
0.01237
0.01237
0.01237
0.01237
0.01237
0.01238
0.01238
0.01238
0.01238
0.01239
0.01239
0.01239
0.01239
0.01240
0.01240
0.01240
0.01240
0.01240
0.01241
0.01241
0.01241
0.01241
0.01241
0.01242
0.01242
0.01242
0.01242
0.01243
0.01243
0.01243
0.01243
0.01243
0.01244
0.01244
0.01244
0.01244
0.01244
0.01245
0.01245
0.01245
0.01245
0.01245
0.01246
0.01246
0.01246
0.01246
0.01246
0.01247
0.01247
0.01247
0.01247
0.01247
0.01248
0.01248
0.01248
0.01248
0.01248
0.01249
0.01249
0.01249
0.01249
0.01249
0.01249
0.01250
0.01250
0.01250
0.01250
0.01250
0.01251
0.01251
0.01251
0.01251
0.01251
0.01251
0.01252
0.01252
0.01252
0.01252
0.01252
0.01253
0.01253
0.01253
0.01253
0.01253
0.01253
0.01254
0.01254
0.01254
0.01254
0.01254
0.01254
0.01255
0.01255
0.01255
0.01255
0.01255
0.01255
0.01256
0.01256
0.01256
0.01256
0.01256
0.01256
0.01256
0.01257
0.01257
0.01257
0.01257
0.01257
0.01257
0.01258
0.01258
0.01258
0.01258
0.01258
0.01258
0.01258
0.01259
0.01259
0.01259
0.01259
0.01259
0.01259
0.01260
0.01260
0.01260
0.01260
0.01260
0.01260
0.01260
0.01261
0.01261
0.01261
0.01261
0.01261
0.01261
0.01261
0.01262
0.01262
0.01262
0.01262
0.01262
0.01262
0.01262
0.01262
0.01263
0.01263
0.01263
0.01263
0.01263
0.01263
0.01263
0.01264
0.01264
0.01264
0.01264
0.01264
0.01264
0.01264
0.01264
0.01265
0.01265
0.01265
0.01265
0.01265
0.01265
0.01265
0.01265
0.01266
0.01266
0.01266
0.01266
0.01266
0.01266
0.01266
0.01266
0.01266
0.01267
0.01267
0.01267
0.01267
0.01267
0.01267
0.01267
0.01267
0.01268
0.01268
0.01268
0.01268
0.01268
0.01268
0.01268
0.01268
0.01268
0.01269
0.01269
0.01269
0.01269
0.01269
0.01269
0.01269
0.01269
0.01269
0.01270
0.01270
0.01270
0.01270
0.01270
0.01270
0.01270
0.01270
0.01270
0.01270
0.01271
0.01271
0.01271
0.01271
0.01271
0.01271
0.01271
0.01271
0.01271
0.01271
0.01272
0.01272
0.01272
0.01272
0.01272
0.01272
0.01272
0.01272
0.01272
0.01272
0.01273
0.01273
0.01273
0.01273
0.01273
0.01273
0.01273
0.01273
0.01273
0.01273
0.01273
0.01274
0.01274
0.01274
0.01274
0.01274
0.01274
0.01274
0.01274
0.01274
0.01274
0.01274
0.01275
0.01275
0.01275
0.01275
0.01275
0.01275
0.01275
0.01275
0.01275
0.01275
0.01275
0.01275
0.01276
0.01276
0.01276
0.01276
0.01276
0.01276
0.01276
0.01276
0.01276
0.01276
0.01276
0.01276
0.01277
0.01277
0.01277
0.01277
0.01277
0.01277
0.01277
0.01277
0.01277
0.01277
0.01277
0.01277
0.01277
0.01278
0.01278
0.01278
0.01278
0.01278
0.01278
0.01278
0.01278
0.01278
0.01278
0.01278
0.01278
0.01278
0.01278
0.01279
0.01279
0.01279
0.01279
0.01279
0.01279
0.01279
0.01279
0.01279
0.01279
0.01279
0.01279
0.01279
0.01279
0.01280
0.01280
0.01280
0.01280
0.01280
0.01280
0.01280
0.01280
0.01280
0.01280
0.01280
0.01280
0.01280
0.01280
0.01280
0.01280
0.01281
0.01281
0.01281
0.01281
0.01281
0.01281
0.01281
0.01281
0.01281
0.01281
0.01281
0.01281
0.01281
0.01281
0.01281
0.01281
0.01282
0.01282
0.01282
0.01282
0.01282
0.01282
0.01282
0.01282
0.01282
0.01282
0.01282
0.01282
0.01282
0.01282
0.01282
0.01282
0.01282
0.01283
0.01283
0.01283
0.01283
0.01283
0.01283
0.01283
0.01283
0.01283
0.01283
0.01283
0.01283
0.01283
0.01283
0.01283
0.01283
0.01283
0.01283
0.01283
0.01284
0.01284
0.01284
0.01284
0.01284
0.01284
0.01284
0.01284
0.01284
0.01284
0.01284
0.01284
0.01284
0.01284
0.01284
0.01284
0.01284
0.01284
0.01284
0.01284
0.01285
0.01285
0.01285
0.01285
0.01285
0.01285
0.01285
0.01285
0.01285
0.01285
0.01285
0.01285
0.01285
0.01285
0.01285
0.01285
0.01285
0.01285
0.01285
0.01285
0.01285
0.01286
0.01286
0.01286
0.01286
0.01286
0.01286
0.01286
0.01286
0.01286
0.01286
0.01286
0.01286
0.01286
0.01286
0.01286
0.01286
0.01286
0.01286
0.01286
0.01286
0.01286
0.01286
0.01286
0.01286
0.01287
0.01287
0.01287
0.01287
0.01287
0.01287
0.01287
0.01287
0.01287
0.01287
0.01287
0.01287
0.01287
0.01287
0.01287
0.01287
0.01287
0.01287
0.01287
0.01287
0.01287
0.01287
0.01287
0.01287
0.01287
0.01287
0.01288
0.01288
0.01288
0.01288
0.01288
0.01288
0.01288
0.01288
0.01288
0.01288
0.01288
0.01288
0.01288
0.01288
0.01288
0.01288
0.01288
0.01288
0.01288
0.01288
0.01288
0.01288
0.01288
0.01288
0.01288
0.01288
0.01288
0.01288
0.01288
0.01289
0.01289
0.01289
0.01289
0.01289
0.01289
0.01289
0.01289
0.01289
0.01289
0.01289
0.01289
0.01289
0.01289
0.01289
0.01289
0.01289
0.01289
0.01289
0.01289
0.01289
0.01289
0.01289
0.01289
0.01289
0.01289
0.01289
0.01289
0.01289
0.01289
0.01289
0.01289
0.01289
0.01290
0.01290
0.01290
0.01290
0.01290
0.01290
0.01290
0.01290
0.01290
0.01290
0.01290
0.01290
0.01290
0.01290
0.01290
0.01290
0.01290
0.01290
0.01290
0.01290
0.01290
0.01290
0.01290
0.01290
0.01290
0.01290
0.01290
0.01290
0.01290
0.01290
0.01290
0.01290
0.01290
0.01290
0.01290
0.01290
0.01290
0.01291
0.01291
0.01291
0.01291
0.01291
0.01291
0.01291
0.01291
0.01291
0.01291
0.01291
0.01291
0.01291
0.01291
0.01291
0.01291
0.01291
0.01291
0.01291
0.01291
0.01291
0.01291
0.01291
0.01291
0.01291
0.01291
0.01291
0.01291
0.01291
0.01291
0.01291
0.01291
0.01291
0.01291
0.01291
0.01291
0.01291
0.01291
0.01291
0.01291
0.01291
0.01291
0.01291
0.01291
0.01292
0.01292
0.01292
0.01292
0.01292
0.01292
0.01292
0.01292
0.01292
0.01292
0.01292
0.01292
0.01292
0.01292
0.01292
0.01292
0.01292
0.01292
0.01292
0.01292
0.01292
0.01292
0.01292
0.01292
0.01292
0.01292
0.01292
0.01292
0.01292
0.01292
0.01292
0.01292
0.01292
0.01292
0.01292
0.01292
0.01292
0.01292
0.01292
0.01292
0.01292
0.01292
0.01292
0.01292
0.01292
0.01292
0.01292
0.01292
0.01292
0.01292
0.01292
0.01292
0.01292
0.01293
0.01293
0.01293
0.01293
0.01293
0.01293
0.01293
0.01293
0.01293
0.01293
0.01293
0.01293
0.01293
0.01293
0.01293
0.01293
0.01293
0.01293
0.01293
0.01293
0.01293
0.01293
0.01293
0.01293
0.01293
0.01293
0.01293
0.01293
0.01293
0.01293
0.01293
0.01293
0.01293
0.01293
0.01293
0.01293
0.01293
0.01293
0.01293
0.01293
0.01293
0.01293
0.01293
0.01293
0.01293
0.01293
0.01293
0.01293
0.01293
0.01293
0.01293
0.01293
0.01293
0.01293
0.01293
0.01293
0.01293
0.01293
0.01293
0.01293
0.01293
0.01293
0.01293
0.01293
0.01293
0.01293
0.01293
0.01294
0.01294
0.01294
0.01294
0.01294
0.01294
0.01294
0.01294
0.01294
0.01294
0.01294
0.01294
0.01294
0.01294
0.01294
0.01294
0.01294
0.01294
0.01294
0.01294
0.01294
0.01294
0.01294
0.01294
0.01294
0.01294
0.01294
0.01294
0.01294
0.01294
0.01294
0.01294
0.01294
0.01294
0.01294
0.01294
0.01294
0.01294
0.01294
0.01294
0.01294
0.01294
0.01294
0.01294
0.01294
0.01294
0.01294
0.01294
0.01294
0.01294
0.01294
0.01294
0.01294
0.01294
0.01294
0.01294
0.01294
0.01294
0.01294
0.01294
0.01294
0.01294
0.01294
0.01294
0.01294
0.01294
0.01294
0.01294
0.01294
0.01294
0.01294
0.01294
