0.001000	0.001000
0.002000	0.002000
0.003000	0.002999
0.004000	0.003998
0.005000	0.004998
0.006000	0.005997
0.007000	0.006996
0.008000	0.007995
0.009000	0.008993
0.010000	0.009992
0.011000	0.010991
0.012000	0.011990
0.013000	0.012988
0.014000	0.013987
0.015000	0.014985
0.016000	0.015984
0.017000	0.016982
0.018000	0.017980
0.019000	0.018978
0.020000	0.019977
0.021000	0.020975
0.022000	0.021973
0.023000	0.022971
0.024000	0.023969
0.025000	0.024967
0.026000	0.025965
0.027000	0.026963
0.028000	0.027961
0.029000	0.028959
0.030000	0.029956
0.031000	0.030954
0.032000	0.031952
0.033000	0.032949
0.034000	0.033947
0.035000	0.034945
0.036000	0.035942
0.037000	0.036940
0.038000	0.037937
0.039000	0.038935
0.040000	0.039932
0.041000	0.040930
0.042000	0.041927
0.043000	0.042924
0.044000	0.043922
0.045000	0.044919
0.046000	0.045916
0.047000	0.046913
0.048000	0.047911
0.049000	0.048908
0.050000	0.049905
0.051000	0.050902
0.052000	0.051899
0.053000	0.052896
0.054000	0.053893
0.055000	0.054890
0.056000	0.055887
0.057000	0.056884
0.058000	0.057881
0.059000	0.058878
0.060000	0.059874
0.061000	0.060871
0.062000	0.061868
0.063000	0.062865
0.064000	0.063862
0.065000	0.064858
0.066000	0.065855
0.067000	0.066852
0.068000	0.067848
0.069000	0.068845
0.070000	0.069841
0.071000	0.070838
0.072000	0.071834
0.073000	0.072831
0.074000	0.073827
0.075000	0.074824
0.076000	0.075820
0.077000	0.076817
0.078000	0.077813
0.079000	0.078810
0.080000	0.079806
0.081000	0.080802
0.082000	0.081798
0.083000	0.082795
0.084000	0.083791
0.085000	0.084787
0.086000	0.085783
0.087000	0.086780
0.088000	0.087776
0.089000	0.088772
0.090000	0.089768
0.091000	0.090764
0.092000	0.091760
0.093000	0.092756
0.094000	0.093752
0.095000	0.094748
0.096000	0.095744
0.097000	0.096740
0.098000	0.097736
0.099000	0.098732
0.100000	0.099728
0.101000	0.100724
0.102000	0.101720
0.103000	0.102716
0.104000	0.103711
0.105000	0.104707
0.106000	0.105703
0.107000	0.106699
0.108000	0.107694
0.109000	0.108690
0.110000	0.109686
0.111000	0.110682
0.112000	0.111677
0.113000	0.112673
0.114000	0.113669
0.115000	0.114664
0.116000	0.115660
0.117000	0.116655
0.118000	0.117651
0.119000	0.118646
0.120000	0.119642
0.121000	0.120637
0.122000	0.121633
0.123000	0.122628
0.124000	0.123624
0.125000	0.124619
0.126000	0.125614
0.127000	0.126610
0.128000	0.127605
0.129000	0.128601
0.130000	0.129596
0.131000	0.130591
0.132000	0.131586
0.133000	0.132582
0.134000	0.133577
0.135000	0.134572
0.136000	0.135567
0.137000	0.136563
0.138000	0.137558
0.139000	0.138553
0.140000	0.139548
0.141000	0.140543
0.142000	0.141538
0.143000	0.142533
0.144000	0.143529
0.145000	0.144524
0.146000	0.145519
0.147000	0.146514
0.148000	0.147509
0.149000	0.148504
0.150000	0.149499
0.151000	0.150494
0.152000	0.151489
0.153000	0.152483
0.154000	0.153478
0.155000	0.154473
0.156000	0.155468
0.157000	0.156463
0.158000	0.157458
0.159000	0.158453
0.160000	0.159447
0.161000	0.160442
0.162000	0.161437
0.163000	0.162432
0.164000	0.163426
0.165000	0.164421
0.166000	0.165416
0.167000	0.166411
0.168000	0.167405
0.169000	0.168400
0.170000	0.169395
0.171000	0.170389
0.172000	0.171384
0.173000	0.172378
0.174000	0.173373
0.175000	0.174368
0.176000	0.175362
0.177000	0.176357
0.178000	0.177351
0.179000	0.178346
0.180000	0.179340
0.181000	0.180335
0.182000	0.181329
0.183000	0.182324
0.184000	0.183318
0.185000	0.184312
0.186000	0.185307
0.187000	0.186301
0.188000	0.187296
0.189000	0.188290
0.190000	0.189284
0.191000	0.190279
0.192000	0.191273
0.193000	0.192267
0.194000	0.193261
0.195000	0.194256
0.196000	0.195250
0.197000	0.196244
0.198000	0.197238
0.199000	0.198233
0.200000	0.199227
0.201000	0.200221
0.202000	0.201215
0.203000	0.202209
0.204000	0.203203
0.205000	0.204198
0.206000	0.205192
0.207000	0.206186
0.208000	0.207180
0.209000	0.208174
0.210000	0.209168
0.211000	0.210162
0.212000	0.211156
0.213000	0.212150
0.214000	0.213144
0.215000	0.214138
0.216000	0.215132
0.217000	0.216126
0.218000	0.217120
0.219000	0.218114
0.220000	0.219108
0.221000	0.220101
0.222000	0.221095
0.223000	0.222089
0.224000	0.223083
0.225000	0.224077
0.226000	0.225071
0.227000	0.226064
0.228000	0.227058
0.229000	0.228052
0.230000	0.229046
0.231000	0.230040
0.232000	0.231033
0.233000	0.232027
0.234000	0.233021
0.235000	0.234014
0.236000	0.235008
0.237000	0.236002
0.238000	0.236995
0.239000	0.237989
0.240000	0.238983
0.241000	0.239976
0.242000	0.240970
0.243000	0.241964
0.244000	0.242957
0.245000	0.243951
0.246000	0.244944
0.247000	0.245938
0.248000	0.246931
0.249000	0.247925
0.250000	0.248918
0.251000	0.249912
0.252000	0.250905
0.253000	0.251899
0.254000	0.252892
0.255000	0.253886
0.256000	0.254879
0.257000	0.255872
0.258000	0.256866
0.259000	0.257859
0.260000	0.258853
0.261000	0.259846
0.262000	0.260839
0.263000	0.261833
0.264000	0.262826
0.265000	0.263819
0.266000	0.264813
0.267000	0.265806
0.268000	0.266799
0.269000	0.267792
0.270000	0.268786
0.271000	0.269779
0.272000	0.270772
0.273000	0.271765
0.274000	0.272758
0.275000	0.273752
0.276000	0.274745
0.277000	0.275738
0.278000	0.276731
0.279000	0.277724
0.280000	0.278717
0.281000	0.279710
0.282000	0.280704
0.283000	0.281697
0.284000	0.282690
0.285000	0.283683
0.286000	0.284676
0.287000	0.285669
0.288000	0.286662
0.289000	0.287655
0.290000	0.288648
0.291000	0.289641
0.292000	0.290634
0.293000	0.291627
0.294000	0.292620
0.295000	0.293613
0.296000	0.294606
0.297000	0.295598
0.298000	0.296591
0.299000	0.297584
0.300000	0.298577
0.301000	0.299570
0.302000	0.300563
0.303000	0.301556
0.304000	0.302548
0.305000	0.303541
0.306000	0.304534
0.307000	0.305527
0.308000	0.306520
0.309000	0.307512
0.310000	0.308505
0.311000	0.309498
0.312000	0.310491
0.313000	0.311483
0.314000	0.312476
0.315000	0.313469
0.316000	0.314462
0.317000	0.315454
0.318000	0.316447
0.319000	0.317440
0.320000	0.318432
0.321000	0.319425
0.322000	0.320417
0.323000	0.321410
0.324000	0.322403
0.325000	0.323395
0.326000	0.324388
0.327000	0.325380
0.328000	0.326373
0.329000	0.327365
0.330000	0.328358
0.331000	0.329350
0.332000	0.330343
0.333000	0.331335
0.334000	0.332328
0.335000	0.333320
0.336000	0.334313
0.337000	0.335305
0.338000	0.336298
0.339000	0.337290
0.340000	0.338283
0.341000	0.339275
0.342000	0.340267
0.343000	0.341260
0.344000	0.342252
0.345000	0.343244
0.346000	0.344237
0.347000	0.345229
0.348000	0.346221
0.349000	0.347214
0.350000	0.348206
0.351000	0.349198
0.352000	0.350191
0.353000	0.351183
0.354000	0.352175
0.355000	0.353167
0.356000	0.354160
0.357000	0.355152
0.358000	0.356144
0.359000	0.357136
0.360000	0.358129
0.361000	0.359121
0.362000	0.360113
0.363000	0.361105
0.364000	0.362097
0.365000	0.363089
0.366000	0.364081
0.367000	0.365074
0.368000	0.366066
0.369000	0.367058
0.370000	0.368050
0.371000	0.369042
0.372000	0.370034
0.373000	0.371026
0.374000	0.372018
0.375000	0.373010
0.376000	0.374002
0.377000	0.374994
0.378000	0.375986
0.379000	0.376978
0.380000	0.377970
0.381000	0.378962
0.382000	0.379954
0.383000	0.380946
0.384000	0.381938
0.385000	0.382930
0.386000	0.383922
0.387000	0.384914
0.388000	0.385906
0.389000	0.386897
0.390000	0.387889
0.391000	0.388881
0.392000	0.389873
0.393000	0.390865
0.394000	0.391857
0.395000	0.392849
0.396000	0.393840
0.397000	0.394832
0.398000	0.395824
0.399000	0.396816
0.400000	0.397807
0.401000	0.398799
0.402000	0.399791
0.403000	0.400783
0.404000	0.401774
0.405000	0.402766
0.406000	0.403758
0.407000	0.404750
0.408000	0.405741
0.409000	0.406733
0.410000	0.407725
0.411000	0.408716
0.412000	0.409708
0.413000	0.410700
0.414000	0.411691
0.415000	0.412683
0.416000	0.413674
0.417000	0.414666
0.418000	0.415658
0.419000	0.416649
0.420000	0.417641
0.421000	0.418632
0.422000	0.419624
0.423000	0.420615
0.424000	0.421607
0.425000	0.422598
0.426000	0.423590
0.427000	0.424581
0.428000	0.425573
0.429000	0.426564
0.430000	0.427556
0.431000	0.428547
0.432000	0.429539
0.433000	0.430530
0.434000	0.431522
0.435000	0.432513
0.436000	0.433504
0.437000	0.434496
0.438000	0.435487
0.439000	0.436479
0.440000	0.437470
0.441000	0.438461
0.442000	0.439453
0.443000	0.440444
0.444000	0.441435
0.445000	0.442427
0.446000	0.443418
0.447000	0.444409
0.448000	0.445401
0.449000	0.446392
0.450000	0.447383
0.451000	0.448374
0.452000	0.449366
0.453000	0.450357
0.454000	0.451348
0.455000	0.452339
0.456000	0.453330
0.457000	0.454322
0.458000	0.455313
0.459000	0.456304
0.460000	0.457295
0.461000	0.458286
0.462000	0.459278
0.463000	0.460269
0.464000	0.461260
0.465000	0.462251
0.466000	0.463242
0.467000	0.464233
0.468000	0.465224
0.469000	0.466215
0.470000	0.467206
0.471000	0.468197
0.472000	0.469189
0.473000	0.470180
0.474000	0.471171
0.475000	0.472162
0.476000	0.473153
0.477000	0.474144
0.478000	0.475135
0.479000	0.476126
0.480000	0.477117
0.481000	0.478108
0.482000	0.479099
0.483000	0.480090
0.484000	0.481081
0.485000	0.482071
0.486000	0.483062
0.487000	0.484053
0.488000	0.485044
0.489000	0.486035
0.490000	0.487026
0.491000	0.488017
0.492000	0.489008
0.493000	0.489999
0.494000	0.490989
0.495000	0.491980
0.496000	0.492971
0.497000	0.493962
0.498000	0.494953
0.499000	0.495944
0.500000	0.496934
0.501000	0.497925
0.502000	0.498916
0.503000	0.499907
0.504000	0.500897
0.505000	0.501888
0.506000	0.502879
0.507000	0.503870
0.508000	0.504860
0.509000	0.505851
0.510000	0.506842
0.511000	0.507832
0.512000	0.508823
0.513000	0.509814
0.514000	0.510805
0.515000	0.511795
0.516000	0.512786
0.517000	0.513776
0.518000	0.514767
0.519000	0.515758
0.520000	0.516748
0.521000	0.517739
0.522000	0.518730
0.523000	0.519720
0.524000	0.520711
0.525000	0.521701
0.526000	0.522692
0.527000	0.523682
0.528000	0.524673
0.529000	0.525663
0.530000	0.526654
0.531000	0.527644
0.532000	0.528635
0.533000	0.529625
0.534000	0.530616
0.535000	0.531606
0.536000	0.532597
0.537000	0.533587
0.538000	0.534578
0.539000	0.535568
0.540000	0.536559
0.541000	0.537549
0.542000	0.538540
0.543000	0.539530
0.544000	0.540520
0.545000	0.541511
0.546000	0.542501
0.547000	0.543491
0.548000	0.544482
0.549000	0.545472
0.550000	0.546463
0.551000	0.547453
0.552000	0.548443
0.553000	0.549434
0.554000	0.550424
0.555000	0.551414
0.556000	0.552404
0.557000	0.553395
0.558000	0.554385
0.559000	0.555375
0.560000	0.556366
0.561000	0.557356
0.562000	0.558346
0.563000	0.559336
0.564000	0.560326
0.565000	0.561317
0.566000	0.562307
0.567000	0.563297
0.568000	0.564287
0.569000	0.565277
0.570000	0.566268
0.571000	0.567258
0.572000	0.568248
0.573000	0.569238
0.574000	0.570228
0.575000	0.571218
0.576000	0.572208
0.577000	0.573199
0.578000	0.574189
0.579000	0.575179
0.580000	0.576169
0.581000	0.577159
0.582000	0.578149
0.583000	0.579139
0.584000	0.580129
0.585000	0.581119
0.586000	0.582109
0.587000	0.583099
0.588000	0.584089
0.589000	0.585079
0.590000	0.586069
0.591000	0.587059
0.592000	0.588049
0.593000	0.589039
0.594000	0.590029
0.595000	0.591019
0.596000	0.592009
0.597000	0.592999
0.598000	0.593989
0.599000	0.594979
0.600000	0.595969
0.601000	0.596959
0.602000	0.597949
0.603000	0.598938
0.604000	0.599928
0.605000	0.600918
0.606000	0.601908
0.607000	0.602898
0.608000	0.603888
0.609000	0.604878
0.610000	0.605867
0.611000	0.606857
0.612000	0.607847
0.613000	0.608837
0.614000	0.609827
0.615000	0.610816
0.616000	0.611806
0.617000	0.612796
0.618000	0.613786
0.619000	0.614776
0.620000	0.615765
0.621000	0.616755
0.622000	0.617745
0.623000	0.618734
0.624000	0.619724
0.625000	0.620714
0.626000	0.621704
0.627000	0.622693
0.628000	0.623683
0.629000	0.624673
0.630000	0.625662
0.631000	0.626652
0.632000	0.627642
0.633000	0.628631
0.634000	0.629621
0.635000	0.630611
0.636000	0.631600
0.637000	0.632590
0.638000	0.633579
0.639000	0.634569
0.640000	0.635559
0.641000	0.636548
0.642000	0.637538
0.643000	0.638527
0.644000	0.639517
0.645000	0.640506
0.646000	0.641496
0.647000	0.642485
0.648000	0.643475
0.649000	0.644464
0.650000	0.645454
0.651000	0.646443
0.652000	0.647433
0.653000	0.648422
0.654000	0.649412
0.655000	0.650401
0.656000	0.651391
0.657000	0.652380
0.658000	0.653370
0.659000	0.654359
0.660000	0.655348
0.661000	0.656338
0.662000	0.657327
0.663000	0.658317
0.664000	0.659306
0.665000	0.660295
0.666000	0.661285
0.667000	0.662274
0.668000	0.663264
0.669000	0.664253
0.670000	0.665242
0.671000	0.666232
0.672000	0.667221
0.673000	0.668210
0.674000	0.669200
0.675000	0.670189
0.676000	0.671178
0.677000	0.672167
0.678000	0.673157
0.679000	0.674146
0.680000	0.675135
0.681000	0.676124
0.682000	0.677114
0.683000	0.678103
0.684000	0.679092
0.685000	0.680081
0.686000	0.681071
0.687000	0.682060
0.688000	0.683049
0.689000	0.684038
0.690000	0.685027
0.691000	0.686017
0.692000	0.687006
0.693000	0.687995
0.694000	0.688984
0.695000	0.689973
0.696000	0.690962
0.697000	0.691951
0.698000	0.692941
0.699000	0.693930
0.700000	0.694919
0.701000	0.695908
0.702000	0.696897
0.703000	0.697886
0.704000	0.698875
0.705000	0.699864
0.706000	0.700853
0.707000	0.701842
0.708000	0.702831
0.709000	0.703820
0.710000	0.704809
0.711000	0.705798
0.712000	0.706787
0.713000	0.707776
0.714000	0.708765
0.715000	0.709754
0.716000	0.710743
0.717000	0.711732
0.718000	0.712721
0.719000	0.713710
0.720000	0.714699
0.721000	0.715688
0.722000	0.716677
0.723000	0.717666
0.724000	0.718655
0.725000	0.719644
0.726000	0.720633
0.727000	0.721622
0.728000	0.722611
0.729000	0.723600
0.730000	0.724588
0.731000	0.725577
0.732000	0.726566
0.733000	0.727555
0.734000	0.728544
0.735000	0.729533
0.736000	0.730521
0.737000	0.731510
0.738000	0.732499
0.739000	0.733488
0.740000	0.734477
0.741000	0.735465
0.742000	0.736454
0.743000	0.737443
0.744000	0.738432
0.745000	0.739421
0.746000	0.740409
0.747000	0.741398
0.748000	0.742387
0.749000	0.743376
0.750000	0.744364
0.751000	0.745353
0.752000	0.746342
0.753000	0.747330
0.754000	0.748319
0.755000	0.749308
0.756000	0.750296
0.757000	0.751285
0.758000	0.752274
0.759000	0.753262
0.760000	0.754251
0.761000	0.755240
0.762000	0.756228
0.763000	0.757217
0.764000	0.758206
0.765000	0.759194
0.766000	0.760183
0.767000	0.761171
0.768000	0.762160
0.769000	0.763149
0.770000	0.764137
0.771000	0.765126
0.772000	0.766114
0.773000	0.767103
0.774000	0.768091
0.775000	0.769080
0.776000	0.770068
0.777000	0.771057
0.778000	0.772045
0.779000	0.773034
0.780000	0.774022
0.781000	0.775011
0.782000	0.775999
0.783000	0.776988
0.784000	0.777976
0.785000	0.778965
0.786000	0.779953
0.787000	0.780942
0.788000	0.781930
0.789000	0.782919
0.790000	0.783907
0.791000	0.784895
0.792000	0.785884
0.793000	0.786872
0.794000	0.787861
0.795000	0.788849
0.796000	0.789837
0.797000	0.790826
0.798000	0.791814
0.799000	0.792803
0.800000	0.793791
0.801000	0.794779
0.802000	0.795768
0.803000	0.796756
0.804000	0.797744
0.805000	0.798733
0.806000	0.799721
0.807000	0.800709
0.808000	0.801697
0.809000	0.802686
0.810000	0.803674
0.811000	0.804662
0.812000	0.805651
0.813000	0.806639
0.814000	0.807627
0.815000	0.808615
0.816000	0.809604
0.817000	0.810592
0.818000	0.811580
0.819000	0.812568
0.820000	0.813556
0.821000	0.814545
0.822000	0.815533
0.823000	0.816521
0.824000	0.817509
0.825000	0.818497
0.826000	0.819485
0.827000	0.820474
0.828000	0.821462
0.829000	0.822450
0.830000	0.823438
0.831000	0.824426
0.832000	0.825414
0.833000	0.826402
0.834000	0.827391
0.835000	0.828379
0.836000	0.829367
0.837000	0.830355
0.838000	0.831343
0.839000	0.832331
0.840000	0.833319
0.841000	0.834307
0.842000	0.835295
0.843000	0.836283
0.844000	0.837271
0.845000	0.838259
0.846000	0.839247
0.847000	0.840235
0.848000	0.841223
0.849000	0.842211
0.850000	0.843199
0.851000	0.844187
0.852000	0.845175
0.853000	0.846163
0.854000	0.847151
0.855000	0.848139
0.856000	0.849127
0.857000	0.850115
0.858000	0.851103
0.859000	0.852091
0.860000	0.853079
0.861000	0.854067
0.862000	0.855055
0.863000	0.856043
0.864000	0.857030
0.865000	0.858018
0.866000	0.859006
0.867000	0.859994
0.868000	0.860982
0.869000	0.861970
0.870000	0.862958
0.871000	0.863946
0.872000	0.864933
0.873000	0.865921
0.874000	0.866909
0.875000	0.867897
0.876000	0.868885
0.877000	0.869872
0.878000	0.870860
0.879000	0.871848
0.880000	0.872836
0.881000	0.873824
0.882000	0.874811
0.883000	0.875799
0.884000	0.876787
0.885000	0.877775
0.886000	0.878762
0.887000	0.879750
0.888000	0.880738
0.889000	0.881726
0.890000	0.882713
0.891000	0.883701
0.892000	0.884689
0.893000	0.885676
0.894000	0.886664
0.895000	0.887652
0.896000	0.888639
0.897000	0.889627
0.898000	0.890615
0.899000	0.891602
0.900000	0.892590
0.901000	0.893578
0.902000	0.894565
0.903000	0.895553
0.904000	0.896541
0.905000	0.897528
0.906000	0.898516
0.907000	0.899503
0.908000	0.900491
0.909000	0.901478
0.910000	0.902466
0.911000	0.903454
0.912000	0.904441
0.913000	0.905429
0.914000	0.906416
0.915000	0.907404
0.916000	0.908391
0.917000	0.909379
0.918000	0.910366
0.919000	0.911354
0.920000	0.912341
0.921000	0.913329
0.922000	0.914316
0.923000	0.915304
0.924000	0.916291
0.925000	0.917279
0.926000	0.918266
0.927000	0.919254
0.928000	0.920241
0.929000	0.921229
0.930000	0.922216
0.931000	0.923204
0.932000	0.924191
0.933000	0.925178
0.934000	0.926166
0.935000	0.927153
0.936000	0.928141
0.937000	0.929128
0.938000	0.930115
0.939000	0.931103
0.940000	0.932090
0.941000	0.933078
0.942000	0.934065
0.943000	0.935052
0.944000	0.936040
0.945000	0.937027
0.946000	0.938014
0.947000	0.939002
0.948000	0.939989
0.949000	0.940976
0.950000	0.941964
0.951000	0.942951
0.952000	0.943938
0.953000	0.944925
0.954000	0.945913
0.955000	0.946900
0.956000	0.947887
0.957000	0.948874
0.958000	0.949862
0.959000	0.950849
0.960000	0.951836
0.961000	0.952823
0.962000	0.953811
0.963000	0.954798
0.964000	0.955785
0.965000	0.956772
0.966000	0.957759
0.967000	0.958747
0.968000	0.959734
0.969000	0.960721
0.970000	0.961708
0.971000	0.962695
0.972000	0.963683
0.973000	0.964670
0.974000	0.965657
0.975000	0.966644
0.976000	0.967631
0.977000	0.968618
0.978000	0.969605
0.979000	0.970592
0.980000	0.971580
0.981000	0.972567
0.982000	0.973554
0.983000	0.974541
0.984000	0.975528
0.985000	0.976515
0.986000	0.977502
0.987000	0.978489
0.988000	0.979476
0.989000	0.980463
0.990000	0.981450
0.991000	0.982437
0.992000	0.983424
0.993000	0.984411
0.994000	0.985398
0.995000	0.986385
0.996000	0.987372
0.997000	0.988359
0.998000	0.989346
0.999000	0.990333
1.000000	0.991320
1.001000	0.992307
1.002000	0.993294
1.003000	0.994281
1.004000	0.995268
1.005000	0.996255
1.006000	0.997242
1.007000	0.998229
1.008000	0.999216
1.009000	1.000203

Waktu yang diperlukan adalah 1.009000