-5.000000,0.000000 
-4.990000,0.000000 
-4.980000,0.000000 
-4.970000,0.000000 
-4.960000,0.000000 
-4.950000,0.000000 
-4.940000,0.000000 
-4.930000,0.000000 
-4.920000,0.000000 
-4.910000,0.000000 
-4.900000,0.000000 
-4.890000,0.000000 
-4.880000,0.000000 
-4.870000,0.000000 
-4.860000,0.000000 
-4.850000,0.000000 
-4.840000,0.000000 
-4.830000,0.000000 
-4.820000,0.000000 
-4.810000,0.000000 
-4.800000,0.000000 
-4.790000,0.000000 
-4.780000,0.000000 
-4.770000,0.000000 
-4.760000,0.000000 
-4.750000,0.000000 
-4.740000,0.000000 
-4.730000,0.000000 
-4.720000,0.000000 
-4.710000,0.000000 
-4.700000,0.000000 
-4.690000,0.000000 
-4.680000,0.000000 
-4.670000,0.000000 
-4.660000,0.000000 
-4.650000,0.000000 
-4.640000,0.000000 
-4.630000,0.000000 
-4.620000,0.000000 
-4.610000,0.000000 
-4.600000,0.000000 
-4.590000,0.000000 
-4.580000,0.000000 
-4.570000,0.000000 
-4.560000,0.000000 
-4.550000,0.000000 
-4.540000,0.000000 
-4.530000,0.000000 
-4.520000,0.000000 
-4.510000,0.000000 
-4.500000,0.000000 
-4.490000,0.000000 
-4.480000,0.000000 
-4.470000,0.000000 
-4.460000,0.000000 
-4.450000,0.000000 
-4.440000,0.000000 
-4.430000,0.000000 
-4.420000,0.000000 
-4.410000,0.000000 
-4.400000,0.000000 
-4.390000,0.000000 
-4.380000,0.000000 
-4.370000,0.000000 
-4.360000,0.000000 
-4.350000,0.000000 
-4.340000,0.000000 
-4.330000,0.000000 
-4.320000,0.000000 
-4.310000,0.000000 
-4.300000,0.000000 
-4.290000,0.000000 
-4.280000,0.000000 
-4.270000,0.000000 
-4.260000,0.000000 
-4.250000,0.000000 
-4.240000,0.000000 
-4.230000,0.000000 
-4.220000,0.000000 
-4.210000,0.000000 
-4.200000,0.000000 
-4.190000,0.000000 
-4.180000,0.000000 
-4.170000,0.000000 
-4.160000,0.000000 
-4.150000,0.000000 
-4.140000,0.000000 
-4.130000,0.000000 
-4.120000,0.000000 
-4.110000,0.000000 
-4.100000,0.000000 
-4.090000,0.000000 
-4.080000,0.000000 
-4.070000,0.000000 
-4.060000,0.000000 
-4.050000,0.000000 
-4.040000,0.000000 
-4.030000,0.000000 
-4.020000,0.000000 
-4.010000,0.000000 
-4.000000,0.000000 
-3.990000,0.000000 
-3.980000,0.000000 
-3.970000,0.000000 
-3.960000,0.000000 
-3.950000,0.000000 
-3.940000,0.000000 
-3.930000,0.000000 
-3.920000,0.000000 
-3.910000,0.000000 
-3.900000,0.000000 
-3.890000,0.000000 
-3.880000,0.000000 
-3.870000,0.000000 
-3.860000,0.000000 
-3.850000,0.000000 
-3.840000,0.000000 
-3.830000,0.000000 
-3.820000,0.000000 
-3.810000,0.000000 
-3.800000,0.000000 
-3.790000,0.000000 
-3.780000,0.000000 
-3.770000,0.000000 
-3.760000,0.000000 
-3.750000,0.000000 
-3.740000,0.000000 
-3.730000,0.000000 
-3.720000,0.000000 
-3.710000,0.000000 
-3.700000,0.000000 
-3.690000,0.000000 
-3.680000,0.000000 
-3.670000,0.000000 
-3.660000,0.000000 
-3.650000,0.000000 
-3.640000,0.000000 
-3.630000,0.000000 
-3.620000,0.000000 
-3.610000,0.000000 
-3.600000,0.000000 
-3.590000,0.000000 
-3.580000,0.000000 
-3.570000,0.000000 
-3.560000,0.000000 
-3.550000,0.000000 
-3.540000,0.000000 
-3.530000,0.000000 
-3.520000,0.000000 
-3.510000,0.000000 
-3.500000,0.000000 
-3.490000,0.000000 
-3.480000,0.000000 
-3.470000,0.000000 
-3.460000,0.000000 
-3.450000,0.000000 
-3.440000,0.000000 
-3.430000,0.000000 
-3.420000,0.000000 
-3.410000,0.000000 
-3.400000,0.000000 
-3.390000,0.000000 
-3.380000,0.000000 
-3.370000,0.000000 
-3.360000,0.000000 
-3.350000,0.000000 
-3.340000,0.000000 
-3.330000,0.000000 
-3.320000,0.000000 
-3.310000,0.000000 
-3.300000,0.000000 
-3.290000,0.000000 
-3.280000,0.000000 
-3.270000,0.000000 
-3.260000,0.000000 
-3.250000,0.000000 
-3.240000,0.000000 
-3.230000,0.000000 
-3.220000,0.000000 
-3.210000,0.000000 
-3.200000,0.000000 
-3.190000,0.000000 
-3.180000,0.000000 
-3.170000,0.000000 
-3.160000,0.000000 
-3.150000,0.000000 
-3.140000,0.000000 
-3.130000,0.000000 
-3.120000,0.000000 
-3.110000,0.000000 
-3.100000,0.000000 
-3.090000,0.000000 
-3.080000,0.000000 
-3.070000,0.000000 
-3.060000,0.000000 
-3.050000,0.000000 
-3.040000,0.000000 
-3.030000,0.000000 
-3.020000,0.000000 
-3.010000,0.000000 
-3.000000,0.000000 
-2.990000,0.000000 
-2.980000,0.000000 
-2.970000,0.000000 
-2.960000,0.000000 
-2.950000,0.000000 
-2.940000,0.000000 
-2.930000,0.000000 
-2.920000,0.000000 
-2.910000,0.000000 
-2.900000,0.000000 
-2.890000,0.000000 
-2.880000,0.000000 
-2.870000,0.000000 
-2.860000,0.000000 
-2.850000,0.000000 
-2.840000,0.000000 
-2.830000,0.000000 
-2.820000,0.000000 
-2.810000,0.000000 
-2.800000,0.000000 
-2.790000,0.000000 
-2.780000,0.000000 
-2.770000,0.000000 
-2.760000,0.000000 
-2.750000,0.000000 
-2.740000,0.000000 
-2.730000,0.000000 
-2.720000,0.000000 
-2.710000,0.000000 
-2.700000,0.000000 
-2.690000,0.000000 
-2.680000,0.000000 
-2.670000,0.000000 
-2.660000,0.000000 
-2.650000,0.000000 
-2.640000,0.000000 
-2.630000,0.000000 
-2.620000,0.000000 
-2.610000,0.000000 
-2.600000,0.000000 
-2.590000,0.000000 
-2.580000,0.000000 
-2.570000,0.000000 
-2.560000,0.000000 
-2.550000,0.000000 
-2.540000,0.000000 
-2.530000,0.000000 
-2.520000,0.000000 
-2.510000,0.000000 
-2.500000,0.000000 
-2.490000,0.000000 
-2.480000,0.000000 
-2.470000,0.000000 
-2.460000,0.000000 
-2.450000,0.000000 
-2.440000,0.000000 
-2.430000,0.000000 
-2.420000,0.000000 
-2.410000,0.000000 
-2.400000,0.000000 
-2.390000,0.000000 
-2.380000,0.000000 
-2.370000,0.000000 
-2.360000,0.000000 
-2.350000,0.000000 
-2.340000,0.000000 
-2.330000,0.000000 
-2.320000,0.000000 
-2.310000,0.000000 
-2.300000,0.000000 
-2.290000,0.000000 
-2.280000,0.000000 
-2.270000,0.000000 
-2.260000,0.000000 
-2.250000,0.000000 
-2.240000,0.000000 
-2.230000,0.000000 
-2.220000,0.000000 
-2.210000,0.000000 
-2.200000,0.000000 
-2.190000,0.000000 
-2.180000,0.000000 
-2.170000,0.000000 
-2.160000,0.000000 
-2.150000,0.000000 
-2.140000,0.000000 
-2.130000,0.000000 
-2.120000,0.000000 
-2.110000,0.000000 
-2.100000,0.000000 
-2.090000,0.000000 
-2.080000,0.000000 
-2.070000,0.000000 
-2.060000,0.000000 
-2.050000,0.000000 
-2.040000,0.000000 
-2.030000,0.000000 
-2.020000,0.000000 
-2.010000,0.000000 
-2.000000,0.000000 
-1.990000,0.000000 
-1.980000,0.000000 
-1.970000,0.000000 
-1.960000,0.000000 
-1.950000,0.000000 
-1.940000,0.000000 
-1.930000,0.000000 
-1.920000,0.000000 
-1.910000,0.000000 
-1.900000,0.000000 
-1.890000,0.000000 
-1.880000,0.000000 
-1.870000,0.000000 
-1.860000,0.000000 
-1.850000,0.000000 
-1.840000,0.000000 
-1.830000,0.000000 
-1.820000,0.000000 
-1.810000,0.000000 
-1.800000,0.000000 
-1.790000,0.000000 
-1.780000,0.000000 
-1.770000,0.000000 
-1.760000,0.000000 
-1.750000,0.000000 
-1.740000,0.000000 
-1.730000,0.000000 
-1.720000,0.000000 
-1.710000,0.000000 
-1.700000,0.000000 
-1.690000,0.000000 
-1.680000,0.000000 
-1.670000,0.000000 
-1.660000,0.000000 
-1.650000,0.000000 
-1.640000,0.000000 
-1.630000,0.000000 
-1.620000,0.000000 
-1.610000,0.000000 
-1.600000,0.000000 
-1.590000,0.000000 
-1.580000,0.000000 
-1.570000,0.000000 
-1.560000,0.000000 
-1.550000,0.000000 
-1.540000,0.000000 
-1.530000,0.000000 
-1.520000,0.000000 
-1.510000,0.000000 
-1.500000,0.000000 
-1.490000,0.000000 
-1.480000,0.000000 
-1.470000,0.000000 
-1.460000,0.000000 
-1.450000,0.000000 
-1.440000,0.000000 
-1.430000,0.000000 
-1.420000,0.000000 
-1.410000,0.000000 
-1.400000,0.000000 
-1.390000,0.000000 
-1.380000,0.000000 
-1.370000,0.000000 
-1.360000,0.000000 
-1.350000,0.000000 
-1.340000,0.000000 
-1.330000,0.000000 
-1.320000,0.000000 
-1.310000,0.000000 
-1.300000,0.000000 
-1.290000,0.000000 
-1.280000,0.000000 
-1.270000,0.000000 
-1.260000,0.000000 
-1.250000,0.000000 
-1.240000,0.000000 
-1.230000,0.000000 
-1.220000,0.000000 
-1.210000,0.000000 
-1.200000,0.000000 
-1.190000,0.000000 
-1.180000,0.000000 
-1.170000,0.000000 
-1.160000,0.000000 
-1.150000,0.000000 
-1.140000,0.000000 
-1.130000,0.000000 
-1.120000,0.000000 
-1.110000,0.000000 
-1.100000,0.000000 
-1.090000,0.000000 
-1.080000,0.000000 
-1.070000,0.000000 
-1.060000,0.000000 
-1.050000,0.000000 
-1.040000,0.000000 
-1.030000,0.000000 
-1.020000,0.000000 
-1.010000,0.000000 
-1.000000,0.000000 
-0.990000,0.000000 
-0.980000,0.000000 
-0.970000,0.000000 
-0.960000,0.000000 
-0.950000,0.000000 
-0.940000,0.000000 
-0.930000,0.000000 
-0.920000,0.000000 
-0.910000,0.000000 
-0.900000,0.000000 
-0.890000,0.000000 
-0.880000,0.000000 
-0.870000,0.000000 
-0.860000,0.000000 
-0.850000,0.000000 
-0.840000,0.000000 
-0.830000,0.000000 
-0.820000,0.000000 
-0.810000,0.000000 
-0.800000,0.000000 
-0.790000,0.000000 
-0.780000,0.000000 
-0.770000,0.000000 
-0.760000,0.000000 
-0.750000,0.000000 
-0.740000,0.000000 
-0.730000,0.000000 
-0.720000,0.000000 
-0.710000,0.000000 
-0.700000,0.000000 
-0.690000,0.000000 
-0.680000,0.000000 
-0.670000,0.000000 
-0.660000,0.000000 
-0.650000,0.000000 
-0.640000,0.000000 
-0.630000,0.000000 
-0.620000,0.000000 
-0.610000,0.000000 
-0.600000,0.000000 
-0.590000,0.000000 
-0.580000,0.000000 
-0.570000,0.000000 
-0.560000,0.000000 
-0.550000,0.000000 
-0.540000,0.000000 
-0.530000,0.000000 
-0.520000,0.000000 
-0.510000,0.000000 
-0.500000,0.000000 
-0.490000,0.000000 
-0.480000,0.000000 
-0.470000,0.000000 
-0.460000,0.000000 
-0.450000,0.000000 
-0.440000,0.000000 
-0.430000,0.000000 
-0.420000,0.000000 
-0.410000,0.000000 
-0.400000,0.000000 
-0.390000,0.000000 
-0.380000,0.000000 
-0.370000,0.000000 
-0.360000,0.000000 
-0.350000,0.000000 
-0.340000,0.000000 
-0.330000,0.000000 
-0.320000,0.000000 
-0.310000,0.000000 
-0.300000,0.000000 
-0.290000,0.000000 
-0.280000,0.000000 
-0.270000,0.000000 
-0.260000,0.000000 
-0.250000,0.000000 
-0.240000,0.000000 
-0.230000,0.000000 
-0.220000,0.000000 
-0.210000,0.000000 
-0.200000,0.000000 
-0.190000,0.000000 
-0.180000,0.000000 
-0.170000,0.000000 
-0.160000,0.000000 
-0.150000,0.000000 
-0.140000,0.000000 
-0.130000,0.000000 
-0.120000,0.000000 
-0.110000,0.000000 
-0.100000,0.000000 
-0.090000,0.000000 
-0.080000,0.000000 
-0.070000,0.000000 
-0.060000,0.000000 
-0.050000,0.000000 
-0.040000,0.000000 
-0.030000,0.000000 
-0.020000,0.000000 
-0.010000,0.000000 
-0.000000,0.000000 
0.010000,0.000000 
0.020000,0.000000 
0.030000,0.000000 
0.040000,0.000000 
0.050000,0.000000 
0.060000,0.000000 
0.070000,0.000000 
0.080000,0.000000 
0.090000,0.000000 
0.100000,0.000000 
0.110000,0.000000 
0.120000,0.000000 
0.130000,0.000000 
0.140000,0.000000 
0.150000,0.000000 
0.160000,0.000000 
0.170000,0.000000 
0.180000,0.000000 
0.190000,0.000000 
0.200000,0.000000 
0.210000,0.000000 
0.220000,0.000000 
0.230000,0.000000 
0.240000,0.000000 
0.250000,0.000000 
0.260000,0.000000 
0.270000,0.000000 
0.280000,0.000000 
0.290000,0.000000 
0.300000,0.000000 
0.310000,0.000000 
0.320000,0.000000 
0.330000,0.000000 
0.340000,0.000000 
0.350000,0.000000 
0.360000,0.000000 
0.370000,0.000000 
0.380000,0.000000 
0.390000,0.000000 
0.400000,0.000000 
0.410000,0.000000 
0.420000,0.000000 
0.430000,0.000000 
0.440000,0.000000 
0.450000,0.000000 
0.460000,0.000000 
0.470000,0.000000 
0.480000,0.000000 
0.490000,0.000000 
0.500000,0.000000 
0.510000,0.000000 
0.520000,0.000000 
0.530000,0.000000 
0.540000,0.000000 
0.550000,0.000000 
0.560000,0.000000 
0.570000,0.000000 
0.580000,0.000000 
0.590000,0.000000 
0.600000,0.000000 
0.610000,0.000000 
0.620000,0.000000 
0.630000,0.000000 
0.640000,0.000000 
0.650000,0.000000 
0.660000,0.000000 
0.670000,0.000000 
0.680000,0.000000 
0.690000,0.000000 
0.700000,0.000000 
0.710000,0.000000 
0.720000,0.000000 
0.730000,0.000000 
0.740000,0.000000 
0.750000,0.000000 
0.760000,0.000000 
0.770000,0.000000 
0.780000,0.000000 
0.790000,0.000000 
0.800000,0.000000 
0.810000,0.000000 
0.820000,0.000000 
0.830000,0.000000 
0.840000,0.000000 
0.850000,0.000000 
0.860000,0.000000 
0.870000,0.000000 
0.880000,0.000000 
0.890000,0.000000 
0.900000,0.000000 
0.910000,0.000000 
0.920000,0.000000 
0.930000,0.000000 
0.940000,0.000000 
0.950000,0.000000 
0.960000,0.000000 
0.970000,0.000000 
0.980000,0.000000 
0.990000,0.000000 
1.000000,0.000000 
1.010000,0.005000 
1.020000,0.010000 
1.030000,0.015000 
1.040000,0.020000 
1.050000,0.025000 
1.060000,0.030000 
1.070000,0.035000 
1.080000,0.040000 
1.090000,0.045000 
1.100000,0.050000 
1.110000,0.055000 
1.120000,0.060000 
1.130000,0.065000 
1.140000,0.070000 
1.150000,0.075000 
1.160000,0.080000 
1.170000,0.085000 
1.180000,0.090000 
1.190000,0.095000 
1.200000,0.100000 
1.210000,0.105000 
1.220000,0.110000 
1.230000,0.115000 
1.240000,0.120000 
1.250000,0.125000 
1.260000,0.130000 
1.270000,0.135000 
1.280000,0.140000 
1.290000,0.145000 
1.300000,0.150000 
1.310000,0.155000 
1.320000,0.160000 
1.330000,0.165000 
1.340000,0.170000 
1.350000,0.175000 
1.360000,0.180000 
1.370000,0.185000 
1.380000,0.190000 
1.390000,0.195000 
1.400000,0.200000 
1.410000,0.205000 
1.420000,0.210000 
1.430000,0.215000 
1.440000,0.220000 
1.450000,0.225000 
1.460000,0.230000 
1.470000,0.235000 
1.480000,0.240000 
1.490000,0.245000 
1.500000,0.250000 
1.510000,0.255000 
1.520000,0.260000 
1.530000,0.265000 
1.540000,0.270000 
1.550000,0.275000 
1.560000,0.280000 
1.570000,0.285000 
1.580000,0.290000 
1.590000,0.295000 
1.600000,0.300000 
1.610000,0.305000 
1.620000,0.310000 
1.630000,0.315000 
1.640000,0.320000 
1.650000,0.325000 
1.660000,0.330000 
1.670000,0.335000 
1.680000,0.340000 
1.690000,0.345000 
1.700000,0.350000 
1.710000,0.355000 
1.720000,0.360000 
1.730000,0.365000 
1.740000,0.370000 
1.750000,0.375000 
1.760000,0.380000 
1.770000,0.385000 
1.780000,0.390000 
1.790000,0.395000 
1.800000,0.400000 
1.810000,0.405000 
1.820000,0.410000 
1.830000,0.415000 
1.840000,0.420000 
1.850000,0.425000 
1.860000,0.430000 
1.870000,0.435000 
1.880000,0.440000 
1.890000,0.445000 
1.900000,0.450000 
1.910000,0.455000 
1.920000,0.460000 
1.930000,0.465000 
1.940000,0.470000 
1.950000,0.475000 
1.960000,0.480000 
1.970000,0.485000 
1.980000,0.490000 
1.990000,0.495000 
2.000000,0.500000 
2.010000,0.505000 
2.020000,0.510000 
2.030000,0.515000 
2.040000,0.520000 
2.050000,0.525000 
2.060000,0.530000 
2.070000,0.535000 
2.080000,0.540000 
2.090000,0.545000 
2.100000,0.550000 
2.110000,0.555000 
2.120000,0.560000 
2.130000,0.565000 
2.140000,0.570000 
2.150000,0.575000 
2.160000,0.580000 
2.170000,0.585000 
2.180000,0.590000 
2.190000,0.595000 
2.200000,0.600000 
2.210000,0.605000 
2.220000,0.610000 
2.230000,0.615000 
2.240000,0.620000 
2.250000,0.625000 
2.260000,0.630000 
2.270000,0.635000 
2.280000,0.640000 
2.290000,0.645000 
2.300000,0.650000 
2.310000,0.655000 
2.320000,0.660000 
2.330000,0.665000 
2.340000,0.670000 
2.350000,0.675000 
2.360000,0.680000 
2.370000,0.685000 
2.380000,0.690000 
2.390000,0.695000 
2.400000,0.700000 
2.410000,0.705000 
2.420000,0.710000 
2.430000,0.715000 
2.440000,0.720000 
2.450000,0.725000 
2.460000,0.730000 
2.470000,0.735000 
2.480000,0.740000 
2.490000,0.745000 
2.500000,0.750000 
2.510000,0.755000 
2.520000,0.760000 
2.530000,0.765000 
2.540000,0.770000 
2.550000,0.775000 
2.560000,0.780000 
2.570000,0.785000 
2.580000,0.790000 
2.590000,0.795000 
2.600000,0.800000 
2.610000,0.805000 
2.620000,0.810000 
2.630000,0.815000 
2.640000,0.820000 
2.650000,0.825000 
2.660000,0.830000 
2.670000,0.835000 
2.680000,0.840000 
2.690000,0.845000 
2.700000,0.850000 
2.710000,0.855000 
2.720000,0.860000 
2.730000,0.865000 
2.740000,0.870000 
2.750000,0.875000 
2.760000,0.880000 
2.770000,0.885000 
2.780000,0.890000 
2.790000,0.895000 
2.800000,0.900000 
2.810000,0.905000 
2.820000,0.910000 
2.830000,0.915000 
2.840000,0.920000 
2.850000,0.925000 
2.860000,0.930000 
2.870000,0.935000 
2.880000,0.940000 
2.890000,0.945000 
2.900000,0.950000 
2.910000,0.955000 
2.920000,0.960000 
2.930000,0.965000 
2.940000,0.970000 
2.950000,0.975000 
2.960000,0.980000 
2.970000,0.985000 
2.980000,0.990000 
2.990000,0.995000 
3.000000,1.000000 
3.010000,0.000000 
3.020000,0.000000 
3.030000,0.000000 
3.040000,0.000000 
3.050000,0.000000 
3.060000,0.000000 
3.070000,0.000000 
3.080000,0.000000 
3.090000,0.000000 
3.100000,0.000000 
3.110000,0.000000 
3.120000,0.000000 
3.130000,0.000000 
3.140000,0.000000 
3.150000,0.000000 
3.160000,0.000000 
3.170000,0.000000 
3.180000,0.000000 
3.190000,0.000000 
3.200000,0.000000 
3.210000,0.000000 
3.220000,0.000000 
3.230000,0.000000 
3.240000,0.000000 
3.250000,0.000000 
3.260000,0.000000 
3.270000,0.000000 
3.280000,0.000000 
3.290000,0.000000 
3.300000,0.000000 
3.310000,0.000000 
3.320000,0.000000 
3.330000,0.000000 
3.340000,0.000000 
3.350000,0.000000 
3.360000,0.000000 
3.370000,0.000000 
3.380000,0.000000 
3.390000,0.000000 
3.400000,0.000000 
3.410000,0.000000 
3.420000,0.000000 
3.430000,0.000000 
3.440000,0.000000 
3.450000,0.000000 
3.460000,0.000000 
3.470000,0.000000 
3.480000,0.000000 
3.490000,0.000000 
3.500000,0.000000 
3.510000,0.000000 
3.520000,0.000000 
3.530000,0.000000 
3.540000,0.000000 
3.550000,0.000000 
3.560000,0.000000 
3.570000,0.000000 
3.580000,0.000000 
3.590000,0.000000 
3.600000,0.000000 
3.610000,0.000000 
3.620000,0.000000 
3.630000,0.000000 
3.640000,0.000000 
3.650000,0.000000 
3.660000,0.000000 
3.670000,0.000000 
3.680000,0.000000 
3.690000,0.000000 
3.700000,0.000000 
3.710000,0.000000 
3.720000,0.000000 
3.730000,0.000000 
3.740000,0.000000 
3.750000,0.000000 
3.760000,0.000000 
3.770000,0.000000 
3.780000,0.000000 
3.790000,0.000000 
3.800000,0.000000 
3.810000,0.000000 
3.820000,0.000000 
3.830000,0.000000 
3.840000,0.000000 
3.850000,0.000000 
3.860000,0.000000 
3.870000,0.000000 
3.880000,0.000000 
3.890000,0.000000 
3.900000,0.000000 
3.910000,0.000000 
3.920000,0.000000 
3.930000,0.000000 
3.940000,0.000000 
3.950000,0.000000 
3.960000,0.000000 
3.970000,0.000000 
3.980000,0.000000 
3.990000,0.000000 
4.000000,0.000000 
4.010000,0.000000 
4.020000,0.000000 
4.030000,0.000000 
4.040000,0.000000 
4.050000,0.000000 
4.060000,0.000000 
4.070000,0.000000 
4.080000,0.000000 
4.090000,0.000000 
4.100000,0.000000 
4.110000,0.000000 
4.120000,0.000000 
4.130000,0.000000 
4.140000,0.000000 
4.150000,0.000000 
4.160000,0.000000 
4.170000,0.000000 
4.180000,0.000000 
4.190000,0.000000 
4.200000,0.000000 
4.210000,0.000000 
4.220000,0.000000 
4.230000,0.000000 
4.240000,0.000000 
4.250000,0.000000 
4.260000,0.000000 
4.270000,0.000000 
4.280000,0.000000 
4.290000,0.000000 
4.300000,0.000000 
4.310000,0.000000 
4.320000,0.000000 
4.330000,0.000000 
4.340000,0.000000 
4.350000,0.000000 
4.360000,0.000000 
4.370000,0.000000 
4.380000,0.000000 
4.390000,0.000000 
4.400000,0.000000 
4.410000,0.000000 
4.420000,0.000000 
4.430000,0.000000 
4.440000,0.000000 
4.450000,0.000000 
4.460000,0.000000 
4.470000,0.000000 
4.480000,0.000000 
4.490000,0.000000 
4.500000,0.000000 
4.510000,0.000000 
4.520000,0.000000 
4.530000,0.000000 
4.540000,0.000000 
4.550000,0.000000 
4.560000,0.000000 
4.570000,0.000000 
4.580000,0.000000 
4.590000,0.000000 
4.600000,0.000000 
4.610000,0.000000 
4.620000,0.000000 
4.630000,0.000000 
4.640000,0.000000 
4.650000,0.000000 
4.660000,0.000000 
4.670000,0.000000 
4.680000,0.000000 
4.690000,0.000000 
4.700000,0.000000 
4.710000,0.000000 
4.720000,0.000000 
4.730000,0.000000 
4.740000,0.000000 
4.750000,0.000000 
4.760000,0.000000 
4.770000,0.000000 
4.780000,0.000000 
4.790000,0.000000 
4.800000,0.000000 
4.810000,0.000000 
4.820000,0.000000 
4.830000,0.000000 
4.840000,0.000000 
4.850000,0.000000 
4.860000,0.000000 
4.870000,0.000000 
4.880000,0.000000 
4.890000,0.000000 
4.900000,0.000000 
4.910000,0.000000 
4.920000,0.000000 
4.930000,0.000000 
4.940000,0.000000 
4.950000,0.000000 
4.960000,0.000000 
4.970000,0.000000 
4.980000,0.000000 
4.990000,0.000000 
5.000000,0.000000 
