0,000000 0,050000
0,000100 0,099500
0,000200 0,148505
0,000300 0,197020
0,000400 0,245050
0,000500 0,292599
0,000600 0,339673
0,000700 0,386277
0,000800 0,432414
0,000900 0,478090
0,001000 0,523309
0,001100 0,568076
0,001200 0,612395
0,001300 0,656271
0,001400 0,699708
0,001500 0,742711
0,001600 0,785284
0,001700 0,827431
0,001800 0,869157
0,001900 0,910465
0,002000 0,951361
0,002100 0,991847
0,002200 1,031929
0,002300 1,071609
0,002400 1,110893
0,002500 1,149784
0,002600 1,188286
0,002700 1,226404
0,002800 1,264140
0,002900 1,301498
0,003000 1,338483
0,003100 1,375098
0,003200 1,411347
0,003300 1,447234
0,003400 1,482762
0,003500 1,517934
0,003600 1,552755
0,003700 1,587227
0,003800 1,621355
0,003900 1,655141
0,004000 1,688590
0,004100 1,721704
0,004200 1,754487
0,004300 1,786942
0,004400 1,819073
0,004500 1,850882
0,004600 1,882373
0,004700 1,913549
0,004800 1,944414
0,004900 1,974970
0,005000 2,005220
0,005100 2,035168
0,005200 2,064816
0,005300 2,094168
0,005400 2,123226
0,005500 2,151994
0,005600 2,180474
0,005700 2,208669
0,005800 2,236583
0,005900 2,264217
0,006000 2,291575
0,006100 2,318659
0,006200 2,345472
0,006300 2,372018
0,006400 2,398297
0,006500 2,424314
0,006600 2,450071
0,006700 2,475571
0,006800 2,500815
0,006900 2,525807
0,007000 2,550549
0,007100 2,575043
0,007200 2,599293
0,007300 2,623300
0,007400 2,647067
0,007500 2,670596
0,007600 2,693890
0,007700 2,716951
0,007800 2,739782
0,007900 2,762384
0,008000 2,784760
0,008100 2,806912
0,008200 2,828843
0,008300 2,850555
0,008400 2,872049
0,008500 2,893329
0,008600 2,914396
0,008700 2,935252
0,008800 2,955899
0,008900 2,976340
0,009000 2,996577
0,009100 3,016611
0,009200 3,036445
0,009300 3,056080
0,009400 3,075520
0,009500 3,094764
0,009600 3,113817
0,009700 3,132679
0,009800 3,151352
0,009900 3,169838
0,010000 3,188140
0,010100 3,206259
0,010200 3,224196
0,010300 3,241954
0,010400 3,259534
0,010500 3,276939
0,010600 3,294170
0,010700 3,311228
0,010800 3,328116
0,010900 3,344835
0,011000 3,361386
0,011100 3,377772
0,011200 3,393995
0,011300 3,410055
0,011400 3,425954
0,011500 3,441695
0,011600 3,457278
0,011700 3,472705
0,011800 3,487978
0,011900 3,503098
0,012000 3,518067
0,012100 3,532886
0,012200 3,547558
0,012300 3,562082
0,012400 3,576461
0,012500 3,590697
0,012600 3,604790
0,012700 3,618742
0,012800 3,632554
0,012900 3,646229
0,013000 3,659766
0,013100 3,673169
0,013200 3,686437
0,013300 3,699573
0,013400 3,712577
0,013500 3,725451
0,013600 3,738197
0,013700 3,750815
0,013800 3,763307
0,013900 3,775674
0,014000 3,787917
0,014100 3,800038
0,014200 3,812037
0,014300 3,823917
0,014400 3,835678
0,014500 3,847321
0,014600 3,858848
0,014700 3,870259
0,014800 3,881557
0,014900 3,892741
0,015000 3,903814
0,015100 3,914776
0,015200 3,925628
0,015300 3,936371
0,015400 3,947008
0,015500 3,957538
0,015600 3,967962
0,015700 3,978283
0,015800 3,988500
0,015900 3,998615
0,016000 4,008629
0,016100 4,018542
0,016200 4,028357
0,016300 4,038073
0,016400 4,047693
0,016500 4,057216
0,016600 4,066644
0,016700 4,075977
0,016800 4,085217
0,016900 4,094365
0,017000 4,103422
0,017100 4,112387
0,017200 4,121263
0,017300 4,130051
0,017400 4,138750
0,017500 4,147363
0,017600 4,155889
0,017700 4,164330
0,017800 4,172687
0,017900 4,180960
0,018000 4,189151
0,018100 4,197259
0,018200 4,205286
0,018300 4,213234
0,018400 4,221101
0,018500 4,228890
0,018600 4,236601
0,018700 4,244235
0,018800 4,251793
0,018900 4,259275
0,019000 4,266682
0,019100 4,274015
0,019200 4,281275
0,019300 4,288463
0,019400 4,295578
0,019500 4,302622
0,019600 4,309596
0,019700 4,316500
0,019800 4,323335
0,019900 4,330102
0,020000 4,336801
0,020100 4,343433
0,020200 4,349998
0,020300 4,356498
0,020400 4,362933
0,020500 4,369304
0,020600 4,375611
0,020700 4,381855
0,020800 4,388036
0,020900 4,394156
0,021000 4,400214
0,021100 4,406212
0,021200 4,412150
0,021300 4,418029
0,021400 4,423848
0,021500 4,429610
0,021600 4,435314
0,021700 4,440961
0,021800 4,446551
0,021900 4,452085
0,022000 4,457565
0,022100 4,462989
0,022200 4,468359
0,022300 4,473675
0,022400 4,478939
0,022500 4,484149
0,022600 4,489308
0,022700 4,494415
0,022800 4,499471
0,022900 4,504476
0,023000 4,509431
0,023100 4,514337
0,023200 4,519193
0,023300 4,524002
0,023400 4,528762
0,023500 4,533474
0,023600 4,538139
0,023700 4,542758
0,023800 4,547330
0,023900 4,551857
0,024000 4,556338
0,024100 4,560775
0,024200 4,565167
0,024300 4,569516
0,024400 4,573820
0,024500 4,578082
0,024600 4,582301
0,024700 4,586478
0,024800 4,590614
0,024900 4,594707
0,025000 4,598760
0,025100 4,602773
0,025200 4,606745
0,025300 4,610678
0,025400 4,614571
0,025500 4,618425
0,025600 4,622241
0,025700 4,626018
0,025800 4,629758
0,025900 4,633461
0,026000 4,637126
0,026100 4,640755
0,026200 4,644347
0,026300 4,647904
0,026400 4,651425
0,026500 4,654910
0,026600 4,658361
0,026700 4,661778
0,026800 4,665160
0,026900 4,668508
0,027000 4,671823
0,027100 4,675105
0,027200 4,678354
0,027300 4,681570
0,027400 4,684755
0,027500 4,687907
0,027600 4,691028
0,027700 4,694118
0,027800 4,697177
0,027900 4,700205
0,028000 4,703203
0,028100 4,706171
0,028200 4,709109
0,028300 4,712018
0,028400 4,714898
0,028500 4,717749
0,028600 4,720571
0,028700 4,723366
0,028800 4,726132
0,028900 4,728871
0,029000 4,731582
0,029100 4,734266
0,029200 4,736924
0,029300 4,739554
0,029400 4,742159
0,029500 4,744737
0,029600 4,747290
0,029700 4,749817
0,029800 4,752319
0,029900 4,754796
0,030000 4,757248
0,030100 4,759675
0,030200 4,762078
0,030300 4,764458
0,030400 4,766813
0,030500 4,769145
0,030600 4,771453
0,030700 4,773739
0,030800 4,776001
0,030900 4,778241
0,031000 4,780459
0,031100 4,782654
0,031200 4,784828
0,031300 4,786980
0,031400 4,789110
0,031500 4,791219
0,031600 4,793307
0,031700 4,795373
0,031800 4,797420
0,031900 4,799446
0,032000 4,801451
0,032100 4,803437
0,032200 4,805402
0,032300 4,807348
0,032400 4,809275
0,032500 4,811182
0,032600 4,813070
0,032700 4,814939
0,032800 4,816790
0,032900 4,818622
0,033000 4,820436
0,033100 4,822232
0,033200 4,824009
0,033300 4,825769
0,033400 4,827511
0,033500 4,829236
0,033600 4,830944
0,033700 4,832635
0,033800 4,834308
0,033900 4,835965
0,034000 4,837605
0,034100 4,839229
0,034200 4,840837
0,034300 4,842429
0,034400 4,844004
0,034500 4,845564
0,034600 4,847109
0,034700 4,848638
0,034800 4,850151
0,034900 4,851650
0,035000 4,853133
0,035100 4,854602
0,035200 4,856056
0,035300 4,857495
0,035400 4,858920
0,035500 4,860331
0,035600 4,861728
0,035700 4,863111
0,035800 4,864480
0,035900 4,865835
0,036000 4,867176
0,036100 4,868505
0,036200 4,869820
0,036300 4,871121
0,036400 4,872410
0,036500 4,873686
0,036600 4,874949
0,036700 4,876200
0,036800 4,877438
0,036900 4,878663
0,037000 4,879877
0,037100 4,881078
0,037200 4,882267
0,037300 4,883444
0,037400 4,884610
0,037500 4,885764
0,037600 4,886906
0,037700 4,888037
0,037800 4,889157
0,037900 4,890265
0,038000 4,891363
0,038100 4,892449
0,038200 4,893525
0,038300 4,894589
0,038400 4,895643
0,038500 4,896687
0,038600 4,897720
0,038700 4,898743
0,038800 4,899755
0,038900 4,900758
0,039000 4,901750
0,039100 4,902733
0,039200 4,903706
0,039300 4,904668
0,039400 4,905622
0,039500 4,906566
0,039600 4,907500
0,039700 4,908425
0,039800 4,909341
0,039900 4,910247
0,040000 4,911145
0,040100 4,912033
0,040200 4,912913
0,040300 4,913784
0,040400 4,914646
0,040500 4,915500
0,040600 4,916345
0,040700 4,917181
0,040800 4,918009
0,040900 4,918829
0,041000 4,919641
0,041100 4,920445
0,041200 4,921240
0,041300 4,922028
0,041400 4,922807
0,041500 4,923579
0,041600 4,924344
0,041700 4,925100
0,041800 4,925849
0,041900 4,926591
0,042000 4,927325
0,042100 4,928051
0,042200 4,928771
0,042300 4,929483
0,042400 4,930188
0,042500 4,930886
0,042600 4,931578
0,042700 4,932262
0,042800 4,932939
0,042900 4,933610
0,043000 4,934274
0,043100 4,934931
0,043200 4,935582
0,043300 4,936226
0,043400 4,936864
0,043500 4,937495
0,043600 4,938120
0,043700 4,938739
0,043800 4,939351
0,043900 4,939958
0,044000 4,940558
0,044100 4,941153
0,044200 4,941741
0,044300 4,942324
0,044400 4,942901
0,044500 4,943472
0,044600 4,944037
0,044700 4,944597
0,044800 4,945151
0,044900 4,945699
0,045000 4,946242
0,045100 4,946780
0,045200 4,947312
0,045300 4,947839
0,045400 4,948360
0,045500 4,948877
0,045600 4,949388
0,045700 4,949894
0,045800 4,950395
0,045900 4,950891
0,046000 4,951382
0,046100 4,951868
0,046200 4,952350
0,046300 4,952826
0,046400 4,953298
0,046500 4,953765
0,046600 4,954227
0,046700 4,954685
0,046800 4,955138
0,046900 4,955587
0,047000 4,956031
0,047100 4,956471
0,047200 4,956906
0,047300 4,957337
0,047400 4,957764
0,047500 4,958186
0,047600 4,958604
0,047700 4,959018
0,047800 4,959428
0,047900 4,959834
0,048000 4,960235
0,048100 4,960633
0,048200 4,961027
0,048300 4,961416
0,048400 4,961802
0,048500 4,962184
0,048600 4,962562
0,048700 4,962937
0,048800 4,963307
0,048900 4,963674
0,049000 4,964037
0,049100 4,964397
0,049200 4,964753
0,049300 4,965106
0,049400 4,965455
0,049500 4,965800
0,049600 4,966142
0,049700 4,966481
0,049800 4,966816
0,049900 4,967148
0,050000 4,967476
0,050100 4,967801
0,050200 4,968123
0,050300 4,968442
0,050400 4,968758
0,050500 4,969070
0,050600 4,969379
0,050700 4,969686
0,050800 4,969989
0,050900 4,970289
0,051000 4,970586
0,051100 4,970880
0,051200 4,971171
0,051300 4,971460
0,051400 4,971745
0,051500 4,972028
0,051600 4,972307
0,051700 4,972584
0,051800 4,972858
0,051900 4,973130
0,052000 4,973398
0,052100 4,973664
0,052200 4,973928
0,052300 4,974189
0,052400 4,974447
0,052500 4,974702
0,052600 4,974955
0,052700 4,975206
0,052800 4,975454
0,052900 4,975699
0,053000 4,975942
0,053100 4,976183
0,053200 4,976421
0,053300 4,976657
0,053400 4,976890
0,053500 4,977121
0,053600 4,977350
0,053700 4,977576
0,053800 4,977801
0,053900 4,978023
0,054000 4,978242
0,054100 4,978460
0,054200 4,978675
0,054300 4,978889
0,054400 4,979100
0,054500 4,979309
0,054600 4,979516
0,054700 4,979721
0,054800 4,979923
0,054900 4,980124
0,055000 4,980323
0,055100 4,980520
0,055200 4,980714
0,055300 4,980907
0,055400 4,981098
0,055500 4,981287
0,055600 4,981474
0,055700 4,981660
0,055800 4,981843
0,055900 4,982025
0,056000 4,982204
0,056100 4,982382
0,056200 4,982558
0,056300 4,982733
0,056400 4,982906
0,056500 4,983077
0,056600 4,983246
0,056700 4,983413
0,056800 4,983579
0,056900 4,983743
0,057000 4,983906
0,057100 4,984067
0,057200 4,984226
0,057300 4,984384
0,057400 4,984540
0,057500 4,984695
0,057600 4,984848
0,057700 4,984999
0,057800 4,985149
0,057900 4,985298
0,058000 4,985445
0,058100 4,985590
0,058200 4,985734
0,058300 4,985877
0,058400 4,986018
0,058500 4,986158
0,058600 4,986297
0,058700 4,986434
0,058800 4,986569
0,058900 4,986704
0,059000 4,986837
0,059100 4,986968
0,059200 4,987098
0,059300 4,987228
0,059400 4,987355
0,059500 4,987482
0,059600 4,987607
0,059700 4,987731
0,059800 4,987853
0,059900 4,987975
0,060000 4,988095
0,060100 4,988214
0,060200 4,988332
0,060300 4,988449
0,060400 4,988564
0,060500 4,988679
0,060600 4,988792
0,060700 4,988904
0,060800 4,989015
0,060900 4,989125
0,061000 4,989234
0,061100 4,989341
0,061200 4,989448
0,061300 4,989553
0,061400 4,989658
0,061500 4,989761
0,061600 4,989864
0,061700 4,989965
0,061800 4,990065
0,061900 4,990165
0,062000 4,990263
0,062100 4,990360
0,062200 4,990457
0,062300 4,990552
0,062400 4,990647
0,062500 4,990740
0,062600 4,990833
0,062700 4,990924
0,062800 4,991015
0,062900 4,991105
0,063000 4,991194
0,063100 4,991282
0,063200 4,991369
0,063300 4,991456
0,063400 4,991541
0,063500 4,991626
0,063600 4,991709
0,063700 4,991792
0,063800 4,991874
0,063900 4,991956
0,064000 4,992036
0,064100 4,992116
0,064200 4,992195
0,064300 4,992273
0,064400 4,992350
0,064500 4,992426
0,064600 4,992502
0,064700 4,992577
0,064800 4,992651
0,064900 4,992725
0,065000 4,992798
0,065100 4,992870
0,065200 4,992941
0,065300 4,993011
0,065400 4,993081
0,065500 4,993151
0,065600 4,993219
0,065700 4,993287
0,065800 4,993354
0,065900 4,993420
0,066000 4,993486
0,066100 4,993551
0,066200 4,993616
0,066300 4,993680
0,066400 4,993743
0,066500 4,993805
0,066600 4,993867
0,066700 4,993929
0,066800 4,993989
0,066900 4,994050
0,067000 4,994109
0,067100 4,994168
0,067200 4,994226
0,067300 4,994284
0,067400 4,994341
0,067500 4,994398
0,067600 4,994454
0,067700 4,994509
0,067800 4,994564
0,067900 4,994619
0,068000 4,994672
0,068100 4,994726
0,068200 4,994778
0,068300 4,994831
0,068400 4,994882
0,068500 4,994933
0,068600 4,994984
0,068700 4,995034
0,068800 4,995084
0,068900 4,995133
0,069000 4,995182
0,069100 4,995230
0,069200 4,995278
0,069300 4,995325
0,069400 4,995372
0,069500 4,995418
0,069600 4,995464
0,069700 4,995509
0,069800 4,995554
0,069900 4,995598
0,070000 4,995642
0,070100 4,995686
0,070200 4,995729
0,070300 4,995772
0,070400 4,995814
0,070500 4,995856
0,070600 4,995897
0,070700 4,995938
0,070800 4,995979
0,070900 4,996019
0,071000 4,996059
0,071100 4,996099
0,071200 4,996138
0,071300 4,996176
0,071400 4,996214
0,071500 4,996252
0,071600 4,996290
0,071700 4,996327
0,071800 4,996364
0,071900 4,996400
0,072000 4,996436
0,072100 4,996472
0,072200 4,996507
0,072300 4,996542
0,072400 4,996576
0,072500 4,996611
0,072600 4,996645
0,072700 4,996678
0,072800 4,996711
0,072900 4,996744
0,073000 4,996777
0,073100 4,996809
0,073200 4,996841
0,073300 4,996872
0,073400 4,996904
0,073500 4,996935
0,073600 4,996965
0,073700 4,996996
0,073800 4,997026
0,073900 4,997055
0,074000 4,997085
0,074100 4,997114
0,074200 4,997143
0,074300 4,997172
0,074400 4,997200
0,074500 4,997228
0,074600 4,997256
0,074700 4,997283
0,074800 4,997310
0,074900 4,997337
0,075000 4,997364
0,075100 4,997390
0,075200 4,997416
0,075300 4,997442
0,075400 4,997468
0,075500 4,997493
0,075600 4,997518
0,075700 4,997543
0,075800 4,997567
0,075900 4,997592
0,076000 4,997616
0,076100 4,997640
0,076200 4,997663
0,076300 4,997687
0,076400 4,997710
0,076500 4,997733
0,076600 4,997755
0,076700 4,997778
0,076800 4,997800
0,076900 4,997822
0,077000 4,997844
0,077100 4,997865
0,077200 4,997887
0,077300 4,997908
0,077400 4,997929
0,077500 4,997949
0,077600 4,997970
0,077700 4,997990
0,077800 4,998010
0,077900 4,998030
0,078000 4,998050
0,078100 4,998069
0,078200 4,998089
0,078300 4,998108
0,078400 4,998127
0,078500 4,998145
0,078600 4,998164
0,078700 4,998182
0,078800 4,998201
0,078900 4,998219
0,079000 4,998236
0,079100 4,998254
0,079200 4,998271
0,079300 4,998289
0,079400 4,998306
0,079500 4,998323
0,079600 4,998340
0,079700 4,998356
0,079800 4,998373
0,079900 4,998389
0,080000 4,998405
0,080100 4,998421
0,080200 4,998437
0,080300 4,998452
0,080400 4,998468
0,080500 4,998483
0,080600 4,998498
0,080700 4,998513
0,080800 4,998528
0,080900 4,998543
0,081000 4,998558
0,081100 4,998572
0,081200 4,998586
0,081300 4,998600
0,081400 4,998614
0,081500 4,998628
0,081600 4,998642
0,081700 4,998656
0,081800 4,998669
0,081900 4,998682
0,082000 4,998695
0,082100 4,998708
0,082200 4,998721
0,082300 4,998734
0,082400 4,998747
0,082500 4,998759
0,082600 4,998772
0,082700 4,998784
0,082800 4,998796
0,082900 4,998808
0,083000 4,998820
0,083100 4,998832
0,083200 4,998844
0,083300 4,998855
0,083400 4,998867
0,083500 4,998878
0,083600 4,998889
0,083700 4,998900
0,083800 4,998911
0,083900 4,998922
0,084000 4,998933
0,084100 4,998944
0,084200 4,998954
0,084300 4,998965
0,084400 4,998975
0,084500 4,998985
0,084600 4,998995
0,084700 4,999005
0,084800 4,999015
0,084900 4,999025
0,085000 4,999035
0,085100 4,999045
0,085200 4,999054
0,085300 4,999064
0,085400 4,999073
0,085500 4,999082
0,085600 4,999091
0,085700 4,999101
0,085800 4,999110
0,085900 4,999118
0,086000 4,999127
0,086100 4,999136
0,086200 4,999145
0,086300 4,999153
0,086400 4,999162
0,086500 4,999170
0,086600 4,999178
0,086700 4,999187
0,086800 4,999195
0,086900 4,999203
0,087000 4,999211
0,087100 4,999219
0,087200 4,999226
0,087300 4,999234
0,087400 4,999242
0,087500 4,999249
0,087600 4,999257
0,087700 4,999264
0,087800 4,999272
0,087900 4,999279
0,088000 4,999286
0,088100 4,999293
0,088200 4,999300
0,088300 4,999307
0,088400 4,999314
0,088500 4,999321
0,088600 4,999328
0,088700 4,999335
0,088800 4,999341
0,088900 4,999348
0,089000 4,999354
0,089100 4,999361
0,089200 4,999367
0,089300 4,999374
0,089400 4,999380
0,089500 4,999386
0,089600 4,999392
0,089700 4,999398
0,089800 4,999404
0,089900 4,999410
0,090000 4,999416
0,090100 4,999422
0,090200 4,999428
0,090300 4,999434
0,090400 4,999439
0,090500 4,999445
0,090600 4,999450
0,090700 4,999456
0,090800 4,999461
0,090900 4,999467
0,091000 4,999472
0,091100 4,999477
0,091200 4,999483
0,091300 4,999488
0,091400 4,999493
0,091500 4,999498
0,091600 4,999503
0,091700 4,999508
0,091800 4,999513
0,091900 4,999518
0,092000 4,999522
0,092100 4,999527
0,092200 4,999532
0,092300 4,999537
0,092400 4,999541
0,092500 4,999546
0,092600 4,999550
0,092700 4,999555
0,092800 4,999559
0,092900 4,999564
0,093000 4,999568
0,093100 4,999572
0,093200 4,999577
0,093300 4,999581
0,093400 4,999585
0,093500 4,999589
0,093600 4,999593
0,093700 4,999597
0,093800 4,999602
0,093900 4,999605
0,094000 4,999609
0,094100 4,999613
0,094200 4,999617
0,094300 4,999621
0,094400 4,999625
0,094500 4,999629
0,094600 4,999632
0,094700 4,999636
0,094800 4,999640
0,094900 4,999643
0,095000 4,999647
0,095100 4,999650
0,095200 4,999654
0,095300 4,999657
0,095400 4,999661
0,095500 4,999664
0,095600 4,999667
0,095700 4,999671
0,095800 4,999674
0,095900 4,999677
0,096000 4,999681
0,096100 4,999684
0,096200 4,999687
0,096300 4,999690
0,096400 4,999693
0,096500 4,999696
0,096600 4,999699
0,096700 4,999702
0,096800 4,999705
0,096900 4,999708
0,097000 4,999711
0,097100 4,999714
0,097200 4,999717
0,097300 4,999720
0,097400 4,999722
0,097500 4,999725
0,097600 4,999728
0,097700 4,999731
0,097800 4,999733
0,097900 4,999736
0,098000 4,999739
0,098100 4,999741
0,098200 4,999744
0,098300 4,999746
0,098400 4,999749
0,098500 4,999752
0,098600 4,999754
0,098700 4,999756
0,098800 4,999759
0,098900 4,999761
0,099000 4,999764
0,099100 4,999766
0,099200 4,999768
0,099300 4,999771
0,099400 4,999773
0,099500 4,999775
0,099600 4,999778
0,099700 4,999780
0,099800 4,999782
0,099900 4,999784
